0.0 -0.0 
21568.0 -6105.19989669323 
21568.0 -6105.19989669323 
0.0 -0.0 
937.0 -714.5999878644943 
4334.0 -2314.6999606490135 
4160.0 -1801.099969446659 
9198.0 -3821.7999351024628 
9461.0 -4150.799929499626 
2462.0 -1303.7999778985977 
7763.0 -3618.4999385476112 
5978.0 -2714.8999539017677 
720.0 -434.5999926328659 
10753.0 -4508.099923431873 
5410.0 -2651.5999549627304 
3030.0 -1367.099976837635 
6664.0 -3183.8999459147453 
8331.0 -3681.7999374866486 
21057.0 -6042.199897766113 
3267.0 -1583.7999731302261 
7633.0 -3401.499942243099 
365.0 -357.29999393224716 
5255.0 -2434.5999586582184 
10623.0 -4291.099927127361 
6509.0 -2966.8999496102333 
6189.0 -2966.5999495983124 
20274.0 -6041.899897754192 
1965.0 -889.5999848842621 
17481.0 -5710.7999032735825 
2059.0 -1086.4999815821648 
2332.0 -1086.7999815940857 
18243.0 -5837.699901163578 
3794.0 -1661.0999718308449 
7288.0 -3401.1999422311783 
15481.0 -5330.9999096393585 
15839.0 -5394.599908590317 
210.0 -63.29999893903732 
18703.0 -5837.999901175499 
10278.0 -4290.79992711544 
8920.0 -3808.399935364723 
10029.0 -4214.0999284386635 
1703.0 -869.1999852657318 
12294.0 -4761.299919188023 
18855.0 -5914.999899864197 
1703.0 -869.1999852657318 
11657.0 -4634.699921309948 
7230.0 -3184.1999459266663 
19709.0 -5978.599898815155 
19915.0 -6041.599897742271 
4935.0 -2434.2999586462975 
17230.0 -5647.499904334545 
21349.0 -6104.899896681309 
19245.0 -5915.299899876118 
15125.0 -5267.699910700321 
14877.0 -5204.699911773205 
19350.0 -5978.299898803234 
14115.0 -5014.799914956093 
16630.0 -5521.199906468391 
16280.0 -5520.8999064564705 
17185.0 -5584.499905407429 
16735.0 -5584.199905395508 
14436.0 -5141.099912822247 
4160.0 -1801.099969446659 
14646.0 -5204.399911761284 
245.0 -217.29999631643295 
13748.0 -5014.499914944172 
12942.0 -4824.899918138981 
17903.0 -5774.399902224541 
3794.0 -1661.0999718308449 
8580.0 -3758.4999361634254 
11910.0 -4697.999920248985 
4935.0 -2434.2999586462975 
4334.0 -2314.6999606490135 
13412.0 -4951.199916005135 
13307.0 -4888.199917078018 
13047.0 -4887.899917066097 
15371.0 -5267.999910712242 
11321.0 -4571.399922370911 
17903.0 -5774.399902224541 
16175.0 -5457.899907529354 
13675.0 -4951.4999160170555 
15944.0 -5457.599907517433 
12617.0 -4824.59991812706 
7232.0 -3247.1999448537827 
14203.0 -5077.799913883209 
245.0 -217.29999631643295 
3267.0 -1583.7999731302261 
720.0 -434.5999926328659 
9461.0 -4150.799929499626 
11910.0 -4697.999920248985 
10029.0 -4214.0999284386635 
3030.0 -1367.099976837635 
14422.0 -5078.09991389513 
11321.0 -4571.399922370911 
11552.0 -4571.699922382832 
12512.0 -4761.5999191999435 
5978.0 -2714.8999539017677 
8580.0 -3758.4999361634254 
5410.0 -2651.5999549627304 
10753.0 -4508.099923431873 
