#NumeroVariables
150
#TiposEntradas
3
#NumberOfObjectives
2
#NumberOfConstraints
1
#CostoEntradas
813 618 87 
737 297 642 
769 553 965 
104 325 253 
975 382 930 
176 985 107 
936 425 90 
902 386 600 
594 229 195 
275 321 811 
745 973 66 
351 258 51 
304 146 711 
989 151 110 
898 307 186 
993 275 620 
923 495 852 
97 194 443 
809 257 682 
197 536 235 
666 548 972 
914 192 221 
59 52 151 
786 106 231 
323 837 948 
789 743 377 
501 186 214 
549 178 427 
684 414 115 
505 257 864 
722 288 317 
79 384 650 
211 205 531 
382 975 246 
727 606 386 
934 86 781 
752 584 300 
898 481 118 
303 299 603 
869 82 998 
149 162 120 
957 61 906 
422 638 966 
855 847 373 
73 667 801 
205 217 256 
697 761 536 
641 976 421 
570 914 451 
552 365 716 
354 949 329 
516 221 547 
147 612 529 
97 370 440 
805 218 792 
425 458 883 
84 594 831 
987 963 369 
183 930 511 
898 940 137 
559 776 813 
961 976 677 
692 577 536 
270 928 603 
263 770 877 
141 876 839 
456 672 115 
640 513 867 
539 57 351 
681 504 743 
819 380 527 
432 485 721 
571 269 571 
232 537 705 
344 664 339 
694 544 150 
421 768 664 
866 600 999 
857 701 520 
462 100 276 
415 351 151 
939 355 87 
828 155 411 
828 255 773 
692 441 791 
504 784 136 
839 624 989 
951 679 158 
711 996 99 
815 401 664 
447 202 548 
173 104 415 
746 545 610 
123 280 53 
638 604 88 
688 149 591 
438 595 919 
216 292 640 
239 150 590 
683 181 835 
164 899 561 
997 431 524 
753 749 200 
441 792 938 
848 457 870 
737 667 277 
461 966 54 
372 855 516 
214 191 238 
591 715 289 
108 461 860 
614 209 789 
552 270 708 
689 637 449 
985 296 643 
262 563 151 
981 482 881 
409 926 291 
414 796 508 
135 383 221 
139 885 956 
406 898 791 
425 63 464 
210 385 452 
882 333 273 
179 578 437 
565 345 495 
287 565 639 
572 746 598 
496 420 356 
144 648 899 
631 403 559 
574 649 82 
740 685 752 
763 669 746 
811 991 688 
65 450 57 
382 114 141 
516 190 882 
343 285 589 
230 278 398 
845 742 420 
406 455 669 
783 517 324 
497 584 321 
437 792 547 
361 662 683 
439 202 775 
913 688 856 
987 85 997 
#Cantidad de ciudades
10
#Nombre de las ciudades
Ciudad 0
Ciudad 1
Ciudad 2
Ciudad 3
Ciudad 4
Ciudad 5
Ciudad 6
Ciudad 7
Ciudad 8
Ciudad 9
#Costo de la estadia por ciudad
315 
401 
385 
188 
926 
357 
642 
620 
206 
714 
#Fechas de eventos - DIA MES AÑO HORAS MINUTOS
14 11 2017 19 44
15 11 2017 11 44
17 11 2017 7 44
18 11 2017 4 44
19 11 2017 2 44
20 11 2017 22 44
22 11 2017 17 44
24 11 2017 10 44
25 11 2017 19 44
26 11 2017 1 44
26 11 2017 14 44
28 11 2017 10 44
29 11 2017 5 44
30 11 2017 13 44
2 0 2018 11 44
3 0 2018 19 44
6 0 2018 18 44
9 0 2018 10 44
10 0 2018 12 44
11 0 2018 0 44
13 0 2018 23 44
15 0 2018 19 44
17 0 2018 5 44
17 0 2018 10 44
19 0 2018 13 44
22 0 2018 12 44
25 0 2018 6 44
27 0 2018 21 44
30 0 2018 18 44
2 1 2018 6 44
3 1 2018 7 44
5 1 2018 20 44
6 1 2018 17 44
7 1 2018 22 44
9 1 2018 1 44
11 1 2018 4 44
12 1 2018 7 44
14 1 2018 20 44
15 1 2018 18 44
16 1 2018 2 44
18 1 2018 16 44
20 1 2018 16 44
20 1 2018 23 44
21 1 2018 11 44
21 1 2018 14 44
24 1 2018 11 44
26 1 2018 6 44
26 1 2018 21 44
28 1 2018 9 44
1 2 2018 4 44
3 2 2018 9 44
5 2 2018 10 44
7 2 2018 3 44
9 2 2018 11 44
11 2 2018 19 44
12 2 2018 13 44
14 2 2018 5 44
14 2 2018 21 44
17 2 2018 12 44
18 2 2018 5 44
19 2 2018 3 44
21 2 2018 17 44
24 2 2018 3 44
25 2 2018 22 44
27 2 2018 23 44
30 2 2018 16 44
1 3 2018 6 44
2 3 2018 15 44
3 3 2018 11 44
4 3 2018 22 44
6 3 2018 22 44
7 3 2018 9 44
8 3 2018 17 44
11 3 2018 13 44
12 3 2018 1 44
14 3 2018 7 44
15 3 2018 11 44
17 3 2018 9 44
17 3 2018 14 44
17 3 2018 23 44
18 3 2018 23 44
20 3 2018 18 44
21 3 2018 5 44
23 3 2018 12 44
24 3 2018 4 44
26 3 2018 12 44
28 3 2018 11 44
30 3 2018 15 44
2 4 2018 6 44
4 4 2018 22 44
5 4 2018 9 44
8 4 2018 5 44
8 4 2018 10 44
11 4 2018 6 44
13 4 2018 19 44
15 4 2018 22 44
17 4 2018 14 44
18 4 2018 7 44
19 4 2018 5 44
20 4 2018 2 44
22 4 2018 10 44
22 4 2018 22 44
23 4 2018 7 44
24 4 2018 2 44
26 4 2018 14 44
26 4 2018 22 44
27 4 2018 14 44
30 4 2018 2 44
31 4 2018 14 44
1 5 2018 18 44
2 5 2018 17 44
3 5 2018 13 44
5 5 2018 17 44
6 5 2018 19 44
9 5 2018 0 44
11 5 2018 2 44
12 5 2018 18 44
14 5 2018 6 44
15 5 2018 2 44
16 5 2018 12 44
17 5 2018 0 44
18 5 2018 15 44
21 5 2018 14 44
23 5 2018 0 44
24 5 2018 11 44
26 5 2018 5 44
27 5 2018 20 44
29 5 2018 21 44
30 5 2018 18 44
3 6 2018 2 44
5 6 2018 23 44
7 6 2018 3 44
7 6 2018 8 44
10 6 2018 7 44
12 6 2018 7 44
15 6 2018 3 44
17 6 2018 22 44
18 6 2018 14 44
19 6 2018 9 44
22 6 2018 6 44
22 6 2018 18 44
22 6 2018 22 44
23 6 2018 16 44
24 6 2018 23 44
27 6 2018 2 44
27 6 2018 23 44
28 6 2018 10 44
30 6 2018 18 44
1 7 2018 0 44
3 7 2018 8 44
#Ciudad donde se realiza cada partido
0
5
2
9
1
5
4
2
7
6
1
1
4
7
3
4
4
2
3
7
4
2
0
4
0
2
1
1
0
5
7
9
2
4
0
1
6
9
5
5
8
0
0
5
9
6
7
5
1
9
9
8
2
8
6
8
2
8
2
3
2
9
2
3
2
3
6
2
6
4
6
6
3
3
5
8
3
7
2
4
2
4
3
4
4
7
1
8
3
0
2
5
1
0
9
5
6
0
6
5
5
1
3
4
7
1
8
5
0
9
4
0
0
6
3
8
9
9
3
7
9
1
1
6
9
4
6
5
2
1
0
6
3
3
0
0
9
7
0
6
9
7
9
6
9
7
5
4
8
8
#Relevancias por partido y tipo de entrada
928 963 1262 
1473 1482 1486 
499 996 1226 
1122 1299 1391 
944 988 1187 
1382 1386 1436 
1415 1467 1488 
1104 1466 1478 
1291 1312 1329 
1380 1494 1499 
1413 1434 1439 
1217 1276 1430 
1086 1452 1475 
1131 1224 1447 
713 1451 1468 
1195 1335 1401 
1395 1445 1497 
1476 1499 1499 
734 893 1246 
1362 1417 1475 
1185 1467 1487 
1349 1426 1441 
1010 1124 1485 
1271 1276 1395 
1384 1415 1437 
785 1193 1368 
759 873 1378 
1364 1376 1437 
1497 1499 1499 
632 1225 1240 
637 704 956 
737 1392 1489 
1436 1491 1497 
1479 1490 1496 
1494 1494 1497 
1290 1409 1489 
1478 1490 1495 
1436 1438 1474 
1021 1330 1439 
1101 1442 1442 
1263 1324 1351 
1043 1404 1427 
1344 1349 1393 
1312 1485 1499 
1450 1482 1493 
1361 1368 1458 
1300 1346 1413 
858 963 1439 
885 1157 1272 
1303 1494 1497 
1263 1445 1482 
1348 1490 1492 
1003 1035 1431 
1473 1485 1487 
1244 1407 1434 
702 1457 1468 
1044 1451 1462 
1104 1141 1332 
1342 1438 1469 
847 1190 1456 
1365 1384 1488 
806 1199 1285 
865 1230 1232 
1053 1351 1375 
1352 1363 1399 
855 1429 1470 
1474 1499 1499 
1236 1279 1299 
740 764 822 
1119 1485 1497 
1334 1490 1498 
1041 1241 1387 
1407 1488 1495 
1499 1499 1499 
1452 1474 1492 
378 734 956 
1384 1489 1494 
1460 1491 1492 
1403 1417 1477 
1221 1274 1499 
1008 1465 1469 
1472 1490 1496 
1262 1335 1336 
1355 1470 1491 
996 1168 1490 
881 1208 1221 
1063 1224 1477 
1490 1492 1495 
1437 1491 1491 
927 1232 1268 
989 1020 1379 
1247 1310 1487 
1395 1459 1497 
969 1014 1212 
1449 1462 1476 
1376 1437 1490 
1412 1418 1428 
1251 1406 1469 
997 1332 1393 
992 1133 1184 
1351 1368 1457 
1287 1405 1437 
1140 1260 1284 
1130 1155 1169 
966 974 1295 
1268 1312 1458 
1316 1336 1459 
1191 1359 1408 
850 1118 1329 
1202 1432 1489 
1365 1420 1468 
614 861 937 
1410 1499 1499 
1189 1498 1498 
769 851 1333 
1000 1136 1475 
635 1170 1457 
899 1214 1382 
1038 1149 1457 
699 1435 1472 
1061 1289 1365 
1384 1389 1418 
1415 1430 1488 
1348 1449 1449 
1301 1458 1458 
891 1301 1338 
1404 1494 1499 
1023 1044 1217 
1466 1477 1499 
1077 1240 1342 
635 1208 1480 
1268 1399 1463 
1499 1499 1499 
1049 1087 1121 
1255 1257 1317 
1221 1396 1495 
1314 1314 1448 
1231 1290 1343 
1342 1487 1495 
1481 1490 1499 
1339 1349 1416 
1250 1309 1434 
1344 1385 1455 
1415 1464 1487 
1098 1449 1490 
643 1321 1324 
1071 1351 1445 
863 1052 1100 
1494 1495 1498 
1082 1347 1352 
# Peso de la relevancia del partido sobre el puntaje de la solucion ( valor / 10)
7
# Peso de la cantidad de partidos sobre el puntaje de la solucion (valor / 10)
3
#Costo de vuelos entre ciudades
0 465 383 353 466 384 250 433 182 481 
127 0 468 132 416 435 283 380 288 253 
236 471 0 399 444 243 272 474 338 416 
175 338 439 0 478 164 182 460 424 337 
194 355 355 101 0 202 283 250 134 418 
403 341 262 330 484 0 383 155 408 358 
374 276 138 286 418 207 0 288 355 231 
423 162 262 400 495 172 383 0 331 262 
423 275 379 449 264 343 338 130 0 230 
103 317 323 389 224 345 292 493 376 0 
#Tiempo de vuelo entre ciudades
0 7.0 8.0 4.0 11.0 5.0 8.0 6.0 4.0 5.0 
10.0 0 6.0 11.0 11.0 7.0 5.0 7.0 8.0 4.0 
5.0 9.0 0 9.0 10.0 11.0 11.0 6.0 6.0 3.0 
11.0 10.0 8.0 0 4.0 4.0 4.0 5.0 11.0 10.0 
3.0 9.0 10.0 7.0 0 5.0 4.0 2.0 5.0 2.0 
10.0 11.0 11.0 2.0 11.0 0 6.0 2.0 7.0 2.0 
6.0 11.0 6.0 2.0 10.0 3.0 0 10.0 10.0 11.0 
2.0 5.0 6.0 3.0 8.0 9.0 11.0 0 11.0 6.0 
9.0 6.0 9.0 8.0 6.0 10.0 8.0 2.0 0 6.0 
10.0 4.0 8.0 2.0 7.0 9.0 9.0 7.0 11.0 0 
