0.0 -0.0 
34698.0 -27406.799533724785 
34698.0 -27406.799533724785 
0.0 -0.0 
346.0 -2063.499964892864 
5741.0 -7223.599877119064 
1917.0 -3917.699933350086 
2707.0 -4149.399929404259 
6060.0 -7954.3998646736145 
1283.0 -2095.6999643445015 
14139.0 -15195.199741482735 
19562.0 -20435.799652338028 
25835.0 -25410.099567711353 
9076.0 -10301.699824750423 
7147.0 -9000.499846875668 
27357.0 -26065.599556565285 
24656.0 -24771.39957857132 
1755.0 -3112.3999470472336 
3784.0 -5906.29989951849 
1297.0 -3057.799947977066 
9250.0 -11020.59981250763 
2869.0 -4954.699915707111 
59.0 -1049.5999821424484 
26407.0 -25797.89956110716 
14230.0 -15860.499730169773 
5032.0 -6904.799882531166 
21846.0 -22352.299619734287 
13240.0 -14180.59975874424 
17321.0 -18272.899689137936 
30258.0 -27219.199536919594 
11124.0 -12367.999789595604 
15904.0 -17225.399706959724 
27895.0 -26500.299549162388 
12575.0 -13417.599771738052 
32164.0 -27352.899534642696 
22898.0 -23002.599608659744 
6769.0 -8273.199859261513 
12193.0 -13091.099777281284 
24330.0 -24413.699584662914 
15195.0 -16906.599712371826 
55.0 -1020.1999826431274 
31188.0 -27274.49953597784 
23110.0 -23431.299601376057 
7671.0 -9050.199846029282 
20626.0 -21369.89963644743 
18595.0 -20007.099659621716 
13425.0 -14824.199747800827 
8100.0 -9319.999841451645 
20814.0 -21714.299630582333 
3573.0 -5105.899913132191 
20325.0 -21029.39964222908 
26863.0 -25862.299560010433 
24178.0 -24020.999591350555 
14808.0 -15919.299729168415 
25398.0 -25003.399574637413 
8611.0 -9983.599830150604 
10751.0 -12110.799793958664 
10249.0 -11745.399800181389 
18588.0 -19282.599671959877 
16194.0 -17631.399700045586 
19815.0 -20989.499642908573 
15099.0 -16189.099724590778 
28456.0 -26965.09954124689 
23694.0 -23898.899593412876 
11635.0 -13031.599778294563 
17441.0 -18915.499678194523 
23298.0 -23775.69959551096 
29375.0 -27044.199539899826 
21467.0 -22060.099624693394 
28231.0 -26561.899548113346 
6763.0 -8172.099860966206 
4250.0 -5915.399899363518 
15531.0 -16968.199711322784 
9823.0 -11021.299812495708 
4493.0 -6225.099894106388 
21459.0 -21743.699630081654 
31523.0 -27310.899535357952 
22078.0 -22793.299612224102 
28881.0 -26990.299540817738 
32894.0 -27390.699533998966 
33716.0 -27403.29953378439 
13278.0 -14823.499747812748 
34125.0 -27406.099533736706 
16962.0 -18105.299691975117 
8146.0 -9725.299834549427 
10543.0 -11848.299798429012 
16626.0 -18043.69969302416 
16221.0 -17933.099694907665 
12708.0 -14058.099760830402 
12658.0 -13892.899763643742 
5032.0 -6904.799882531166 
4493.0 -6225.099894106388 
3290.0 -4967.999915480614 
22336.0 -22903.199610352516 
33117.0 -27401.89953380823 
29974.0 -27045.599539875984 
18931.0 -20068.699658572674 
17846.0 -19026.099676311016 
8482.0 -9786.899833500385 
18271.0 -19085.599675297737 
