0.0 -0.0 
34698.0 -27406.799533724785 
0.0 -0.0 
34698.0 -27406.799533724785 
32954.0 -27396.2995339036 
3573.0 -5105.899913132191 
2869.0 -4954.699915707111 
5004.0 -6888.699882805347 
1917.0 -3917.699933350086 
9076.0 -10301.699824750423 
12855.0 -14058.799760818481 
7147.0 -9000.499846875668 
1283.0 -2095.6999643445015 
21246.0 -21802.499629080296 
4825.0 -6278.2998932003975 
3784.0 -5906.29989951849 
22760.0 -22989.299608886242 
6769.0 -8273.199859261513 
1755.0 -3112.3999470472336 
30752.0 -27273.099536001682 
15195.0 -16906.599712371826 
1297.0 -3057.799947977066 
20524.0 -21308.29963749647 
13278.0 -14823.499747812748 
16051.0 -17226.099706947803 
14230.0 -15860.499730169773 
59.0 -1049.5999821424484 
16221.0 -17933.099694907665 
15099.0 -16189.099724590778 
25250.0 -24942.899575650692 
24666.0 -24475.299583613873 
8146.0 -9725.299834549427 
346.0 -2063.499964892864 
6060.0 -7954.3998646736145 
21818.0 -22383.099619209766 
23110.0 -23431.299601376057 
5713.0 -7207.499877393246 
14139.0 -15195.199741482735 
22078.0 -22793.299612224102 
2707.0 -4149.399929404259 
11124.0 -12367.999789595604 
24131.0 -23968.199592232704 
13240.0 -14180.59975874424 
55.0 -1020.1999826431274 
10295.0 -11400.999806046486 
11414.0 -12773.999782681465 
17262.0 -18305.099688589573 
19594.0 -20731.899647295475 
20814.0 -21714.299630582333 
27149.0 -26029.899557173252 
13734.0 -15084.599743366241 
9250.0 -11020.59981250763 
8123.0 -9103.399845123291 
28059.0 -26868.49954289198 
26308.0 -25841.99956035614 
6045.0 -7260.699876487255 
14762.0 -15982.99972808361 
9959.0 -11339.399807095528 
10415.0 -12049.199795007706 
27439.0 -26435.899550259113 
15727.0 -17029.099710285664 
19304.0 -20325.899654209614 
32680.0 -27280.099535882473 
12344.0 -13350.399772882462 
17441.0 -18915.499678194523 
24330.0 -24413.699584662914 
26024.0 -25470.999566674232 
27870.0 -26464.599549770355 
29589.0 -27066.599539518356 
31863.0 -27278.699535906315 
9494.0 -11021.299812495708 
10868.0 -12061.799794793129 
16626.0 -18043.69969302416 
20059.0 -20990.199642896652 
12055.0 -13074.299777567387 
19092.0 -20137.999657392502 
17846.0 -19026.099676311016 
18150.0 -19234.29967278242 
6722.0 -7957.89986461401 
7746.0 -9001.899846851826 
18595.0 -20007.099659621716 
30228.0 -27223.39953684807 
2545.0 -4056.2999309897423 
26790.0 -25890.299559533596 
23634.0 -23837.299594461918 
23298.0 -23775.69959551096 
25641.0 -24963.899575293064 
25688.0 -25409.399567723274 
11635.0 -13031.599778294563 
18555.0 -19344.899670898914 
635.0 -2090.099964439869 
16930.0 -18251.899689495564 
4307.0 -5981.19989824295 
28851.0 -26994.499540746212 
28851.0 -26994.499540746212 
18558.0 -19686.4996650815 
12344.0 -13350.399772882462 
8593.0 -9978.69983023405 
29857.0 -27110.699538767338 
31863.0 -27278.699535906315 
