0.0 -0.0 
34698.0 -27406.799533724785 
0.0 -0.0 
34698.0 -27406.799533724785 
7147.0 -9000.499846875668 
346.0 -2063.499964892864 
9076.0 -10301.699824750423 
8285.0 -9974.499830305576 
2869.0 -4954.699915707111 
6763.0 -8172.099860966206 
18440.0 -19640.299665868282 
15099.0 -16189.099724590778 
15195.0 -16906.599712371826 
25224.0 -24893.199576497078 
1917.0 -3917.699933350086 
31032.0 -27294.099535644054 
12708.0 -14058.099760830402 
1297.0 -3057.799947977066 
3573.0 -5105.899913132191 
12443.0 -13400.799772024155 
1755.0 -3112.3999470472336 
19061.0 -20016.199659466743 
20524.0 -21308.29963749647 
13278.0 -14823.499747812748 
3784.0 -5906.29989951849 
27500.0 -26470.899549663067 
2707.0 -4149.399929404259 
9250.0 -11020.59981250763 
59.0 -1049.5999821424484 
13240.0 -14180.59975874424 
9959.0 -11339.399807095528 
24656.0 -24771.39957857132 
4660.0 -6151.999895334244 
18150.0 -19234.29967278242 
14139.0 -15195.199741482735 
1283.0 -2095.6999643445015 
23537.0 -23796.69959515333 
19585.0 -20065.899658620358 
33171.0 -27392.099533975124 
26308.0 -25841.99956035614 
16159.0 -17161.69970804453 
19594.0 -20731.899647295475 
29125.0 -27007.099540531635 
55.0 -1020.1999826431274 
16969.0 -17970.199694275856 
25688.0 -25409.399567723274 
8083.0 -9105.79984509945 
10295.0 -11400.999806046486 
14230.0 -15860.499730169773 
13734.0 -15084.599743366241 
30252.0 -27053.299539744854 
8100.0 -9319.999841451645 
14566.0 -15922.099729120731 
10415.0 -12049.199795007706 
34099.0 -27405.399533748627 
24366.0 -24365.39958548546 
17441.0 -18915.499678194523 
32141.0 -27309.499535381794 
11460.0 -12429.599788546562 
11644.0 -12912.599780321121 
28394.0 -26650.09954661131 
4120.0 -5967.899898469448 
29394.0 -27013.399540424347 
28419.0 -26685.79954600334 
4783.0 -6631.099887192249 
27376.0 -25895.89955943823 
27102.0 -25883.299559652805 
24040.0 -24007.699591577053 
10868.0 -12061.799794793129 
17777.0 -18977.09967714548 
22078.0 -22793.299612224102 
20814.0 -21714.299630582333 
21088.0 -21726.899630367756 
30433.0 -27240.199536561966 
2286.0 -4136.099929630756 
16221.0 -17933.099694907665 
23266.0 -23479.599600553513 
5368.0 -6966.399881482124 
6003.0 -7613.499870479107 
11124.0 -12367.999789595604 
23008.0 -23369.6996024251 
32141.0 -27309.499535381794 
16178.0 -17237.999706745148 
12301.0 -13026.69977837801 
5119.0 -6692.699886143208 
22561.0 -22855.59961116314 
21788.0 -22387.29961913824 
5368.0 -6966.399881482124 
6526.0 -7963.499864518642 
1066.0 -2080.299964606762 
6060.0 -7954.3998646736145 
22938.0 -22904.599610328674 
33466.0 -27399.099533855915 
17359.0 -18340.099687993526 
26210.0 -25471.69956666231 
6003.0 -7613.499870479107 
17266.0 -18313.49968844652 
19815.0 -20989.499642908573 
22027.0 -22408.299618780613 
11903.0 -13021.799778461456 
