0.0 -0.0 
34698.0 -27406.799533724785 
0.0 -0.0 
34698.0 -27406.799533724785 
346.0 -2063.499964892864 
9959.0 -11339.399807095528 
10415.0 -12049.199795007706 
1283.0 -2095.6999643445015 
9250.0 -11020.59981250763 
3573.0 -5105.899913132191 
15195.0 -16906.599712371826 
2869.0 -4954.699915707111 
32993.0 -27396.2995339036 
18440.0 -19640.299665868282 
25517.0 -24912.099576175213 
19304.0 -20325.899654209614 
5627.0 -6952.399881720543 
15904.0 -17225.399706959724 
3784.0 -5906.29989951849 
24656.0 -24771.39957857132 
30780.0 -27256.999536275864 
1297.0 -3057.799947977066 
17851.0 -19041.499676048756 
18595.0 -20007.099659621716 
34425.0 -27400.499533832073 
9076.0 -10301.699824750423 
32469.0 -27346.599534749985 
15099.0 -16189.099724590778 
11247.0 -12115.699793875217 
13278.0 -14823.499747812748 
2707.0 -4149.399929404259 
59.0 -1049.5999821424484 
24330.0 -24413.699584662914 
12552.0 -13180.999775767326 
11414.0 -12773.999782681465 
13240.0 -14180.59975874424 
14230.0 -15860.499730169773 
7147.0 -9000.499846875668 
27439.0 -26435.899550259113 
20814.0 -21714.299630582333 
14139.0 -15195.199741482735 
1755.0 -3112.3999470472336 
29153.0 -26934.299541771412 
22078.0 -22793.299612224102 
4783.0 -6631.099887192249 
1917.0 -3917.699933350086 
55.0 -1020.1999826431274 
26347.0 -25841.99956035614 
22848.0 -22909.499610245228 
8352.0 -9506.899838268757 
19594.0 -20731.899647295475 
29811.0 -27158.999537944794 
20732.0 -21138.899640381336 
13734.0 -15084.599743366241 
21371.0 -21824.199628710747 
21912.0 -22040.49962502718 
4493.0 -6225.099894106388 
24040.0 -24007.699591577053 
14754.0 -15910.199729323387 
12634.0 -13756.399765968323 
5032.0 -6904.799882531166 
7856.0 -9319.299841463566 
17220.0 -18657.899682581425 
16194.0 -17631.399700045586 
27895.0 -26500.299549162388 
12708.0 -14058.099760830402 
23008.0 -23369.6996024251 
28434.0 -26930.099541842937 
19815.0 -20989.499642908573 
17559.0 -18961.69967740774 
27163.0 -25886.7995595932 
6060.0 -7954.3998646736145 
7746.0 -9001.899846851826 
6763.0 -8172.099860966206 
16626.0 -18043.69969302416 
8785.0 -10031.89982932806 
20286.0 -21077.699641406536 
25896.0 -25445.099567115307 
8367.0 -9982.899830162525 
12000.0 -13021.799778461456 
2286.0 -4136.099929630756 
28098.0 -26868.49954289198 
25749.0 -25444.399567127228 
31442.0 -27276.599535942078 
23266.0 -23479.599600553513 
29700.0 -27049.79953980446 
6769.0 -8273.199859261513 
22352.0 -22805.899612009525 
11966.0 -12777.49978262186 
6031.0 -7629.5998702049255 
26743.0 -25859.499560058117 
16930.0 -18251.899689495564 
4307.0 -5981.19989824295 
6031.0 -7629.5998702049255 
21738.0 -22027.899625241756 
17204.0 -18264.499689280987 
16221.0 -17933.099694907665 
23703.0 -23886.299593627453 
31442.0 -27276.599535942078 
23445.0 -23776.39959549904 
