0.0 -0.0 
34698.0 -27406.799533724785 
34698.0 -27406.799533724785 
0.0 -0.0 
346.0 -2063.499964892864 
15195.0 -16906.599712371826 
2707.0 -4149.399929404259 
1917.0 -3917.699933350086 
7147.0 -9000.499846875668 
24330.0 -24413.699584662914 
9959.0 -11339.399807095528 
5004.0 -6888.699882805347 
6060.0 -7954.3998646736145 
3573.0 -5105.899913132191 
10415.0 -12049.199795007706 
27801.0 -26758.599544763565 
7856.0 -9319.299841463566 
16051.0 -17226.099706947803 
19594.0 -20731.899647295475 
11124.0 -12367.999789595604 
3784.0 -5906.29989951849 
23556.0 -23885.599593639374 
27121.0 -25972.199558138847 
5741.0 -7223.599877119064 
11635.0 -13031.599778294563 
17220.0 -18657.899682581425 
9076.0 -10301.699824750423 
27475.0 -26435.199550271034 
6977.0 -8286.499859035015 
26369.0 -25876.999559760094 
59.0 -1049.5999821424484 
1297.0 -3057.799947977066 
18278.0 -19299.399671673775 
12708.0 -14058.099760830402 
9250.0 -11020.59981250763 
21788.0 -22387.29961913824 
13240.0 -14180.59975874424 
23008.0 -23369.6996024251 
20626.0 -21369.89963644743 
26085.0 -25505.999566078186 
33526.0 -27404.699533760548 
1283.0 -2095.6999643445015 
25877.0 -25087.3995732069 
20988.0 -21692.59963095188 
16626.0 -18043.69969302416 
14230.0 -15860.499730169773 
17077.0 -18252.599689483643 
22760.0 -22989.299608886242 
6737.0 -8003.3998638391495 
14139.0 -15195.199741482735 
19304.0 -20325.899654209614 
1755.0 -3112.3999470472336 
2869.0 -4954.699915707111 
15099.0 -16189.099724590778 
55.0 -1020.1999826431274 
24832.0 -24524.299582779408 
32460.0 -27331.899535000324 
14696.0 -15869.599730014801 
29359.0 -27021.799540281296 
12641.0 -13417.599771738052 
13278.0 -14823.499747812748 
32039.0 -27318.599535226822 
29883.0 -27071.49953943491 
18568.0 -19705.399664759636 
23298.0 -23775.69959551096 
5556.0 -6954.49988168478 
33257.0 -27372.49953430891 
19174.0 -20011.99965953827 
12344.0 -13350.399772882462 
4307.0 -5981.19989824295 
11932.0 -13098.799777150154 
9716.0 -11029.699812352657 
10939.0 -12098.89979416132 
22078.0 -22793.299612224102 
30341.0 -27221.29953688383 
25087.0 -24837.89957743883 
17872.0 -18982.699677050114 
8604.0 -9975.199830293655 
4493.0 -6225.099894106388 
30736.0 -27250.699536383152 
21467.0 -22060.099624693394 
18595.0 -20007.099659621716 
28725.0 -26971.399541139603 
1066.0 -2080.299964606762 
8146.0 -9725.299834549427 
20220.0 -21100.099641025066 
16438.0 -17632.099700033665 
21408.0 -21885.799627661705 
13952.0 -15027.899744331837 
13536.0 -14933.399745941162 
22352.0 -22805.899612009525 
28725.0 -26971.399541139603 
16194.0 -17631.399700045586 
3016.0 -4955.39991569519 
8785.0 -10031.89982932806 
20220.0 -21100.099641025066 
31260.0 -27300.399535536766 
4493.0 -6225.099894106388 
17872.0 -18982.699677050114 
25311.0 -24977.899575054646 
