0.0 -0.0 
34698.0 -27406.799533724785 
34698.0 -27406.799533724785 
0.0 -0.0 
32848.0 -27395.59953391552 
3784.0 -5906.29989951849 
9076.0 -10301.699824750423 
32035.0 -27317.199535250664 
12443.0 -13400.799772024155 
21738.0 -22027.899625241756 
4660.0 -6151.999895334244 
10939.0 -12098.89979416132 
20698.0 -21286.59963786602 
346.0 -2063.499964892864 
6977.0 -8286.499859035015 
19815.0 -20989.499642908573 
1283.0 -2095.6999643445015 
3573.0 -5105.899913132191 
1917.0 -3917.699933350086 
11635.0 -13031.599778294563 
1297.0 -3057.799947977066 
25990.0 -25082.499573290348 
26111.0 -25767.09956163168 
1755.0 -3112.3999470472336 
15195.0 -16906.599712371826 
23110.0 -23431.299601376057 
7147.0 -9000.499846875668 
23298.0 -23775.69959551096 
8367.0 -9982.899830162525 
9250.0 -11020.59981250763 
13278.0 -14823.499747812748 
22078.0 -22793.299612224102 
2707.0 -4149.399929404259 
24656.0 -24771.39957857132 
24364.0 -24070.69959050417 
30899.0 -27273.79953598976 
19304.0 -20325.899654209614 
10415.0 -12049.199795007706 
13240.0 -14180.59975874424 
27062.0 -25952.599558472633 
22698.0 -22935.399609804153 
15752.0 -17016.49971050024 
14139.0 -15195.199741482735 
2869.0 -4954.699915707111 
24040.0 -24007.699591577053 
27500.0 -26470.899549663067 
5741.0 -7223.599877119064 
8146.0 -9725.299834549427 
55.0 -1020.1999826431274 
10291.0 -11392.599806189537 
19627.0 -20645.09964877367 
20814.0 -21714.299630582333 
6565.0 -7969.099864423275 
13734.0 -15084.599743366241 
7928.0 -9200.699843466282 
21209.0 -21950.19962656498 
25478.0 -24886.899576604366 
59.0 -1049.5999821424484 
4783.0 -6631.099887192249 
6031.0 -7629.5998702049255 
16162.0 -17335.29970508814 
26743.0 -25859.499560058117 
15099.0 -16189.099724590778 
5450.0 -6953.799881696701 
29644.0 -27133.099538385868 
9823.0 -11021.299812495708 
14488.0 -15970.399728298187 
18869.0 -20019.69965940714 
14230.0 -15860.499730169773 
12659.0 -13773.8997656703 
12708.0 -14058.099760830402 
2286.0 -4136.099929630756 
27811.0 -26496.799549221992 
11414.0 -12773.999782681465 
5004.0 -6888.699882805347 
30610.0 -27198.8995372653 
7671.0 -9050.199846029282 
29116.0 -26981.19954097271 
16221.0 -17933.099694907665 
635.0 -2090.099964439869 
24992.0 -24832.999577522278 
6060.0 -7954.3998646736145 
9959.0 -11339.399807095528 
18013.0 -18975.699677169323 
17427.0 -18382.79968726635 
18595.0 -20007.099659621716 
3143.0 -4967.299915492535 
14939.0 -16179.299724757671 
28198.0 -26855.199543118477 
17441.0 -18915.499678194523 
17185.0 -18188.199690580368 
16794.0 -17933.799694895744 
28137.0 -26820.199543714523 
16194.0 -17631.399700045586 
11414.0 -12773.999782681465 
22391.0 -22805.899612009525 
18440.0 -19640.299665868282 
18440.0 -19640.299665868282 
18150.0 -19234.29967278242 
17559.0 -18961.69967740774 
