0.0 -0.0 
34698.0 -27406.799533724785 
0.0 -0.0 
34698.0 -27406.799533724785 
346.0 -2063.499964892864 
1283.0 -2095.6999643445015 
10249.0 -11745.399800181389 
11124.0 -12367.999789595604 
2707.0 -4149.399929404259 
2869.0 -4954.699915707111 
28851.0 -26994.499540746212 
9774.0 -11070.299811661243 
19815.0 -20989.499642908573 
29903.0 -27133.099538385868 
25517.0 -24946.399575591087 
11635.0 -13031.599778294563 
13240.0 -14180.59975874424 
22078.0 -22793.299612224102 
1297.0 -3057.799947977066 
33526.0 -27404.699533760548 
6769.0 -8273.199859261513 
3573.0 -5105.899913132191 
1755.0 -3112.3999470472336 
15099.0 -16189.099724590778 
14139.0 -15195.199741482735 
31929.0 -27361.299534499645 
9250.0 -11020.59981250763 
12733.0 -13806.799765110016 
10718.0 -12051.299794971943 
5004.0 -6888.699882805347 
7147.0 -9000.499846875668 
59.0 -1049.5999821424484 
22053.0 -22077.199624419212 
3784.0 -5906.29989951849 
24330.0 -24413.699584662914 
23110.0 -23431.299601376057 
14230.0 -15860.499730169773 
17750.0 -18701.999681830406 
7856.0 -9319.299841463566 
18595.0 -20007.099659621716 
15195.0 -16906.599712371826 
25688.0 -25409.399567723274 
13278.0 -14823.499747812748 
18268.0 -19280.49967199564 
21467.0 -22060.099624693394 
55.0 -1020.1999826431274 
20524.0 -21308.29963749647 
15780.0 -16936.699711859226 
4783.0 -6631.099887192249 
13802.0 -14873.199746966362 
1917.0 -3917.699933350086 
26244.0 -25519.29956585169 
24656.0 -24771.39957857132 
4493.0 -6225.099894106388 
24118.0 -23984.999591946602 
14754.0 -15910.199729323387 
12613.0 -13356.699772775173 
27457.0 -26033.799557089806 
6003.0 -7613.499870479107 
32954.0 -27396.2995339036 
26455.0 -25842.69956034422 
8942.0 -10031.199829339981 
16221.0 -17933.099694907665 
23436.0 -23788.999595284462 
27895.0 -26500.299549162388 
5713.0 -7207.499877393246 
6060.0 -7954.3998646736145 
8285.0 -9974.499830305576 
4307.0 -5981.19989824295 
19184.0 -20054.699658811092 
21083.0 -21720.599630475044 
22786.0 -22905.999610304832 
2064.0 -3918.3999333381653 
20814.0 -21714.299630582333 
30476.0 -27181.399537563324 
32350.0 -27374.599534273148 
6722.0 -7957.89986461401 
18268.0 -19280.49967199564 
9076.0 -10301.699824750423 
27500.0 -26470.899549663067 
30920.0 -27183.49953752756 
22941.0 -22971.099609196186 
16930.0 -18251.899689495564 
19304.0 -20325.899654209614 
16178.0 -17237.999706745148 
23703.0 -23886.299593627453 
12268.0 -13160.399776101112 
28120.0 -26903.499542295933 
8279.0 -9661.599835634232 
8188.0 -9372.499840557575 
19304.0 -20325.899654209614 
16626.0 -18043.69969302416 
28267.0 -26904.199542284012 
5741.0 -7223.599877119064 
17188.0 -18361.799687623978 
12046.0 -13090.399777293205 
7147.0 -9000.499846875668 
16163.0 -17225.399706959724 
20247.0 -21077.699641406536 
26979.0 -25892.399559497833 
