0.0 -0.0 
34698.0 -27406.799533724785 
34698.0 -27406.799533724785 
0.0 -0.0 
28359.0 -26924.499541938305 
15099.0 -16189.099724590778 
14230.0 -15860.499730169773 
9076.0 -10301.699824750423 
17220.0 -18657.899682581425 
3573.0 -5105.899913132191 
2869.0 -4954.699915707111 
1283.0 -2095.6999643445015 
9250.0 -11020.59981250763 
32032.0 -27352.899534642696 
21706.0 -22081.099624335766 
8367.0 -9982.899830162525 
16639.0 -17982.0996940732 
5004.0 -6888.699882805347 
5798.0 -7125.9998787641525 
6060.0 -7954.3998646736145 
1917.0 -3917.699933350086 
1297.0 -3057.799947977066 
3784.0 -5906.29989951849 
18595.0 -20007.099659621716 
346.0 -2063.499964892864 
1755.0 -3112.3999470472336 
15195.0 -16906.599712371826 
12575.0 -13417.599771738052 
16051.0 -17226.099706947803 
13278.0 -14823.499747812748 
12708.0 -14058.099760830402 
2707.0 -4149.399929404259 
59.0 -1049.5999821424484 
23102.0 -23219.899604976177 
25688.0 -25409.399567723274 
4493.0 -6225.099894106388 
18252.0 -19295.89967173338 
13240.0 -14180.59975874424 
27836.0 -26532.499548614025 
17569.0 -18980.599677085876 
10203.0 -11340.099807083607 
14139.0 -15195.199741482735 
24330.0 -24413.699584662914 
24656.0 -24771.39957857132 
7105.0 -8334.799858212471 
10415.0 -12049.199795007706 
55.0 -1020.1999826431274 
30157.0 -27166.699537813663 
7147.0 -9000.499846875668 
10184.0 -11024.099812448025 
21209.0 -21950.19962656498 
8285.0 -9407.499839961529 
13734.0 -15084.599743366241 
20814.0 -21714.299630582333 
16221.0 -17933.099694907665 
20312.0 -21120.39964067936 
15727.0 -17029.099710285664 
20626.0 -21369.89963644743 
11183.0 -12099.599794149399 
26050.0 -25732.099562227726 
19815.0 -20989.499642908573 
23298.0 -23775.69959551096 
22754.0 -22952.19960951805 
22078.0 -22793.299612224102 
11282.0 -12589.89978581667 
7613.0 -9009.599846720695 
11635.0 -13031.599778294563 
31158.0 -27278.699535906315 
5518.0 -6901.99988257885 
32954.0 -27396.2995339036 
2286.0 -4136.099929630756 
18223.0 -19079.599675416946 
27439.0 -26435.899550259113 
29405.0 -27116.99953866005 
33993.0 -27404.699533760548 
19450.0 -20053.299658834934 
23601.0 -23777.799595475197 
31158.0 -27278.699535906315 
19562.0 -20435.799652338028 
26665.0 -25907.799559235573 
25398.0 -25003.399574637413 
493.0 -2064.1999648809433 
19594.0 -20731.899647295475 
6763.0 -8172.099860966206 
32954.0 -27396.2995339036 
4493.0 -6225.099894106388 
19061.0 -20016.199659466743 
11609.0 -12676.699784338474 
27222.0 -25943.499558627605 
22336.0 -22903.199610352516 
25189.0 -24867.299576938152 
27419.0 -26018.399557352066 
26407.0 -25797.89956110716 
10718.0 -12051.299794971943 
7856.0 -9319.299841463566 
29405.0 -27116.99953866005 
29978.0 -27117.69953864813 
24213.0 -23955.59959244728 
12240.0 -13099.499777138233 
33993.0 -27404.699533760548 
