0.0 -0.0 
34698.0 -27406.799533724785 
34698.0 -27406.799533724785 
0.0 -0.0 
2707.0 -4149.399929404259 
1917.0 -3917.699933350086 
14139.0 -15195.199741482735 
13278.0 -14823.499747812748 
7147.0 -9000.499846875668 
3573.0 -5105.899913132191 
21846.0 -22352.299619734287 
16930.0 -18251.899689495564 
346.0 -2063.499964892864 
1283.0 -2095.6999643445015 
10267.0 -11343.599807024002 
3784.0 -5906.29989951849 
25214.0 -24937.29957574606 
21311.0 -21845.19962835312 
5741.0 -7223.599877119064 
1297.0 -3057.799947977066 
12634.0 -13756.399765968323 
1755.0 -3112.3999470472336 
18101.0 -19103.099674999714 
26583.0 -25862.299560010433 
9250.0 -11020.59981250763 
9076.0 -10301.699824750423 
22352.0 -22805.899612009525 
8285.0 -9974.499830305576 
6060.0 -7954.3998646736145 
59.0 -1049.5999821424484 
15099.0 -16189.099724590778 
27199.0 -25923.89955896139 
4783.0 -6631.099887192249 
17220.0 -18657.899682581425 
23008.0 -23369.6996024251 
24656.0 -24771.39957857132 
25688.0 -25409.399567723274 
24330.0 -24413.699584662914 
12288.0 -13143.599776387215 
16221.0 -17933.099694907665 
11319.0 -12270.699791252613 
15195.0 -16906.599712371826 
33526.0 -27404.699533760548 
26021.0 -25518.59956586361 
17569.0 -18980.599677085876 
24131.0 -23968.199592232704 
27439.0 -26435.899550259113 
13240.0 -14180.59975874424 
55.0 -1020.1999826431274 
14230.0 -15860.499730169773 
20626.0 -21369.89963644743 
30874.0 -27242.999536514282 
8062.0 -9100.899845182896 
19627.0 -20645.09964877367 
2869.0 -4954.699915707111 
8100.0 -9319.999841451645 
18595.0 -20007.099659621716 
20220.0 -21100.099641025066 
20814.0 -21714.299630582333 
14762.0 -15982.99972808361 
29405.0 -27116.99953866005 
10415.0 -12049.199795007706 
27797.0 -26580.79954779148 
8881.0 -9996.199829936028 
28098.0 -26868.49954289198 
10751.0 -12110.799793958664 
34125.0 -27406.099533736706 
19815.0 -20989.499642908573 
5554.0 -6901.299882590771 
19304.0 -20325.899654209614 
12855.0 -14058.799760818481 
6977.0 -8286.499859035015 
6761.0 -7957.89986461401 
5004.0 -6888.699882805347 
19194.0 -20073.599658489227 
15661.0 -16915.699712216854 
28554.0 -26932.899541795254 
11932.0 -13098.799777150154 
29065.0 -26979.79954099655 
22078.0 -22793.299612224102 
23556.0 -23885.599593639374 
32655.0 -27347.999534726143 
16194.0 -17631.399700045586 
31679.0 -27324.199535131454 
4546.0 -6002.199897885323 
23298.0 -23775.69959551096 
635.0 -2090.099964439869 
11414.0 -12773.999782681465 
32680.0 -27383.699534118176 
11658.0 -12774.699782669544 
31338.0 -27256.299536287785 
3016.0 -4955.39991569519 
9786.0 -11064.69981175661 
4307.0 -5981.19989824295 
18440.0 -19640.299665868282 
30107.0 -27152.699538052082 
30107.0 -27152.699538052082 
23110.0 -23431.299601376057 
16051.0 -17226.099706947803 
18440.0 -19640.299665868282 
