0.0 -0.0 
34698.0 -27406.799533724785 
0.0 -0.0 
34698.0 -27406.799533724785 
32336.0 -27389.299534022808 
34424.0 -27394.19953393936 
346.0 -2063.499964892864 
9076.0 -10301.699824750423 
9959.0 -11339.399807095528 
3573.0 -5105.899913132191 
12572.0 -13383.999772310257 
24864.0 -24807.099577963352 
23298.0 -23775.69959551096 
4922.0 -6313.299892604351 
3784.0 -5906.29989951849 
24297.0 -23929.699592888355 
10415.0 -12049.199795007706 
1917.0 -3917.699933350086 
18558.0 -19686.4996650815 
1755.0 -3112.3999470472336 
25506.0 -24960.39957535267 
15195.0 -16906.599712371826 
17335.0 -18362.499687612057 
24330.0 -24413.699584662914 
12708.0 -14058.099760830402 
1297.0 -3057.799947977066 
5713.0 -7207.499877393246 
13278.0 -14823.499747812748 
2707.0 -4149.399929404259 
59.0 -1049.5999821424484 
6060.0 -7954.3998646736145 
9250.0 -11020.59981250763 
19244.0 -20137.999657392502 
8367.0 -9982.899830162525 
13240.0 -14180.59975874424 
20347.0 -21111.99964082241 
25749.0 -25444.399567127228 
18542.0 -19293.099671781063 
29117.0 -26934.299541771412 
14139.0 -15195.199741482735 
1283.0 -2095.6999643445015 
22678.0 -22733.099613249302 
11268.0 -12070.199794650078 
5004.0 -6888.699882805347 
17895.0 -19023.2996763587 
17559.0 -18961.69967740774 
55.0 -1020.1999826431274 
14230.0 -15860.499730169773 
16221.0 -17933.099694907665 
19627.0 -20645.09964877367 
31915.0 -27375.999534249306 
6722.0 -7957.89986461401 
13734.0 -15084.599743366241 
2869.0 -4954.699915707111 
19815.0 -20989.499642908573 
15099.0 -16189.099724590778 
29652.0 -27088.299539148808 
12046.0 -13090.399777293205 
26447.0 -25828.699560582638 
31102.0 -27297.59953558445 
6977.0 -8286.499859035015 
22046.0 -22497.199617266655 
11414.0 -12773.999782681465 
20847.0 -21627.499632060528 
26050.0 -25732.099562227726 
21356.0 -21950.89962655306 
27862.0 -26793.59954416752 
20812.0 -21413.99963569641 
27060.0 -25937.199558734894 
27360.0 -25993.19955778122 
9716.0 -11029.699812352657 
7671.0 -9050.199846029282 
16962.0 -18105.299691975117 
2286.0 -4136.099929630756 
7059.0 -8679.199852347374 
27500.0 -26470.899549663067 
11756.0 -13021.099778473377 
23182.0 -23347.999602794647 
7856.0 -9319.299841463566 
19304.0 -20325.899654209614 
14579.0 -15931.19972896576 
1066.0 -2080.299964606762 
16626.0 -18043.69969302416 
16162.0 -17335.29970508814 
4307.0 -5981.19989824295 
15727.0 -17029.099710285664 
30807.0 -27258.39953625202 
7147.0 -9000.499846875668 
8367.0 -9982.899830162525 
22820.0 -23025.299608290195 
3016.0 -4955.39991569519 
28389.0 -26909.799542188644 
7856.0 -9319.299841463566 
14984.0 -16041.799727082253 
15971.0 -17029.799710273743 
21545.0 -22011.799625515938 
22046.0 -22497.199617266655 
30283.0 -27208.699537098408 
30225.0 -27088.999539136887 
23152.0 -23078.499607384205 
