0.0 -0.0 
34698.0 -27406.799533724785 
0.0 -0.0 
34698.0 -27406.799533724785 
13278.0 -14823.499747812748 
346.0 -2063.499964892864 
2707.0 -4149.399929404259 
1917.0 -3917.699933350086 
14139.0 -15195.199741482735 
11635.0 -13031.599778294563 
9076.0 -10301.699824750423 
3573.0 -5105.899913132191 
2869.0 -4954.699915707111 
33204.0 -27396.999533891678 
12304.0 -13200.29977542162 
29364.0 -27028.099540174007 
18595.0 -20007.099659621716 
8367.0 -9982.899830162525 
6060.0 -7954.3998646736145 
5741.0 -7223.599877119064 
5032.0 -6904.799882531166 
16221.0 -17933.099694907665 
1297.0 -3057.799947977066 
28567.0 -26895.799542427063 
1755.0 -3112.3999470472336 
30199.0 -27140.799538254738 
27121.0 -25972.199558138847 
17441.0 -18915.499678194523 
59.0 -1049.5999821424484 
28153.0 -26610.199547290802 
30741.0 -27256.999536275864 
9250.0 -11020.59981250763 
25393.0 -24965.299575269222 
15195.0 -16906.599712371826 
13113.0 -14168.699758946896 
3784.0 -5906.29989951849 
19815.0 -20989.499642908573 
20524.0 -21308.29963749647 
34425.0 -27400.499533832073 
24950.0 -24846.29957729578 
25749.0 -25444.399567127228 
9959.0 -11339.399807095528 
1283.0 -2095.6999643445015 
7059.0 -8679.199852347374 
55.0 -1020.1999826431274 
19498.0 -20281.799654960632 
10249.0 -11745.399800181389 
8285.0 -9407.499839961529 
21788.0 -22387.29961913824 
18171.0 -18976.399677157402 
14939.0 -16179.299724757671 
21708.0 -22032.09962517023 
19127.0 -20129.599657535553 
6763.0 -8172.099860966206 
24173.0 -23982.899591982365 
11124.0 -12367.999789595604 
19788.0 -20687.799648046494 
22078.0 -22793.299612224102 
15099.0 -16189.099724590778 
7856.0 -9319.299841463566 
17242.0 -18253.9996894598 
7613.0 -9009.599846720695 
15600.0 -17017.19971048832 
5478.0 -6922.999882221222 
10751.0 -12110.799793958664 
4307.0 -5981.19989824295 
4493.0 -6225.099894106388 
17335.0 -18362.499687612057 
22854.0 -22995.199608802795 
22336.0 -22903.199610352516 
20782.0 -21418.199635624886 
18268.0 -19280.49967199564 
27439.0 -26435.899550259113 
23497.0 -23823.999594688416 
24589.0 -24413.699584662914 
6722.0 -7957.89986461401 
1066.0 -2080.299964606762 
21184.0 -21599.499632537365 
7147.0 -9000.499846875668 
31583.0 -27292.699535667896 
15904.0 -17225.399706959724 
10415.0 -12049.199795007706 
14230.0 -15860.499730169773 
12708.0 -14058.099760830402 
27534.0 -26440.799550175667 
24604.0 -24426.299584448338 
31583.0 -27292.699535667896 
26167.0 -25493.399566292763 
23078.0 -23135.19960641861 
32442.0 -27389.999534010887 
23207.0 -23417.999601602554 
24036.0 -23868.799593925476 
26516.0 -25877.699559748173 
32442.0 -27389.999534010887 
9716.0 -11029.699812352657 
4493.0 -6225.099894106388 
11124.0 -12367.999789595604 
26369.0 -25876.999559760094 
16194.0 -17631.399700045586 
16162.0 -17335.29970508814 
