0.34901304891021745 0.006974409625128285 0.003412301063239838 0.8827024484063386 15689.399733066559
0.34900508728104984 0.006996841302132898 0.003412301063239838 0.8934755812606532 15689.399733066559
0.3489951529109279 0.0069928755601129655 0.003412301063239838 0.8974476760572347 15689.399733066559
0.34899274366423194 0.0069724170819819384 0.003412301063239838 0.8920612557800591 15689.399733066559
0.34899406054242965 0.0069588470351523305 0.003412301063239838 0.8877594116913768 15689.399733066559
0.3489932110860627 0.006954449632348574 0.003412301063239838 0.8960786363759038 15689.399733066559
0.34899869501147884 0.006974408596183158 0.003412301063239838 0.8842634517438426 15689.399733066559
0.3489970800138458 0.006965394510077386 0.003412301063239838 0.8955558174086079 15689.399733066559
0.3489966847295574 0.006961761400934373 0.003412301063239838 0.893320355520623 15689.399733066559
0.348998296046703 0.00697767824590482 0.003412301063239838 0.8951021784363904 15689.399733066559
0.34900483259136 0.006981088871610187 0.003412301063239838 0.8839347997305979 15689.399733066559
0.34900008697160717 0.006946725433539888 0.003412301063239838 0.8954872712947003 15689.399733066559
0.3490105123186763 0.006968201848108742 0.003412301063239838 0.8838697895247327 15689.399733066559
0.348991732266444 0.006974644598524644 0.003412301063239838 0.8975041587255032 15689.399733066559
0.34900210535059906 0.00699204822379932 0.003412301063239838 0.8941130991003348 15689.399733066559
0.3489921687721857 0.006975487673604834 0.003412301063239838 0.8839721829789806 15689.399733066559
0.3490043504475812 0.006955652204506477 0.003412301063239838 0.8958892538354206 15689.399733066559
0.3490036894321419 0.006948981655924616 0.003412301063239838 0.8934734350720537 15689.399733066559
0.3490018256335986 0.006981480923171106 0.003412301063239838 0.8840011840331661 15689.399733066559
0.34898898588715194 0.006961564866299781 0.003412301063239838 0.8939203609594109 15689.399733066559
