0.3490230193491105 0.005458017564590203 0.003412301063239838 1.0473450727794955 15689.399733066559
0.3490230193491105 0.005458017564590203 0.003412301063239838 1.0473450727794955 15689.399733066559
0.34902278085356225 0.005457882993786267 0.003412301063239838 1.047358778809658 15689.399733066559
0.3490227249101614 0.00545905199931125 0.003412301063239838 1.0534902185583972 15689.399733066559
0.34902248641461314 0.005459173719450085 0.003412301063239838 1.0535039038551306 15689.399733066559
0.34902248641461314 0.005454930084491159 0.003412301063239838 1.0535039038551308 15689.399733066559
0.3490230193491105 0.005459373871953615 0.003412301063239838 1.0473450727794955 15689.399733066559
0.34902278085356225 0.005457882993786267 0.003412301063239838 1.047358778809658 15689.399733066559
0.34902328360806617 0.005458784702344055 0.003412301063239838 1.0534765334788498 15689.399733066559
0.34902278085356225 0.0054578829937862675 0.003412301063239838 1.047358778809658 15689.399733066559
0.3490230193491105 0.005458017564590203 0.003412301063239838 1.0473450727794955 15689.399733066559
0.34902278085356225 0.0054594955849162595 0.003412301063239838 1.047358778809658 15689.399733066559
0.34902278085356225 0.0054578829937862675 0.003412301063239838 1.047358778809658 15689.399733066559
0.3490230193491105 0.005458017564590203 0.003412301063239838 1.0473450727794955 15689.399733066559
0.34902304511251786 0.005453048565177948 0.003412301063239838 1.0534902185583972 15689.399733066559
0.34902248641461314 0.005459173719450085 0.003412301063239838 1.0535039038551306 15689.399733066559
0.34902304511251786 0.005458906428442953 0.003412301063239838 1.0534902185583972 15689.399733066559
0.34902278085356225 0.0054578829937862675 0.003412301063239838 1.047358778809658 15689.399733066559
0.3490230193491105 0.005458017564590203 0.003412301063239838 1.0473450727794955 15689.399733066559
0.34902248641461314 0.005491885476555184 0.003412301063239838 1.0535039038551306 15689.399733066559
