0.3489964513866908 0.006953215772149574 0.003412301063239838 0.8940147324733322 15689.399733066559
0.3490088612522726 0.006975892142261913 0.003412301063239838 0.8813923956524254 15689.399733066559
0.34901759431148405 0.006962648300543332 0.003412301063239838 0.892297551402833 15689.399733066559
0.3489980987726075 0.006959170668197104 0.003412301063239838 0.8939262753217426 15689.399733066559
0.3490045720128906 0.006980562646561167 0.003412301063239838 0.884004862310158 15689.399733066559
0.3489873355568463 0.0069880194731580135 0.003412301063239838 0.8864311579311985 15689.399733066559
0.3489958926887866 0.00698277229239412 0.003412301063239838 0.8838737783645944 15689.399733066559
0.3489947355437191 0.0069845900245017216 0.003412301063239838 0.8862871509515922 15689.399733066559
0.3489994428864074 0.0069498790379657425 0.003412301063239838 0.897057788738236 15689.399733066559
0.34900008697160717 0.0069459631260939325 0.003412301063239838 0.8954872712947003 15689.399733066559
0.3489921341756086 0.006949920872039506 0.003412301063239838 0.8935605278846631 15689.399733066559
0.3489946847530005 0.006963232644360119 0.003412301063239838 0.8877329859607413 15689.399733066559
0.3490147353092949 0.006956292732739771 0.003412301063239838 0.8842071484380181 15689.399733066559
0.34900159523512075 0.00696049725375546 0.003412301063239838 0.8933728051406892 15689.399733066559
0.34899425560823244 0.006982017241638665 0.003412301063239838 0.8962351730350923 15689.399733066559
0.34899638072134376 0.0069715235447866016 0.003412301063239838 0.8839154239043606 15689.399733066559
0.34899307932463325 0.006989825808894957 0.003412301063239838 0.8936160933713557 15689.399733066559
0.34900084367970474 0.006960777065289447 0.003412301063239838 0.893488859928658 15689.399733066559
0.34900107260598784 0.006979456047997818 0.003412301063239838 0.8865074048648015 15689.399733066559
0.34902035467662673 0.006962333551708132 0.003412301063239838 0.882920596171625 15689.399733066559
