0.34899869501147884 0.006954449724668483 0.003412301063239838 0.8842634517438426 15689.399733066559
0.348991732266444 0.006983003507808585 0.003412301063239838 0.8975041587255032 15689.399733066559
0.34901612211674227 0.006961717347597427 0.003412301063239838 0.8841903030439161 15689.399733066559
0.3489902909877917 0.006964661041051458 0.003412301063239838 0.8878180578081906 15689.399733066559
0.3490046927328595 0.006958476727634797 0.003412301063239838 0.8852767115574418 15689.399733066559
0.34900483995233306 0.006966497318858134 0.003412301063239838 0.8934985353545354 15689.399733066559
0.348992764274959 0.006993599822286037 0.003412301063239838 0.8854882553099911 15689.399733066559
0.3489990203665169 0.0069541129390354416 0.003412301063239838 0.8853776496900059 15689.399733066559
0.3489954245308579 0.006949730095052972 0.003412301063239838 0.8938459709558166 15689.399733066559
0.34899307932463325 0.007000490788444942 0.003412301063239838 0.8936160933713557 15689.399733066559
0.34899274366423194 0.00696268670731019 0.003412301063239838 0.8920612557800593 15689.399733066559
0.3489970608753141 0.006941179976311395 0.003412301063239838 0.8924978455459361 15689.399733066559
0.34900239978954817 0.006984130329621181 0.003412301063239838 0.884470550284912 15689.399733066559
0.3489926803598587 0.006995286932383291 0.003412301063239838 0.8874148764192125 15689.399733066559
0.3490171482364771 0.0069626794109654 0.003412301063239838 0.8921942049852397 15689.399733066559
0.3490106668991242 0.006998849662071253 0.003412301063239838 0.8825560577626618 15689.399733066559
0.3489964513866908 0.006953215772149574 0.003412301063239838 0.8940147324733322 15689.399733066559
0.3489932979455531 0.006950799152486621 0.003412301063239838 0.8877500528998457 15689.399733066559
0.348996435928646 0.006950272850013741 0.003412301063239838 0.8971255639865457 15689.399733066559
0.3489963888184148 0.0069796114225513795 0.003412301063239838 0.8839503421152003 15689.399733066559
