0.34899169251718587 0.006963951099305539 0.003412301063239838 0.8936330720994052 15689.399733066559
0.34899701229288765 0.006956434915239641 0.003412301063239838 0.8962849963432314 15689.399733066559
0.3489988518002182 0.006962139939019153 0.003412301063239838 0.8953359090888737 15689.399733066559
0.3490021480442472 0.006955732571890954 0.003412301063239838 0.884300150634874 15689.399733066559
0.348991986956135 0.006966499460886051 0.003412301063239838 0.8839993654061247 15689.399733066559
0.3489987259275678 0.0069515600367006354 0.003412301063239838 0.8950225943210315 15689.399733066559
0.3490043504475812 0.006962113037311423 0.003412301063239838 0.8958892538354208 15689.399733066559
0.3489903454589966 0.0069492563010646125 0.003412301063239838 0.8975213650159033 15689.399733066559
0.34899511978654624 0.006999436689835556 0.003412301063239838 0.8949387297147553 15689.399733066559
0.349011730559825 0.006992848776646131 0.003412301063239838 0.893738393177357 15689.399733066559
0.3490015311946495 0.006978938032078754 0.003412301063239838 0.8935871733971251 15689.399733066559
0.3489950918148461 0.006990728642830466 0.003412301063239838 0.893993985940476 15689.399733066559
0.34899929713912786 0.006943568922139389 0.003412301063239838 0.8975722310894622 15689.399733066559
0.3490113647194321 0.006976238773670134 0.003412301063239838 0.8875544358813044 15689.399733066559
0.34901274269371035 0.006953982748094703 0.003412301063239838 0.8949870522110551 15689.399733066559
0.34898986184302366 0.006952244443234449 0.003412301063239838 0.8963199952534524 15689.399733066559
0.34901248653182587 0.0069781780649426335 0.003412301063239838 0.8827939182634239 15689.399733066559
0.3489946847530005 0.006963232644360118 0.003412301063239838 0.8877329859607413 15689.399733066559
0.3489960134087555 0.006965767225789527 0.003412301063239838 0.8854448604827954 15689.399733066559
0.3490000818189262 0.006979819131666974 0.003412301063239838 0.8842465965619076 15689.399733066559
