0.0 -0.0 
34698.0 -27406.799533724785 
0.0 -0.0 
34698.0 -27406.799533724785 
17220.0 -18657.899682581425 
6769.0 -8273.199859261513 
3784.0 -5906.29989951849 
12344.0 -13350.399772882462 
5741.0 -7223.599877119064 
6060.0 -7954.3998646736145 
346.0 -2063.499964892864 
3573.0 -5105.899913132191 
23146.0 -23382.9996021986 
12708.0 -14058.099760830402 
8367.0 -9982.899830162525 
16807.0 -17947.799694657326 
4660.0 -6151.999895334244 
17827.0 -19090.49967521429 
7147.0 -9000.499846875668 
24330.0 -24413.699584662914 
22336.0 -22903.199610352516 
33420.0 -27403.99953377247 
1297.0 -3057.799947977066 
2869.0 -4954.699915707111 
27324.0 -26007.1995575428 
1755.0 -3112.3999470472336 
5032.0 -6904.799882531166 
24656.0 -24771.39957857132 
29269.0 -27043.499539911747 
9250.0 -11020.59981250763 
16148.0 -17226.099706947803 
14230.0 -15860.499730169773 
15195.0 -16906.599712371826 
59.0 -1049.5999821424484 
9076.0 -10301.699824750423 
11635.0 -13031.599778294563 
16221.0 -17933.099694907665 
15099.0 -16189.099724590778 
13240.0 -14180.59975874424 
1917.0 -3917.699933350086 
26547.0 -25862.999559998512 
2707.0 -4149.399929404259 
1283.0 -2095.6999643445015 
19304.0 -20325.899654209614 
31665.0 -27347.299534738064 
18339.0 -19279.79967200756 
23898.0 -23887.69959360361 
22078.0 -22793.299612224102 
15712.0 -17016.49971050024 
9774.0 -11070.299811661243 
19627.0 -20645.09964877367 
10203.0 -11340.099807083607 
55.0 -1020.1999826431274 
20312.0 -21120.39964067936 
28695.0 -26986.099540889263 
19815.0 -20989.499642908573 
14838.0 -15956.399728536606 
34551.0 -27406.099533736706 
21975.0 -22087.399624228477 
13278.0 -14823.499747812748 
21209.0 -21950.19962656498 
30107.0 -27206.59953713417 
13648.0 -14829.09974771738 
20626.0 -21369.89963644743 
18591.0 -19599.699666559696 
32334.0 -27389.299534022808 
25688.0 -25409.399567723274 
18853.0 -20116.99965775013 
7746.0 -9001.899846851826 
10249.0 -11745.399800181389 
32761.0 -27396.999533891678 
10415.0 -12049.199795007706 
23298.0 -23775.69959551096 
2433.0 -4136.799929618835 
14139.0 -15195.199741482735 
28257.0 -26822.99954366684 
25426.0 -24887.599576592445 
26111.0 -25767.09956163168 
27862.0 -26793.59954416752 
1066.0 -2080.299964606762 
13992.0 -15194.499741494656 
7856.0 -9319.299841463566 
21706.0 -22081.099624335766 
25489.0 -24963.899575293064 
18595.0 -20007.099659621716 
7856.0 -9319.299841463566 
30254.0 -27207.29953712225 
27500.0 -26470.899549663067 
25988.0 -25465.3995667696 
11553.0 -12456.199788093567 
30920.0 -27284.999535799026 
8891.0 -10032.59982931614 
4783.0 -6631.099887192249 
11124.0 -12367.999789595604 
31026.0 -27285.699535787106 
11124.0 -12367.999789595604 
11609.0 -12676.699784338474 
20847.0 -21627.499632060528 
20988.0 -21692.59963095188 
27647.0 -26471.599549651146 
