0.0 -0.0 
34698.0 -27406.799533724785 
0.0 -0.0 
34698.0 -27406.799533724785 
9076.0 -10301.699824750423 
346.0 -2063.499964892864 
8146.0 -9725.299834549427 
1283.0 -2095.6999643445015 
3573.0 -5105.899913132191 
2869.0 -4954.699915707111 
1917.0 -3917.699933350086 
21556.0 -21946.299626648426 
9250.0 -11020.59981250763 
13278.0 -14823.499747812748 
25688.0 -25409.399567723274 
1297.0 -3057.799947977066 
7147.0 -9000.499846875668 
1755.0 -3112.3999470472336 
20814.0 -21714.299630582333 
18252.0 -19295.89967173338 
19815.0 -20989.499642908573 
23102.0 -23219.899604976177 
18791.0 -19593.399666666985 
6769.0 -8273.199859261513 
59.0 -1049.5999821424484 
15195.0 -16906.599712371826 
30387.0 -27239.499536573887 
2707.0 -4149.399929404259 
6060.0 -7954.3998646736145 
12344.0 -13350.399772882462 
13240.0 -14180.59975874424 
3784.0 -5906.29989951849 
19492.0 -20180.699656665325 
15099.0 -16189.099724590778 
24366.0 -24365.39958548546 
22727.0 -22924.19960999489 
23298.0 -23775.69959551096 
18853.0 -20116.99965775013 
31294.0 -27296.19953560829 
4783.0 -6631.099887192249 
27862.0 -26793.59954416752 
55.0 -1020.1999826431274 
28456.0 -26965.09954124689 
11635.0 -13031.599778294563 
24717.0 -24806.399577975273 
16221.0 -17933.099694907665 
17441.0 -18915.499678194523 
11553.0 -12456.199788093567 
32453.0 -27366.1995344162 
19594.0 -20731.899647295475 
14139.0 -15195.199741482735 
13952.0 -15027.899744331837 
5741.0 -7223.599877119064 
4493.0 -6225.099894106388 
17846.0 -19026.099676311016 
10415.0 -12049.199795007706 
29833.0 -27193.999537348747 
25636.0 -24964.599575281143 
26873.0 -25943.499558627605 
24283.0 -23968.199592232704 
20524.0 -21308.29963749647 
14989.0 -15871.699729979038 
12658.0 -13892.899763643742 
31715.0 -27309.499535381794 
22282.0 -22697.39961385727 
23694.0 -23898.899593412876 
16162.0 -17335.29970508814 
27365.0 -26006.499557554722 
11124.0 -12367.999789595604 
5032.0 -6904.799882531166 
21918.0 -22268.999621152878 
17335.0 -18362.499687612057 
16626.0 -18043.69969302416 
25118.0 -24855.399577140808 
26308.0 -25841.99956035614 
5556.0 -6954.49988168478 
4307.0 -5981.19989824295 
7483.0 -9062.099845826626 
12208.0 -13032.299778282642 
10868.0 -12061.799794793129 
15794.0 -16907.999712347984 
29424.0 -26995.19954073429 
2609.0 -3919.0999333262444 
9889.0 -11084.299811422825 
33379.0 -27403.99953377247 
29029.0 -26965.79954123497 
32954.0 -27396.2995339036 
12708.0 -14058.099760830402 
10377.0 -11388.399806261063 
15904.0 -17225.399706959724 
27439.0 -26435.899550259113 
22176.0 -22378.899619281292 
7856.0 -9319.299841463566 
27713.0 -26448.499550044537 
10388.0 -11427.59980559349 
14230.0 -15860.499730169773 
20671.0 -21308.99963748455 
6769.0 -8273.199859261513 
14243.0 -15869.599730014801 
17225.0 -18045.099693000317 
