0.0 -0.0 
34698.0 -27406.799533724785 
34698.0 -27406.799533724785 
0.0 -0.0 
346.0 -2063.499964892864 
3784.0 -5906.29989951849 
1283.0 -2095.6999643445015 
3573.0 -5105.899913132191 
31076.0 -27245.7995364666 
8367.0 -9982.899830162525 
2869.0 -4954.699915707111 
16221.0 -17933.099694907665 
13240.0 -14180.59975874424 
30035.0 -27078.4995393157 
12634.0 -13756.399765968323 
23110.0 -23431.299601376057 
14230.0 -15860.499730169773 
22820.0 -23025.299608290195 
1917.0 -3917.699933350086 
22078.0 -22793.299612224102 
1297.0 -3057.799947977066 
18595.0 -20007.099659621716 
6060.0 -7954.3998646736145 
20814.0 -21714.299630582333 
15195.0 -16906.599712371826 
9250.0 -11020.59981250763 
4660.0 -6151.999895334244 
16178.0 -17237.999706745148 
14139.0 -15195.199741482735 
2707.0 -4149.399929404259 
59.0 -1049.5999821424484 
31859.0 -27301.799535512924 
21987.0 -22264.799621224403 
25688.0 -25409.399567723274 
12344.0 -13350.399772882462 
13278.0 -14823.499747812748 
1755.0 -3112.3999470472336 
25542.0 -24941.499575674534 
26409.0 -25460.499566853046 
6769.0 -8273.199859261513 
18324.0 -19212.59967315197 
15727.0 -17029.099710285664 
55.0 -1020.1999826431274 
20626.0 -21369.89963644743 
26594.0 -25829.399560570717 
23930.0 -23640.5995978117 
10388.0 -11427.59980559349 
7059.0 -8679.199852347374 
11583.0 -12451.999788165092 
17415.0 -18351.29968780279 
15099.0 -16189.099724590778 
28120.0 -26903.499542295933 
5741.0 -7223.599877119064 
20247.0 -21077.699641406536 
24330.0 -24413.699584662914 
15013.0 -15985.799728035927 
4922.0 -6313.299892604351 
5004.0 -6888.699882805347 
11124.0 -12367.999789595604 
10415.0 -12049.199795007706 
34592.0 -27406.099533736706 
27895.0 -26500.299549162388 
24569.0 -24434.699584305286 
19815.0 -20989.499642908573 
5368.0 -6966.399881482124 
24950.0 -24846.29957729578 
11971.0 -13098.799777150154 
6478.0 -8003.3998638391495 
9774.0 -11070.299811661243 
10751.0 -12110.799793958664 
28688.0 -26909.799542188644 
24007.0 -23861.099594056606 
7280.0 -8936.799847960472 
32741.0 -27392.099533975124 
27500.0 -26470.899549663067 
2286.0 -4136.099929630756 
19562.0 -20435.799652338028 
33526.0 -27404.699533760548 
13898.0 -14835.399747610092 
11635.0 -13031.599778294563 
9959.0 -11339.399807095528 
27294.0 -25841.99956035614 
7746.0 -9001.899846851826 
17905.0 -19042.199676036835 
19282.0 -20062.399658679962 
29375.0 -27044.199539899826 
27357.0 -26065.599556565285 
9040.0 -10043.099829137325 
32472.0 -27375.299534261227 
21467.0 -22060.099624693394 
17441.0 -18915.499678194523 
7856.0 -9319.299841463566 
9076.0 -10301.699824750423 
7856.0 -9319.299841463566 
21467.0 -22060.099624693394 
16930.0 -18251.899689495564 
29090.0 -27015.499540388584 
16930.0 -18251.899689495564 
33526.0 -27404.699533760548 
19013.0 -20056.09965878725 
