34698.0 -27406.799533724785 
0.0 -0.0 
34698.0 -27406.799533724785 
0.0 -0.0 
6060.0 -7954.3998646736145 
346.0 -2063.499964892864 
1283.0 -2095.6999643445015 
9250.0 -11020.59981250763 
7147.0 -9000.499846875668 
3573.0 -5105.899913132191 
8367.0 -9982.899830162525 
9959.0 -11339.399807095528 
4307.0 -5981.19989824295 
4783.0 -6631.099887192249 
5741.0 -7223.599877119064 
14139.0 -15195.199741482735 
29272.0 -27007.799540519714 
1917.0 -3917.699933350086 
26308.0 -25841.99956035614 
12966.0 -14167.999758958817 
1297.0 -3057.799947977066 
2869.0 -4954.699915707111 
11393.0 -12374.299789488316 
10249.0 -11745.399800181389 
59.0 -1049.5999821424484 
9076.0 -10301.699824750423 
18322.0 -18999.49967676401 
14230.0 -15860.499730169773 
24656.0 -24771.39957857132 
30254.0 -27207.29953712225 
7856.0 -9319.299841463566 
18591.0 -19599.699666559696 
3784.0 -5906.29989951849 
23008.0 -23369.6996024251 
19452.0 -20118.399657726288 
24298.0 -24117.599589705467 
1755.0 -3112.3999470472336 
19594.0 -20731.899647295475 
15195.0 -16906.599712371826 
2707.0 -4149.399929404259 
23556.0 -23885.599593639374 
6977.0 -8286.499859035015 
32188.0 -27290.59953570366 
33420.0 -27403.99953377247 
17441.0 -18915.499678194523 
28606.0 -26871.299542844296 
55.0 -1020.1999826431274 
32791.0 -27355.699534595013 
17188.0 -18361.799687623978 
6763.0 -8172.099860966206 
13614.0 -14885.099746763706 
20814.0 -21714.299630582333 
22336.0 -22903.199610352516 
14843.0 -15870.29973000288 
34125.0 -27406.099533736706 
12240.0 -13099.499777138233 
13278.0 -14823.499747812748 
22864.0 -22909.499610245228 
11635.0 -13031.599778294563 
27439.0 -26435.899550259113 
30103.0 -27148.499538123608 
31476.0 -27288.499535739422 
23298.0 -23775.69959551096 
24635.0 -24230.999587774277 
26968.0 -25909.89955919981 
12443.0 -13400.799772024155 
15099.0 -16189.099724590778 
13240.0 -14180.59975874424 
27210.0 -26064.899556577206 
25749.0 -25444.399567127228 
16479.0 -18042.99969303608 
5450.0 -6953.799881696701 
8899.0 -10052.899828970432 
10684.0 -12055.499794900417 
25398.0 -25003.399574637413 
2286.0 -4136.099929630756 
5032.0 -6904.799882531166 
11414.0 -12773.999782681465 
21803.0 -22121.699623644352 
16194.0 -17631.399700045586 
25286.0 -24942.199575662613 
28059.0 -26868.49954289198 
22182.0 -22413.899618685246 
18853.0 -20116.99965775013 
17798.0 -18982.699677050114 
21209.0 -21950.19962656498 
19815.0 -20989.499642908573 
7856.0 -9319.299841463566 
12443.0 -13400.799772024155 
20626.0 -21369.89963644743 
20618.0 -21158.49964004755 
25749.0 -25444.399567127228 
16051.0 -17226.099706947803 
10684.0 -12055.499794900417 
31476.0 -27288.499535739422 
21448.0 -21971.19962620735 
15719.0 -16956.29971152544 
16221.0 -17933.099694907665 
18595.0 -20007.099659621716 
22056.0 -22332.699620068073 
