0.0 -0.0 
34698.0 -27406.799533724785 
0.0 -0.0 
34698.0 -27406.799533724785 
3573.0 -5105.899913132191 
12570.0 -13140.09977644682 
6769.0 -8273.199859261513 
3784.0 -5906.29989951849 
12645.0 -13883.799763798714 
28994.0 -26986.099540889263 
30405.0 -27184.89953750372 
346.0 -2063.499964892864 
1283.0 -2095.6999643445015 
28101.0 -26814.59954380989 
1917.0 -3917.699933350086 
13240.0 -14180.59975874424 
15904.0 -17225.399706959724 
27243.0 -25959.599558353424 
2869.0 -4954.699915707111 
32715.0 -27380.19953417778 
5004.0 -6888.699882805347 
4825.0 -6278.2998932003975 
13278.0 -14823.499747812748 
9250.0 -11020.59981250763 
29753.0 -27070.09953945875 
15099.0 -16189.099724590778 
22575.0 -22924.19960999489 
6060.0 -7954.3998646736145 
5741.0 -7223.599877119064 
1755.0 -3112.3999470472336 
11635.0 -13031.599778294563 
2707.0 -4149.399929404259 
59.0 -1049.5999821424484 
17220.0 -18657.899682581425 
15195.0 -16906.599712371826 
26468.0 -25832.899560511112 
11414.0 -12773.999782681465 
16221.0 -17933.099694907665 
14230.0 -15860.499730169773 
20814.0 -21714.299630582333 
4454.0 -5981.8998982310295 
11204.0 -12123.399793744087 
31397.0 -27299.699535548687 
22078.0 -22793.299612224102 
8100.0 -9319.999841451645 
14139.0 -15195.199741482735 
18595.0 -20007.099659621716 
18408.0 -19344.199670910835 
10340.0 -11380.699806392193 
25581.0 -25003.399574637413 
55.0 -1020.1999826431274 
7565.0 -9049.499846041203 
7147.0 -9000.499846875668 
10415.0 -12049.199795007706 
14062.0 -14866.199747085571 
23008.0 -23369.6996024251 
24692.0 -24770.69957858324 
25749.0 -25444.399567127228 
1297.0 -3057.799947977066 
14795.0 -15910.199729323387 
9076.0 -10301.699824750423 
20524.0 -21308.29963749647 
21485.0 -21764.699629724026 
26232.0 -25506.699566066265 
19594.0 -20731.899647295475 
16930.0 -18251.899689495564 
27439.0 -26435.899550259113 
17630.0 -18960.999677419662 
23949.0 -23822.599594712257 
19962.0 -20990.199642896652 
23298.0 -23775.69959551096 
25061.0 -24881.999576687813 
5677.0 -6948.899881780148 
33801.0 -27393.499533951283 
27697.0 -26545.799548387527 
24179.0 -24019.999591350555 
18853.0 -20116.99965775013 
15661.0 -16997.599710822105 
6396.0 -8015.999863624573 
8703.0 -10044.499829113483 
16905.0 -17951.9996945858 
8146.0 -9725.299834549427 
21692.0 -22012.499625504017 
32989.0 -27392.799533963203 
31397.0 -27299.699535548687 
2286.0 -4136.099929630756 
9849.0 -11021.999812483788 
19304.0 -20325.899654209614 
635.0 -2090.099964439869 
20317.0 -21100.099641025066 
8367.0 -9982.899830162525 
10303.0 -11024.099812448025 
34125.0 -27406.099533736706 
10806.0 -12064.599794745445 
17888.0 -19070.899675548077 
18150.0 -19234.29967278242 
24330.0 -24413.699584662914 
19578.0 -20338.499653995037 
23257.0 -23431.999601364136 
21846.0 -22352.299619734287 
