0.0 -0.0 
34698.0 -27406.799533724785 
34698.0 -27406.799533724785 
0.0 -0.0 
346.0 -2063.499964892864 
15195.0 -16906.599712371826 
16178.0 -17237.999706745148 
1283.0 -2095.6999643445015 
22239.0 -22032.79962515831 
3573.0 -5105.899913132191 
2869.0 -4954.699915707111 
8367.0 -9982.899830162525 
7105.0 -8334.799858212471 
27758.0 -26580.79954779148 
20464.0 -21120.39964067936 
5741.0 -7223.599877119064 
3784.0 -5906.29989951849 
24330.0 -24413.699584662914 
22317.0 -22814.299611866474 
21209.0 -21950.19962656498 
1917.0 -3917.699933350086 
20814.0 -21714.299630582333 
13278.0 -14823.499747812748 
1297.0 -3057.799947977066 
1755.0 -3112.3999470472336 
6060.0 -7954.3998646736145 
9250.0 -11020.59981250763 
18526.0 -19390.399670124054 
2707.0 -4149.399929404259 
59.0 -1049.5999821424484 
11124.0 -12367.999789595604 
29511.0 -27021.799540281296 
9076.0 -10301.699824750423 
25637.0 -25024.399574279785 
13240.0 -14180.59975874424 
6396.0 -8015.999863624573 
28784.0 -26939.199541687965 
16930.0 -18251.899689495564 
28257.0 -26822.99954366684 
18252.0 -18996.699676811695 
17569.0 -18980.599677085876 
19815.0 -20989.499642908573 
33592.0 -27351.49953466654 
4922.0 -6313.299892604351 
22820.0 -23025.299608290195 
27360.0 -25993.19955778122 
26538.0 -25785.999561309814 
55.0 -1020.1999826431274 
7147.0 -9000.499846875668 
10388.0 -11427.59980559349 
11414.0 -12773.999782681465 
14139.0 -15195.199741482735 
16221.0 -17933.099694907665 
14048.0 -14939.699745833874 
14230.0 -15860.499730169773 
5032.0 -6904.799882531166 
26375.0 -25477.299566566944 
25688.0 -25409.399567723274 
32392.0 -27333.299534976482 
24931.0 -24791.699578225613 
31362.0 -27250.699536383152 
33289.0 -27349.3995347023 
30947.0 -27197.499537289143 
15099.0 -16189.099724590778 
12588.0 -13351.09977287054 
34673.0 -27371.099534332752 
32106.0 -27270.299536049366 
10415.0 -12049.199795007706 
18595.0 -20007.099659621716 
16557.0 -17994.699693858624 
8934.0 -10045.899829089642 
4307.0 -5981.19989824295 
7671.0 -9050.199846029282 
9823.0 -11021.299812495708 
14488.0 -15970.399728298187 
10718.0 -12051.299794971943 
19244.0 -20137.999657392502 
5478.0 -6922.999882221222 
19627.0 -20645.09964877367 
27199.0 -25923.89955896139 
2286.0 -4136.099929630756 
24692.0 -24770.69957858324 
9959.0 -11339.399807095528 
23282.0 -23382.29960221052 
23947.0 -23906.599593281746 
4493.0 -6225.099894106388 
11635.0 -13031.599778294563 
7856.0 -9319.299841463566 
19543.0 -20346.899653851986 
12658.0 -13892.899763643742 
12708.0 -14058.099760830402 
12046.0 -13090.399777293205 
30217.0 -27035.099540054798 
30278.0 -27155.4995380044 
23537.0 -23796.69959515333 
23008.0 -23369.6996024251 
14939.0 -16179.299724757671 
12402.0 -13165.599776029587 
17220.0 -18657.899682581425 
7856.0 -9319.299841463566 
