0.0 -0.0 
34698.0 -27406.799533724785 
34698.0 -27406.799533724785 
0.0 -0.0 
346.0 -2063.499964892864 
2707.0 -4149.399929404259 
14139.0 -15195.199741482735 
1917.0 -3917.699933350086 
1283.0 -2095.6999643445015 
9250.0 -11020.59981250763 
33704.0 -27392.799533963203 
3573.0 -5105.899913132191 
2869.0 -4954.699915707111 
7105.0 -8334.799858212471 
12443.0 -13400.799772024155 
31220.0 -27290.59953570366 
10415.0 -12049.199795007706 
30167.0 -27188.399537444115 
5004.0 -6888.699882805347 
3784.0 -5906.29989951849 
12708.0 -14058.099760830402 
32595.0 -27359.199534535408 
15099.0 -16189.099724590778 
13278.0 -14823.499747812748 
1755.0 -3112.3999470472336 
9076.0 -10301.699824750423 
15904.0 -17225.399706959724 
17321.0 -18272.899689137936 
9959.0 -11339.399807095528 
24040.0 -24007.699591577053 
19304.0 -20325.899654209614 
13240.0 -14180.59975874424 
6396.0 -8015.999863624573 
25688.0 -25409.399567723274 
21467.0 -22060.099624693394 
25459.0 -25038.399574041367 
22820.0 -23025.299608290195 
23110.0 -23431.299601376057 
5741.0 -7223.599877119064 
55.0 -1020.1999826431274 
29583.0 -27098.099538981915 
26050.0 -25732.099562227726 
17559.0 -18961.69967740774 
20073.0 -21099.399641036987 
8367.0 -9982.899830162525 
7147.0 -9000.499846875668 
15195.0 -16906.599712371826 
59.0 -1049.5999821424484 
11971.0 -13093.199777245522 
14230.0 -15860.499730169773 
18440.0 -19640.299665868282 
26554.0 -25798.599561095238 
6003.0 -7613.499870479107 
11460.0 -12429.599788546562 
29089.0 -26951.09954148531 
1297.0 -3057.799947977066 
27439.0 -26435.899550259113 
16194.0 -17631.399700045586 
22078.0 -22793.299612224102 
24656.0 -24771.39957857132 
5478.0 -6922.999882221222 
18352.0 -19288.89967185259 
24914.0 -24881.299576699734 
28583.0 -26918.199542045593 
19627.0 -20645.09964877367 
15469.0 -16919.19971215725 
8917.0 -9995.499829947948 
8082.0 -9063.499845802784 
4307.0 -5981.19989824295 
21072.0 -21824.199628710747 
20814.0 -21714.299630582333 
22336.0 -22903.199610352516 
23497.0 -23823.999594688416 
27149.0 -26029.899557173252 
4493.0 -6225.099894106388 
19885.0 -20754.999646902084 
7483.0 -9062.099845826626 
18834.0 -20028.099659264088 
17092.0 -18052.799692869186 
18083.0 -19011.399676561356 
28059.0 -26868.49954289198 
21846.0 -22352.299619734287 
11609.0 -12676.699784338474 
6060.0 -7954.3998646736145 
11635.0 -13031.599778294563 
27001.0 -25969.39955818653 
18779.0 -19944.0996606946 
23298.0 -23775.69959551096 
31964.0 -27310.199535369873 
8192.0 -9380.899840414524 
20524.0 -21308.29963749647 
9959.0 -11339.399807095528 
24330.0 -24413.699584662914 
16452.0 -17741.299698174 
4493.0 -6225.099894106388 
27775.0 -26497.49954921007 
20671.0 -21308.99963748455 
28033.0 -26607.399547338486 
10987.0 -12057.599794864655 
24330.0 -24413.699584662914 
