0.0 -0.0 
34698.0 -27406.799533724785 
34698.0 -27406.799533724785 
0.0 -0.0 
32488.0 -27376.699534237385 
16051.0 -17226.099706947803 
1917.0 -3917.699933350086 
2707.0 -4149.399929404259 
15195.0 -16906.599712371826 
33526.0 -27404.699533760548 
9250.0 -11020.59981250763 
1283.0 -2095.6999643445015 
27500.0 -26470.899549663067 
5368.0 -6966.399881482124 
31062.0 -27284.299535810947 
3784.0 -5906.29989951849 
22078.0 -22793.299612224102 
15099.0 -16189.099724590778 
346.0 -2063.499964892864 
1755.0 -3112.3999470472336 
1297.0 -3057.799947977066 
22860.0 -22952.89960950613 
11635.0 -13031.599778294563 
2869.0 -4954.699915707111 
59.0 -1049.5999821424484 
7391.0 -9001.199846863747 
18547.0 -19305.699671566486 
9076.0 -10301.699824750423 
26965.0 -25963.7995582819 
7059.0 -8679.199852347374 
13240.0 -14180.59975874424 
26050.0 -25732.099562227726 
16415.0 -17888.999695658684 
10415.0 -12049.199795007706 
17643.0 -18970.09967726469 
17220.0 -18657.899682581425 
14230.0 -15860.499730169773 
23008.0 -23369.6996024251 
17124.0 -18207.799690246582 
21706.0 -22081.099624335766 
6769.0 -8273.199859261513 
11319.0 -12270.699791252613 
25688.0 -25409.399567723274 
9959.0 -11339.399807095528 
55.0 -1020.1999826431274 
20073.0 -21099.399641036987 
8367.0 -9982.899830162525 
4922.0 -6313.299892604351 
21072.0 -21824.199628710747 
10267.0 -11343.599807024002 
18595.0 -20007.099659621716 
25545.0 -25004.099574625492 
14139.0 -15195.199741482735 
18244.0 -19039.39967608452 
24975.0 -24916.299576103687 
28120.0 -26903.499542295933 
7856.0 -9319.299841463566 
3573.0 -5105.899913132191 
14760.0 -15875.899729907513 
24765.0 -24581.69958180189 
11414.0 -12773.999782681465 
21846.0 -22352.299619734287 
5032.0 -6904.799882531166 
13278.0 -14823.499747812748 
12634.0 -13756.399765968323 
12344.0 -13350.399772882462 
10833.0 -12098.19979417324 
20763.0 -21329.299637138844 
24040.0 -24007.699591577053 
27837.0 -26757.899544775486 
29644.0 -27050.499539792538 
12708.0 -14058.099760830402 
6526.0 -7963.499864518642 
8899.0 -10052.899828970432 
16680.0 -17935.89969485998 
18931.0 -20068.699658572674 
28851.0 -26994.499540746212 
19304.0 -20325.899654209614 
30157.0 -27084.099539220333 
6003.0 -7613.499870479107 
23298.0 -23775.69959551096 
24330.0 -24413.699584662914 
23497.0 -23823.999594688416 
493.0 -2064.1999648809433 
6060.0 -7954.3998646736145 
19594.0 -20731.899647295475 
19815.0 -20989.499642908573 
4307.0 -5981.19989824295 
20814.0 -21714.299630582333 
13952.0 -15027.899744331837 
7856.0 -9319.299841463566 
3290.0 -4967.999915480614 
6003.0 -7613.499870479107 
29090.0 -27015.499540388584 
30529.0 -27209.399537086487 
26608.0 -25897.999559402466 
19562.0 -20435.799652338028 
24298.0 -24117.599589705467 
4307.0 -5981.19989824295 
12344.0 -13350.399772882462 
