0.0 -0.0 
34698.0 -27406.799533724785 
34698.0 -27406.799533724785 
0.0 -0.0 
346.0 -2063.499964892864 
1283.0 -2095.6999643445015 
3573.0 -5105.899913132191 
2869.0 -4954.699915707111 
31161.0 -27242.999536514282 
16221.0 -17933.099694907665 
7147.0 -9000.499846875668 
16178.0 -17237.999706745148 
11717.0 -12776.099782645702 
16930.0 -18251.899689495564 
1917.0 -3917.699933350086 
23436.0 -23788.999595284462 
5741.0 -7223.599877119064 
3784.0 -5906.29989951849 
14230.0 -15860.499730169773 
8279.0 -9661.599835634232 
13278.0 -14823.499747812748 
34125.0 -27406.099533736706 
6060.0 -7954.3998646736145 
1297.0 -3057.799947977066 
8668.0 -9989.199830055237 
30156.0 -27139.39953827858 
9250.0 -11020.59981250763 
22078.0 -22793.299612224102 
15099.0 -16189.099724590778 
24187.0 -24008.399591565132 
6763.0 -8172.099860966206 
12046.0 -13090.399777293205 
12443.0 -13400.799772024155 
14139.0 -15195.199741482735 
5004.0 -6888.699882805347 
2707.0 -4149.399929404259 
7105.0 -8334.799858212471 
29187.0 -26936.39954173565 
24496.0 -24180.599588632584 
25688.0 -25409.399567723274 
15453.0 -17016.49971050024 
15195.0 -16906.599712371826 
12659.0 -13773.8997656703 
25640.0 -24930.29957586527 
55.0 -1020.1999826431274 
20524.0 -21308.29963749647 
24692.0 -24736.399579167366 
27475.0 -26435.199550271034 
10388.0 -11427.59980559349 
4922.0 -6313.299892604351 
17253.0 -18571.09968405962 
23110.0 -23431.299601376057 
1755.0 -3112.3999470472336 
9076.0 -10301.699824750423 
17441.0 -18915.499678194523 
10415.0 -12049.199795007706 
18020.0 -19004.399676680565 
59.0 -1049.5999821424484 
14838.0 -15956.399728536606 
22812.0 -22813.899611890316 
26975.0 -25919.699559032917 
18473.0 -19553.499667346478 
19627.0 -20645.09964877367 
26050.0 -25732.099562227726 
13240.0 -14180.59975874424 
20814.0 -21714.299630582333 
29931.0 -26955.999541401863 
19127.0 -20129.599657535553 
33110.0 -27371.099534332752 
28593.0 -26884.599542617798 
25028.0 -24832.2995775342 
4493.0 -6225.099894106388 
33013.0 -27330.499535024166 
9959.0 -11339.399807095528 
26443.0 -25797.19956111908 
5556.0 -6954.49988168478 
27357.0 -26065.599556565285 
19488.0 -20262.899655282497 
18268.0 -19280.49967199564 
27837.0 -26757.899544775486 
19815.0 -20989.499642908573 
7856.0 -9319.299841463566 
21483.0 -21962.799626350403 
9668.0 -11069.599811673164 
10881.0 -12058.299794852734 
18595.0 -20007.099659621716 
13002.0 -14060.19976079464 
2286.0 -4136.099929630756 
23064.0 -23025.999608278275 
32016.0 -27307.399535417557 
21209.0 -21950.19962656498 
32016.0 -27307.399535417557 
11179.0 -12321.799790382385 
11179.0 -12321.799790382385 
4250.0 -5915.399899363518 
21788.0 -22387.29961913824 
7856.0 -9319.299841463566 
21788.0 -22387.29961913824 
20763.0 -21329.299637138844 
13734.0 -15084.599743366241 
