0.0 -0.0 
34698.0 -27406.799533724785 
0.0 -0.0 
34698.0 -27406.799533724785 
346.0 -2063.499964892864 
1283.0 -2095.6999643445015 
7147.0 -9000.499846875668 
3784.0 -5906.29989951849 
8367.0 -9982.899830162525 
5713.0 -7207.499877393246 
21467.0 -22060.099624693394 
17441.0 -18915.499678194523 
10317.0 -11543.799803614616 
7105.0 -8334.799858212471 
17846.0 -19026.099676311016 
19122.0 -20123.29965764284 
3573.0 -5105.899913132191 
6060.0 -7954.3998646736145 
1297.0 -3057.799947977066 
9823.0 -11021.299812495708 
11635.0 -13031.599778294563 
20847.0 -21627.499632060528 
1755.0 -3112.3999470472336 
4922.0 -6313.299892604351 
27439.0 -26435.899550259113 
9250.0 -11020.59981250763 
4454.0 -5981.8998982310295 
31746.0 -27288.499535739422 
16051.0 -17226.099706947803 
25688.0 -25409.399567723274 
59.0 -1049.5999821424484 
25278.0 -24918.399576067924 
9076.0 -10301.699824750423 
7856.0 -9319.299841463566 
6565.0 -7969.099864423275 
14230.0 -15860.499730169773 
19815.0 -20989.499642908573 
13278.0 -14823.499747812748 
2707.0 -4149.399929404259 
15195.0 -16906.599712371826 
13240.0 -14180.59975874424 
10868.0 -12061.799794793129 
31198.0 -27224.099536836147 
24504.0 -24426.299584448338 
29361.0 -26934.99954175949 
24900.0 -24772.0995785594 
1917.0 -3917.699933350086 
55.0 -1020.1999826431274 
18595.0 -20007.099659621716 
27121.0 -25972.199558138847 
22078.0 -22793.299612224102 
12658.0 -13892.899763643742 
16221.0 -17933.099694907665 
2869.0 -4954.699915707111 
20539.0 -21108.499640882015 
28454.0 -26913.29954212904 
15099.0 -16189.099724590778 
27801.0 -26758.599544763565 
26219.0 -25453.499566972256 
5004.0 -6888.699882805347 
15727.0 -17029.099710285664 
11427.0 -12370.099789559841 
24418.0 -24040.999590992928 
10415.0 -12049.199795007706 
30477.0 -27175.79953765869 
18473.0 -19553.499667346478 
23902.0 -23934.59959280491 
14139.0 -15195.199741482735 
12557.0 -13076.399777531624 
33527.0 -27392.799533963203 
16930.0 -18251.899689495564 
23537.0 -23796.69959515333 
12578.0 -13212.899775207043 
26369.0 -25876.999559760094 
16626.0 -18043.69969302416 
8929.0 -10040.299829185009 
5441.0 -6904.799882531166 
2286.0 -4136.099929630756 
13757.0 -14930.599745988846 
11537.0 -12526.199786901474 
33770.0 -27405.399533748627 
14648.0 -15980.199728131294 
29619.0 -27102.29953891039 
20626.0 -21369.89963644743 
32662.0 -27364.79953444004 
32662.0 -27364.79953444004 
30112.0 -27132.39953839779 
13028.0 -13898.499763548374 
19627.0 -20645.09964877367 
21846.0 -22352.299619734287 
23110.0 -23431.299601376057 
22483.0 -22903.899610340595 
34551.0 -27406.099533736706 
7856.0 -9319.299841463566 
22999.0 -23010.299608528614 
3143.0 -4967.299915492535 
23384.0 -23443.89960116148 
26764.0 -25906.399559259415 
28120.0 -26903.499542295933 
19627.0 -20645.09964877367 
