0.0 -0.0 
34698.0 -27406.799533724785 
0.0 -0.0 
34698.0 -27406.799533724785 
21788.0 -22387.29961913824 
346.0 -2063.499964892864 
7147.0 -9000.499846875668 
12708.0 -14058.099760830402 
32527.0 -27376.699534237385 
24330.0 -24413.699584662914 
7856.0 -9319.299841463566 
16051.0 -17226.099706947803 
9076.0 -10301.699824750423 
5556.0 -6954.49988168478 
3784.0 -5906.29989951849 
3573.0 -5105.899913132191 
1917.0 -3917.699933350086 
21053.0 -21735.299630224705 
13278.0 -14823.499747812748 
6003.0 -7613.499870479107 
31740.0 -27302.499535501003 
1297.0 -3057.799947977066 
28184.0 -26853.09954315424 
1755.0 -3112.3999470472336 
25946.0 -25519.29956585169 
15099.0 -16189.099724590778 
9250.0 -11020.59981250763 
12417.0 -13195.699775516987 
18140.0 -19100.999675035477 
2707.0 -4149.399929404259 
59.0 -1049.5999821424484 
23298.0 -23775.69959551096 
22078.0 -22793.299612224102 
18440.0 -19640.299665868282 
28980.0 -27014.799540400505 
19815.0 -20989.499642908573 
14230.0 -15860.499730169773 
13240.0 -14180.59975874424 
33607.0 -27389.999534010887 
2869.0 -4954.699915707111 
1283.0 -2095.6999643445015 
27439.0 -26435.899550259113 
22698.0 -22935.399609804153 
30890.0 -27273.099536001682 
15195.0 -16906.599712371826 
17188.0 -18361.799687623978 
10415.0 -12049.199795007706 
4783.0 -6631.099887192249 
55.0 -1020.1999826431274 
24117.0 -23966.099592268467 
27062.0 -26004.399557590485 
16905.0 -17951.9996945858 
8146.0 -9725.299834549427 
11469.0 -12727.799783468246 
13881.0 -15085.29974335432 
14139.0 -15195.199741482735 
11124.0 -12367.999789595604 
4493.0 -6225.099894106388 
14767.0 -15919.299729168415 
18595.0 -20007.099659621716 
17643.0 -18970.09967726469 
10388.0 -11427.59980559349 
11635.0 -13031.599778294563 
27895.0 -26500.299549162388 
20524.0 -21308.29963749647 
15531.0 -16968.199711322784 
30434.0 -27208.699537098408 
6565.0 -7969.099864423275 
6977.0 -8286.499859035015 
9774.0 -11070.299811661243 
5032.0 -6904.799882531166 
29857.0 -27110.699538767338 
23078.0 -23135.19960641861 
10939.0 -12098.89979416132 
4307.0 -5981.19989824295 
8668.0 -9989.199830055237 
19092.0 -20137.999657392502 
33993.0 -27404.699533760548 
2286.0 -4136.099929630756 
10373.0 -11071.699811637402 
19304.0 -20325.899654209614 
24914.0 -24881.299576699734 
16221.0 -17933.099694907665 
25688.0 -25409.399567723274 
23207.0 -23417.999601602554 
6060.0 -7954.3998646736145 
29436.0 -27097.399538993835 
12274.0 -13100.899777114391 
1066.0 -2080.299964606762 
20814.0 -21714.299630582333 
19815.0 -20989.499642908573 
25609.0 -24966.69957524538 
3143.0 -4967.299915492535 
26705.0 -25938.599558711052 
8367.0 -9982.899830162525 
26705.0 -25938.599558711052 
6961.0 -8205.999860405922 
20671.0 -21308.99963748455 
25370.0 -24945.69957560301 
17488.0 -18603.299683511257 
