0.0 -0.0 
97388.0 -64923.49889546633 
97388.0 -64923.49889546633 
0.0 -0.0 
17842.0 -15422.299737632275 
93810.0 -64457.298903405666 
19358.0 -17282.09970599413 
7522.0 -7763.999867916107 
75643.0 -57363.399024128914 
48222.0 -38817.19933962822 
71807.0 -54976.49906474352 
20699.0 -17869.39969599247 
34891.0 -28887.499508559704 
91149.0 -64365.59890496731 
41435.0 -34361.89941543341 
86976.0 -63657.19891703129 
67268.0 -52270.499110758305 
36300.0 -30096.69948798418 
73277.0 -56351.599041342735 
30808.0 -26938.799541711807 
5029.0 -6925.799882173538 
31865.0 -27857.49952608347 
43951.0 -36399.499380767345 
9797.0 -9844.999832510948 
40449.0 -33601.699428379536 
57606.0 -46317.999212026596 
79816.0 -59809.79898250103 
10774.0 -10676.199818372726 
64964.0 -51389.199125766754 
52340.0 -42578.099275648594 
55294.0 -44140.09924906492 
36875.0 -30953.799473404884 
77421.0 -58505.3990046978 
46577.0 -37892.199355363846 
70193.0 -54063.39908027649 
2696.0 -3972.2999324202538 
1085.0 -2933.8999500870705 
82487.0 -61768.29894918203 
45573.0 -36858.99937295914 
27153.0 -23244.399604558945 
26173.0 -23067.29960757494 
712.0 -1884.299967944622 
84171.0 -61788.59894883633 
22011.0 -19147.499674260616 
52057.0 -42343.599279642105 
59273.0 -46484.19920921326 
15927.0 -14823.499747812748 
59470.0 -47516.29919165373 
13913.0 -13682.199767231941 
24951.0 -22142.299623310566 
86150.0 -62564.89893561602 
125.0 -1049.5999821424484 
72566.0 -56132.499045073986 
28033.0 -24401.79958486557 
76663.0 -57854.09901577234 
63514.0 -50064.89914828539 
62234.0 -49441.899158895016 
3580.0 -5309.199909687042 
51437.0 -40731.59930706024 
23299.0 -20037.499659121037 
80960.0 -60687.898967564106 
3580.0 -5309.199909687042 
56519.0 -45274.69922977686 
30149.0 -25467.499566733837 
81593.0 -60852.39896476269 
85093.0 -62547.39893591404 
49731.0 -40079.599318146706 
38912.0 -32901.399440288544 
68385.0 -53283.29909354448 
42733.0 -35560.5993950367 
69197.0 -54041.69908064604 
56469.0 -44897.7992361784 
78327.0 -59459.098988473415 
15927.0 -14823.499747812748 
33129.0 -28602.599513411522 
30492.0 -25494.099566280842 
8178.0 -8802.39985024929 
61657.0 -48999.19916641712 
13066.0 -12626.99978518486 
11822.0 -11442.299805343151 
54168.0 -43689.299256742 
23718.0 -20588.399649739265 
38230.0 -31840.59945833683 
64363.0 -50327.39914381504 
5029.0 -6925.799882173538 
89158.0 -64021.198910832405 
37779.0 -31829.799458503723 
51161.0 -40676.299308001995 
67815.0 -52912.999099850655 
13066.0 -12626.99978518486 
22483.0 -19151.69967418909 
24951.0 -22142.299623310566 
13913.0 -13682.199767231941 
42733.0 -35560.5993950367 
46294.0 -37425.999363303185 
60612.0 -48614.89917296171 
89158.0 -64021.198910832405 
1654.0 -3919.7999333143234 
54168.0 -43689.299256742 
11822.0 -11442.299805343151 
