0.0 -0.0 
97388.0 -64923.49889546633 
0.0 -0.0 
97388.0 -64923.49889546633 
3772.0 -4944.899915874004 
1654.0 -3919.7999333143234 
968.0 -1735.19997048378 
5029.0 -6925.799882173538 
23760.0 -19657.09966558218 
33336.0 -28708.29951161146 
73930.0 -56596.59903717041 
31253.0 -27619.499530136585 
91172.0 -64432.09890383482 
20456.0 -17570.499701082706 
6475.0 -7901.899865567684 
58323.0 -46063.499216377735 
24951.0 -22142.299623310566 
18317.0 -16606.299717485905 
77418.0 -59017.39899599552 
83681.0 -61885.89894717932 
21181.0 -18348.499687850475 
78792.0 -59534.698987185955 
51911.0 -42284.79928064346 
12121.0 -12170.599792957306 
80031.0 -60450.5989716053 
22681.0 -19267.199672222137 
90223.0 -63972.89891165495 
14416.0 -14260.699757397175 
50369.0 -40465.599311590195 
28802.0 -25124.499572575092 
13684.0 -12421.199788689613 
56530.0 -45053.49923354387 
30967.0 -26057.899556696415 
50682.0 -41359.79929637909 
70896.0 -54551.2990719676 
54900.0 -43982.89925175905 
39061.0 -32336.499449908733 
58804.0 -46997.299200475216 
60110.0 -47632.499189674854 
65285.0 -51227.19912850857 
41745.0 -34991.49940472841 
47532.0 -38348.89934760332 
69881.0 -53973.49908179045 
11428.0 -10757.399816989899 
87856.0 -63619.39891767502 
72070.0 -55354.49905830622 
75858.0 -58108.49901145697 
46004.0 -37019.599370241165 
72765.0 -55874.59904944897 
48958.0 -39619.699325978756 
94640.0 -64810.7988973856 
66291.0 -51625.0991217494 
29678.0 -25795.399561166763 
53120.0 -42905.99927008152 
46684.0 -37841.099356234074 
64288.0 -50209.79914581776 
81223.0 -60962.99896287918 
37287.0 -30982.099472939968 
54308.0 -43058.59926748276 
43637.0 -35515.09939581156 
63627.0 -49990.69914954901 
62113.0 -49446.09915882349 
8357.0 -8773.699850738049 
75858.0 -58108.49901145697 
16649.0 -15610.599734425545 
16384.0 -14705.899749815464 
9592.0 -9714.099834740162 
55973.0 -44753.19923865795 
26026.0 -23175.799605727196 
7981.0 -8587.499853909016 
40402.0 -34076.299420297146 
18060.0 -15755.499731957912 
37439.0 -32007.899455487728 
68288.0 -53118.09909635782 
27702.0 -24225.399587869644 
45745.0 -35968.99938809872 
96728.0 -64894.09889596701 
85436.0 -62369.598938941956 
60613.0 -48543.49917417765 
86504.0 -63332.3989225626 
35866.0 -30292.299484670162 
9592.0 -9714.099834740162 
41335.0 -34366.3994153738 
27702.0 -24225.399587869644 
94640.0 -64810.7988973856 
34657.0 -29671.099495232105 
14973.0 -14560.999752283096 
25168.0 -22148.599623203278 
85465.0 -62630.69893449545 
36359.0 -30431.599482297897 
26026.0 -23175.799605727196 
82040.0 -61412.698955237865 
11428.0 -10757.399816989899 
34657.0 -29671.099495232105 
67164.0 -52358.29910928011 
44705.0 -35898.29938930273 
67164.0 -52358.29910928011 
39654.0 -33373.89943224192 
61334.0 -48727.59917104244 
61698.0 -49069.49916523695 
