0.0 -0.0 
97388.0 -64923.49889546633 
97388.0 -64923.49889546633 
0.0 -0.0 
38758.0 -32822.99944162369 
30114.0 -26443.899550139904 
26319.0 -22979.099609076977 
40997.0 -34205.799418091774 
11614.0 -10893.199814677238 
57125.0 -45993.899217545986 
18458.0 -16247.199723601341 
44788.0 -36615.0993770957 
56324.0 -43874.399253606796 
3782.0 -5951.09989875555 
9088.0 -9772.899833738804 
47551.0 -37571.89936083555 
8941.0 -8884.299848854542 
32383.0 -27967.699524223804 
85206.0 -62953.69892901182 
89588.0 -63785.29891484976 
33908.0 -29240.999502539635 
16711.0 -14553.299752414227 
83646.0 -62044.79894447327 
21527.0 -19059.299675762653 
2779.0 -3965.999932527542 
28878.0 -24964.899575293064 
31313.0 -27625.799530029297 
126.0 -1049.5999821424484 
27053.0 -23911.09959322214 
16863.0 -15579.099734961987 
1130.0 -2945.0999498963356 
61477.0 -48556.79917395115 
66331.0 -51022.0991320014 
52818.0 -42607.499275147915 
80632.0 -60225.59897542 
48366.0 -39387.99932992458 
24935.0 -21133.999640464783 
81990.0 -60661.99896800518 
62165.0 -49401.99915957451 
37941.0 -31616.299462139606 
87063.0 -63090.89892667532 
76218.0 -57865.99901556969 
74673.0 -57319.99902486801 
50165.0 -40861.79930484295 
36284.0 -30816.899475753307 
19985.0 -17571.899701058865 
77095.0 -58251.999009013176 
82343.0 -61679.39895069599 
68472.0 -53345.59909248352 
91526.0 -64572.098901450634 
79246.0 -59872.09898144007 
88092.0 -63589.29891818762 
47730.0 -38085.69935208559 
19985.0 -17571.899701058865 
6844.0 -7904.6998655200005 
74251.0 -56636.49903649092 
54131.0 -43393.89926177263 
63402.0 -49856.999151825905 
28202.0 -24669.499580323696 
67012.0 -52368.09910911322 
58213.0 -46741.799204826355 
14492.0 -13953.79976260662 
35885.0 -29652.89949554205 
64393.0 -50199.59914600849 
6506.0 -6962.19988155365 
65079.0 -50928.299133598804 
49338.0 -39622.49932593107 
59218.0 -46855.89920288324 
23793.0 -21098.99964106083 
70501.0 -54457.499073565006 
52031.0 -41558.599292993546 
68384.0 -52750.99910259247 
54536.0 -43760.99925553799 
78079.0 -59121.39899420738 
14248.0 -13943.299762785435 
60472.0 -47766.19918739796 
36925.0 -31480.499464452267 
96168.0 -64826.19889712334 
22430.0 -19106.89967495203 
4927.0 -6369.999891638756 
73554.0 -55760.49905139208 
13190.0 -12904.199780464172 
49710.0 -40581.79930961132 
12061.0 -11923.899797141552 
41702.0 -35023.69940418005 
60214.0 -47494.299192011356 
34867.0 -29538.79949748516 
93987.0 -64822.69889718294 
2779.0 -3965.999932527542 
13190.0 -12904.199780464172 
23314.0 -20151.599657177925 
43464.0 -35891.6993893981 
5074.0 -6936.999881982803 
93987.0 -64822.69889718294 
23224.0 -19805.799663066864 
44050.0 -35925.29938882589 
42690.0 -35179.099401533604 
91526.0 -64572.098901450634 
52809.0 -41590.79929244518 
78517.0 -59235.79899227619 
