0.0 -0.0 
97388.0 -64923.49889546633 
97388.0 -64923.49889546633 
0.0 -0.0 
86993.0 -63527.69891923666 
91677.0 -64301.19890606403 
72806.0 -56015.29904705286 
20364.0 -18393.999687075615 
18282.0 -16518.79971897602 
25373.0 -22413.899618685246 
16514.0 -15581.899734914303 
93148.0 -64329.898905575275 
31675.0 -27891.099525511265 
28898.0 -25523.099565804005 
3100.0 -4895.899916708469 
21903.0 -19351.899670779705 
96094.0 -64877.99889624119 
81651.0 -61235.59895825386 
82658.0 -61792.09894877672 
65109.0 -50974.49913281202 
19510.0 -17263.199706315994 
15477.0 -14794.099748313427 
80134.0 -60111.79897737503 
63055.0 -50269.5991448164 
46888.0 -37880.99935555458 
5074.0 -6936.999881982803 
23028.0 -20066.899658620358 
84747.0 -62511.29893654585 
9133.0 -9784.099833548069 
60635.0 -48169.3991805315 
70885.0 -54612.19907093048 
15171.0 -13251.699774563313 
41019.0 -34201.5994181633 
54291.0 -43883.499253451824 
74232.0 -57212.89902669191 
1654.0 -3919.7999333143234 
1460.0 -1285.0999781489372 
42422.0 -35351.999398589134 
36303.0 -30726.299477279186 
44297.0 -36363.79938137531 
53210.0 -42901.09927016497 
1512.0 -3005.999948859215 
12564.0 -12502.399787306786 
51291.0 -41576.7992926836 
77952.0 -59144.79899382591 
11994.0 -11349.199806928635 
76670.0 -58704.899001300335 
50452.0 -40922.99930381775 
26457.0 -23056.099607765675 
52140.0 -42536.79927635193 
49243.0 -40301.79931437969 
85804.0 -62760.498932302 
13329.0 -13217.399775147438 
62089.0 -49156.69916373491 
69301.0 -53996.1990814209 
37773.0 -31404.899465739727 
78930.0 -59911.998980760574 
48905.0 -39359.29933041334 
35943.0 -29786.599493265152 
10791.0 -9852.699832379818 
39257.0 -33120.49943655729 
76069.0 -57730.19901788235 
43236.0 -35596.29939442873 
40219.0 -33839.3994243145 
29450.0 -25774.39956152439 
3782.0 -5951.09989875555 
24102.0 -20959.699643433094 
68590.0 -53342.799092531204 
30745.0 -26511.099548995495 
57503.0 -46042.89921671152 
59715.0 -46969.99920094013 
27116.0 -23864.899594008923 
66830.0 -52400.99910855293 
64463.0 -50700.79913747311 
30968.0 -26928.9995418787 
27116.0 -23864.899594008923 
61375.0 -48905.39916801453 
45127.0 -37135.49936825037 
126.0 -1049.5999821424484 
33301.0 -28859.49950903654 
56539.0 -45308.299229204655 
6520.0 -7913.099865376949 
4736.0 -5994.499898016453 
7790.0 -8796.799850344658 
6520.0 -7913.099865376949 
7790.0 -8796.799850344658 
58274.0 -46839.799203157425 
75340.0 -57296.19902527332 
24102.0 -20959.699643433094 
10943.0 -10878.499814927578 
70442.0 -54569.49907165766 
33301.0 -28859.49950903654 
55960.0 -44362.29924529791 
55858.0 -44112.39924955368 
66830.0 -52400.99910855293 
48497.0 -38004.49935346842 
34700.0 -29444.299499094486 
57239.0 -45400.69922763109 
45127.0 -37135.49936825037 
48652.0 -38343.69934767485 
