0.0 -0.0 
97388.0 -64923.49889546633 
97388.0 -64923.49889546633 
0.0 -0.0 
38933.0 -32554.899446189404 
36860.0 -31061.899471580982 
24869.0 -22079.99962437153 
79655.0 -60012.09897905588 
44073.0 -35800.69939094782 
12061.0 -12164.299793064594 
10684.0 -10526.399820923805 
45694.0 -36729.89937514067 
26869.0 -22911.899610221386 
18282.0 -16518.79971897602 
16913.0 -15306.799739599228 
2696.0 -3972.2999324202538 
23994.0 -20411.99965274334 
3737.0 -5939.899898946285 
89031.0 -63520.39891934395 
59453.0 -47490.3991920948 
81851.0 -60939.19896328449 
57333.0 -46244.799213290215 
73075.0 -56528.69903832674 
23118.0 -19865.299662053585 
71971.0 -55746.79905164242 
32462.0 -28216.899519979954 
56855.0 -45139.89923208952 
40322.0 -33704.99942660332 
87090.0 -63281.998923420906 
61164.0 -48706.59917140007 
90520.0 -64291.39890623093 
76628.0 -58775.59900009632 
20499.0 -18422.699686586857 
74523.0 -57132.39902806282 
47910.0 -38730.399341106415 
16177.0 -14492.699753463268 
58544.0 -47164.199197649956 
9321.0 -9203.79984343052 
51525.0 -41902.59928715229 
92052.0 -64341.09890538454 
13685.0 -13598.899768650532 
14416.0 -14260.699757397175 
1085.0 -2933.8999500870705 
64209.0 -50536.999140262604 
663.0 -2035.4999653697014 
49059.0 -39488.79932820797 
13461.0 -12314.799790501595 
35977.0 -29881.399491667747 
124.0 -1046.099982202053 
55269.0 -44680.39923989773 
22152.0 -18580.199683904648 
95959.0 -64885.69889611006 
40607.0 -34354.19941556454 
68647.0 -53534.59908926487 
53641.0 -43203.499265015125 
30940.0 -26395.599550962448 
28614.0 -25231.89957076311 
10246.0 -9770.099833786488 
85380.0 -62490.698936879635 
62327.0 -49618.29915589094 
50919.0 -41246.39929831028 
67012.0 -51699.29912048578 
28442.0 -23933.49959284067 
33987.0 -29041.79950594902 
71411.0 -54645.39907038212 
1654.0 -3919.7999333143234 
41990.0 -34943.899405539036 
27336.0 -23931.399592876434 
7796.0 -8786.99985051155 
65766.0 -50864.19913470745 
19879.0 -17324.099705278873 
83118.0 -60971.39896273613 
53237.0 -42316.59928011894 
49059.0 -39488.79932820797 
5946.0 -6197.799894571304 
47361.0 -37883.7993555069 
85673.0 -62857.49893063307 
50919.0 -41246.39929831028 
30146.0 -25639.99956381321 
83753.0 -61927.19894647598 
32060.0 -27341.599534869194 
19277.0 -17215.599707126617 
75619.0 -58189.69901007414 
33987.0 -29041.79950594902 
69839.0 -54229.29907745123 
75140.0 -57904.09901493788 
7694.0 -8231.199859976768 
46346.0 -37834.79935634136 
63726.0 -49693.89915460348 
68049.0 -52723.299103081226 
93858.0 -64663.09889990091 
77895.0 -59469.5989882946 
4691.0 -5983.299898207188 
78023.0 -59601.19898605347 
67852.0 -52295.99911034107 
30969.0 -27328.29953509569 
61685.0 -48873.19916856289 
66306.0 -51170.49912947416 
6973.0 -7553.299871504307 
94038.0 -64785.59889781475 
