0.0 -0.0 
97388.0 -64923.49889546633 
0.0 -0.0 
97388.0 -64923.49889546633 
76746.0 -58157.4990106225 
3737.0 -5939.899898946285 
56207.0 -44876.39923655987 
38030.0 -31476.99946451187 
14746.0 -13549.199769496918 
1085.0 -2933.8999500870705 
23897.0 -21157.79964005947 
62806.0 -50067.999148249626 
7399.0 -7750.699868142605 
74795.0 -57250.69902604818 
78306.0 -59066.39899516106 
92148.0 -64541.298901975155 
23596.0 -19891.19966161251 
15055.0 -14538.599752664566 
45407.0 -36575.89937776327 
43399.0 -35849.299390137196 
31398.0 -27631.39952993393 
20014.0 -18061.499692738056 
10884.0 -9803.699833214283 
28128.0 -24156.099589049816 
49018.0 -38905.39933812618 
3727.0 -3979.9999322891235 
19277.0 -17215.599707126617 
41266.0 -34705.89940959215 
61583.0 -48972.59916687012 
69153.0 -53692.79908657074 
68039.0 -52895.899100124836 
32370.0 -28266.999519109726 
40135.0 -34001.399421572685 
88027.0 -63662.79891693592 
2425.0 -3884.099933922291 
48109.0 -38265.59934902191 
71474.0 -54896.699066102505 
70520.0 -54146.6990788579 
54428.0 -43907.99925303459 
57354.0 -45858.799219846725 
52948.0 -42666.29927414656 
42797.0 -35151.79940199852 
57714.0 -46499.599208951 
30544.0 -26322.799552202225 
12781.0 -12508.699787199497 
64794.0 -50325.899143874645 
21506.0 -18866.79967904091 
12564.0 -12502.399787306786 
74291.0 -56488.79903900623 
22063.0 -19167.09967392683 
84311.0 -62162.39894247055 
46543.0 -37773.89935737848 
89916.0 -64294.19890618324 
5361.0 -6940.499881923199 
85268.0 -62882.29893022776 
36104.0 -29988.199489831924 
52067.0 -42374.399279117584 
26665.0 -23453.699600994587 
28698.0 -25173.499571740627 
54184.0 -43555.5992590189 
9380.0 -9218.49984318018 
35055.0 -29020.499506294727 
7900.0 -8604.999853610992 
25520.0 -22103.799623966217 
1063.0 -1261.9999785423279 
72528.0 -55561.69905477762 
11589.0 -10846.29981547594 
73479.0 -55692.59905254841 
36731.0 -31184.39946949482 
60545.0 -47622.69918984175 
16514.0 -15581.899734914303 
33927.0 -28809.099509894848 
61567.0 -47984.19918370247 
26474.0 -22951.799609541893 
778.0 -990.0999831557274 
66910.0 -52298.79911029339 
46439.0 -36986.799370765686 
94807.0 -64777.1988979578 
66358.0 -52047.499114573 
5361.0 -6940.499881923199 
50817.0 -41334.59929680824 
18057.0 -16315.79972243309 
51268.0 -41444.49929493666 
96968.0 -64919.29889553785 
65671.0 -51218.39912867546 
79096.0 -59888.49898117781 
49477.0 -40412.399312496185 
49960.0 -40424.29931229353 
81937.0 -60969.99896275997 
39104.0 -33167.39943575859 
90489.0 -64403.39890432358 
30544.0 -26322.799552202225 
18138.0 -16382.299721300602 
16514.0 -15581.899734914303 
82315.0 -61314.698956906796 
11589.0 -10846.29981547594 
86546.0 -63020.89892786741 
94807.0 -64777.1988979578 
87481.0 -63092.29892665148 
36428.0 -30451.19948196411 
