97388.0 -64923.49889546633 
0.0 -0.0 
0.0 -0.0 
97388.0 -64923.49889546633 
17350.0 -15143.699742376804 
65388.0 -51446.59912478924 
89712.0 -64138.09890884161 
46762.0 -37431.59936320782 
25210.0 -22058.999624729156 
78603.0 -59594.198986172676 
63555.0 -49963.699150025845 
45128.0 -36879.99937260151 
1025.0 -3015.799948692322 
49076.0 -39221.399332761765 
69742.0 -54049.39908051491 
48215.0 -38469.999345541 
39493.0 -32892.999440431595 
5029.0 -6925.799882173538 
52730.0 -41812.69928866625 
42597.0 -34992.19940471649 
4345.0 -5946.899898827076 
38136.0 -31816.79945874214 
28138.0 -24347.199585795403 
30770.0 -26515.29954892397 
84968.0 -62763.99893224239 
23733.0 -21092.699641168118 
36929.0 -30136.89948731661 
87834.0 -63844.79891383648 
50633.0 -41170.79929959774 
86439.0 -63311.39892292023 
50338.0 -40403.29931265116 
95537.0 -64719.79889893532 
14898.0 -14538.599752664566 
92653.0 -64698.798899292946 
40770.0 -33866.299423873425 
19915.0 -18118.19969177246 
58793.0 -46315.4992120862 
60727.0 -48520.39917457104 
66552.0 -52095.79911375046 
21926.0 -18592.099683701992 
6420.0 -7826.999866843224 
44379.0 -35529.09939557314 
23584.0 -20120.099657714367 
68422.0 -52603.99910509586 
80305.0 -60586.39896929264 
10569.0 -10202.299826443195 
19153.0 -16619.599717259407 
34613.0 -29375.699500262737 
22207.0 -19368.699670493603 
62140.0 -48584.79917347431 
37315.0 -31216.599468946457 
74562.0 -57259.79902589321 
9155.0 -9633.599836111069 
12903.0 -12113.199793934822 
57154.0 -45960.99921810627 
62643.0 -49747.79915368557 
54987.0 -43933.19925260544 
11812.0 -11639.69980198145 
35034.0 -29727.09949427843 
26140.0 -23080.599607348442 
11488.0 -10744.099817216396 
13567.0 -12852.399781346321 
28695.0 -25327.799569129944 
70851.0 -54332.89907568693 
59792.0 -47347.59919452667 
31401.0 -27524.99953174591 
998.0 -1046.7999821901321 
2452.0 -3997.4999319911003 
32970.0 -28464.699515759945 
53390.0 -43099.199266791344 
32970.0 -28464.699515759945 
93218.0 -64716.29889899492 
1699.0 -3930.9999331235886 
82384.0 -61566.69895261526 
18342.0 -16525.099718868732 
54626.0 -43681.59925687313 
3108.0 -5035.899914324284 
13826.0 -13671.699767410755 
72508.0 -55488.19905602932 
40176.0 -33738.199426054955 
7617.0 -7955.799864649773 
71352.0 -55112.29906243086 
9126.0 -8747.799851179123 
81842.0 -61281.098957479 
7774.0 -8740.099851310253 
77788.0 -58687.39900159836 
29908.0 -25484.599566459656 
67852.0 -52588.199105381966 
75064.0 -57644.09901934862 
43466.0 -35245.599400401115 
80650.0 -60913.998963713646 
59436.0 -47272.39919579029 
56939.0 -45194.899231135845 
84256.0 -61741.69894963503 
73348.0 -56309.59904205799 
515.0 -935.4999840855598 
14335.0 -14194.199758529663 
56148.0 -44984.199234724045 
73348.0 -56309.59904205799 
76456.0 -57751.19901752472 
