0.0 -0.0 
97388.0 -64923.49889546633 
0.0 -0.0 
97388.0 -64923.49889546633 
41759.0 -35037.69940394163 
13766.0 -13665.399767518044 
62738.0 -50116.99914741516 
7790.0 -8796.799850344658 
18057.0 -16350.799721837044 
44510.0 -36057.19938659668 
28698.0 -25173.499571740627 
49380.0 -40250.69931524992 
40032.0 -33915.99942302704 
69492.0 -54164.899078547955 
1085.0 -2933.8999500870705 
20701.0 -18072.69969254732 
16092.0 -15310.299739539623 
64571.0 -50618.199138879776 
9862.0 -9858.29983228445 
26802.0 -23904.79959332943 
50936.0 -41435.39929509163 
86924.0 -62856.39893066883 
15797.0 -14542.79975259304 
56243.0 -45118.59923243523 
79103.0 -60290.99897432327 
37180.0 -31372.69946628809 
54216.0 -43861.099253833294 
11492.0 -11635.499802052975 
90515.0 -64287.19890630245 
32527.0 -28167.19952082634 
92192.0 -64634.39890038967 
53782.0 -42957.09926921129 
57891.0 -46444.29920989275 
71230.0 -55098.29906266928 
3081.0 -4901.499916613102 
38395.0 -32064.599454522133 
49073.0 -39016.2993362546 
47736.0 -38539.29934436083 
24951.0 -22142.299623310566 
66258.0 -51080.499131023884 
59216.0 -47460.99919259548 
12704.0 -11864.399798154831 
55508.0 -44846.99923706055 
23828.0 -20430.899652421474 
74110.0 -56414.59904026985 
45126.0 -36921.99937188625 
687.0 -1777.1999697685242 
22677.0 -20112.399657845497 
36335.0 -30384.6994830966 
83984.0 -62561.69893568754 
35798.0 -29781.6994933486 
66270.0 -52200.09911197424 
30711.0 -26536.99954855442 
67606.0 -52624.999104738235 
52559.0 -42065.699284374714 
34140.0 -29360.999500513077 
72661.0 -55595.9990541935 
60481.0 -47820.099186480045 
81256.0 -60652.89896816015 
77805.0 -59314.89899092913 
33545.0 -28901.499508321285 
89103.0 -63367.39892196655 
85246.0 -62730.3989328146 
125.0 -1049.5999821424484 
83320.0 -61040.2989615798 
60881.0 -48696.099171578884 
94324.0 -64695.99889934063 
70050.0 -54472.19907331467 
94964.0 -64879.398896217346 
30313.0 -25606.399564385414 
3782.0 -5951.09989875555 
5184.0 -6778.099884688854 
83381.0 -61466.598954319954 
26476.0 -22401.299618899822 
19358.0 -17282.09970599413 
58213.0 -46674.599205970764 
6498.0 -7810.899867117405 
46722.0 -37789.29935711622 
6498.0 -7810.899867117405 
89143.0 -63645.99891722202 
2452.0 -3997.4999319911003 
80599.0 -60554.198969841 
76215.0 -58231.69900935888 
77558.0 -59028.59899580479 
73786.0 -55773.79905116558 
75107.0 -57431.99902296066 
51607.0 -41997.799285531044 
5184.0 -6778.099884688854 
21806.0 -19148.899674236774 
60881.0 -48696.099171578884 
19536.0 -17296.79970574379 
67606.0 -52624.999104738235 
10426.0 -10345.799823999405 
97129.0 -64880.798896193504 
38837.0 -33095.999436974525 
21806.0 -19148.899674236774 
31317.0 -27378.699534237385 
39320.0 -33107.89943677187 
2452.0 -3997.4999319911003 
46178.0 -37483.39936232567 
