98074.0 -64902.498895823956 
0.0 -0.0 
98074.0 -64902.498895823956 
0.0 -0.0 
12061.0 -12164.299793064594 
41368.0 -34409.499414622784 
81039.0 -60594.79896914959 
18879.0 -16632.89971703291 
14335.0 -14194.199758529663 
30695.0 -26655.299546539783 
44085.0 -36017.29938727617 
36412.0 -31134.699470341206 
65259.0 -51157.89912968874 
34500.0 -29335.09950095415 
19774.0 -18045.399693012238 
7908.0 -8658.89985269308 
51812.0 -42278.49928075075 
55129.0 -44198.499248087406 
69145.0 -53990.599081516266 
9088.0 -9772.899833738804 
79006.0 -59891.69898110628 
50315.0 -41087.49930101633 
63043.0 -50135.599147081375 
2746.0 -4055.599931001663 
72555.0 -55633.09905356169 
94236.0 -64777.89889794588 
57949.0 -46645.19920647144 
35645.0 -29906.299491226673 
76352.0 -58207.199009776115 
23036.0 -19188.099673569202 
24950.0 -22146.49962323904 
29144.0 -25560.199565172195 
23678.0 -20972.299643218517 
60126.0 -48431.499176084995 
31762.0 -27901.59952533245 
26445.0 -22928.699609935284 
56644.0 -45146.19923198223 
712.0 -1884.299967944622 
10568.0 -10386.399823307991 
46094.0 -37571.59936082363 
16803.0 -15572.799735069275 
3737.0 -5939.899898946285 
83123.0 -61733.29894977808 
85059.0 -62111.29894334078 
53850.0 -43412.79926145077 
61368.0 -48994.99916648865 
15127.0 -14461.599753975868 
96460.0 -64810.7988973856 
1560.0 -2870.199951171875 
75547.0 -57513.199021577835 
90071.0 -63851.09891372919 
21547.0 -18479.39968562126 
44706.0 -36352.59938156605 
39732.0 -33743.09942597151 
71493.0 -54785.79906797409 
56996.0 -45754.499221622944 
126.0 -1049.5999821424484 
70630.0 -54537.9990721941 
46646.0 -37822.89935654402 
62987.0 -49239.599162340164 
85792.0 -62885.09893018007 
74115.0 -56422.9990401268 
16778.0 -15278.099740087986 
88789.0 -63460.19892036915 
67587.0 -53034.099097788334 
50210.0 -39905.59932112694 
39284.0 -32693.899443805218 
66992.0 -51709.79912030697 
77640.0 -59175.59899330139 
24174.0 -21417.499635636806 
91467.0 -64291.39890623093 
1654.0 -3919.7999333143234 
28625.0 -24828.399577617645 
5029.0 -6925.799882173538 
6475.0 -7901.899865567684 
47704.0 -38797.599339962006 
37935.0 -32105.19945383072 
5029.0 -6925.799882173538 
59155.0 -47435.799193024635 
67501.0 -52919.999099731445 
6475.0 -7901.899865567684 
92042.0 -64541.298901975155 
49083.0 -39751.9993237257 
32511.0 -28285.499518811703 
66669.0 -51434.699124991894 
21844.0 -19161.499674022198 
83208.0 -61886.5989471674 
47704.0 -38797.599339962006 
3737.0 -5939.899898946285 
59344.0 -47482.69919222593 
74669.0 -56673.59903585911 
77885.0 -59228.09899240732 
87068.0 -63023.69892781973 
10568.0 -10386.399823307991 
37935.0 -32105.19945383072 
87760.0 -63185.398925065994 
26747.0 -23784.39959537983 
53199.0 -42769.19927239418 
32511.0 -28285.499518811703 
39670.0 -33058.899437606335 
