0.0 -0.0 
97388.0 -64923.49889546633 
97388.0 -64923.49889546633 
0.0 -0.0 
48714.0 -38930.19933772087 
77804.0 -59545.19898700714 
68217.0 -53307.09909313917 
50892.0 -41062.99930143356 
2746.0 -4055.599931001663 
80459.0 -60631.1989685297 
11517.0 -10501.199821352959 
30068.0 -25849.29956024885 
32900.0 -28403.099516808987 
39874.0 -33873.999423742294 
9913.0 -9796.699833333492 
27532.0 -24186.899588525295 
38353.0 -32540.5994464159 
15778.0 -14245.299757659435 
62563.0 -49839.49915212393 
62114.0 -48789.89916998148 
993.0 -2029.8999654650688 
41012.0 -34235.899417579174 
64257.0 -50694.499137580395 
23155.0 -20331.499654114246 
1552.0 -3363.999942779541 
58931.0 -46769.79920434952 
13217.0 -12908.399780392647 
70230.0 -54538.69907218218 
57271.0 -46056.8992164731 
21893.0 -19159.39967405796 
14397.0 -13909.99976336956 
16890.0 -15583.299734890461 
24242.0 -21374.799636363983 
73955.0 -56969.2990308404 
67028.0 -52400.299108564854 
94122.0 -64702.29889923334 
36264.0 -30313.299484312534 
47309.0 -38549.799344182014 
87619.0 -62972.298928678036 
34669.0 -29552.099497258663 
3737.0 -5939.899898946285 
94.0 -1049.5999821424484 
24957.0 -22086.29962426424 
31224.0 -27353.49953466654 
54543.0 -43840.799254179 
82152.0 -61652.79895114899 
8976.0 -8775.099850714207 
83740.0 -62113.398943305016 
51679.0 -42197.99928212166 
42835.0 -35167.89940172434 
55362.0 -44567.699241817 
85308.0 -62859.898930609226 
72811.0 -56307.499042093754 
88053.0 -63778.29891496897 
19445.0 -17292.599705815315 
97148.0 -64907.39889574051 
89373.0 -64222.79890739918 
28919.0 -25090.899573147297 
34660.0 -28635.79951286316 
65049.0 -51447.29912477732 
75225.0 -57650.39901924133 
66420.0 -51573.99912261963 
53526.0 -43185.99926531315 
60405.0 -47964.99918401241 
53522.0 -42285.099280655384 
81557.0 -61001.49896222353 
19861.0 -18055.899692833424 
45325.0 -36722.899375259876 
26007.0 -22825.09961169958 
17841.0 -15896.499729573727 
22526.0 -19323.899671256542 
5029.0 -6925.799882173538 
91400.0 -64642.79890024662 
71590.0 -55326.499058783054 
59483.0 -47765.49918740988 
44165.0 -36242.69938343763 
37818.0 -31876.299457728863 
93157.0 -64696.69889932871 
6543.0 -7822.09986692667 
46640.0 -37557.59936106205 
28886.0 -24288.39958679676 
31224.0 -27353.49953466654 
12688.0 -11876.999797940254 
72469.0 -55539.99905514717 
85210.0 -62139.29894286394 
90695.0 -64395.69890445471 
5029.0 -6925.799882173538 
26007.0 -22825.09961169958 
12688.0 -11876.999797940254 
46044.0 -37550.59936118126 
6543.0 -7822.09986692667 
70845.0 -54703.19906938076 
7764.0 -8676.399852395058 
51176.0 -41354.19929647446 
43147.0 -35477.59939646721 
3737.0 -5939.899898946285 
56833.0 -45094.79923284054 
36802.0 -30965.29947322607 
76646.0 -58571.89900356531 
56430.0 -45028.59923398495 
