0.0 -0.0 
97388.0 -64923.49889546633 
97388.0 -64923.49889546633 
0.0 -0.0 
32628.0 -28096.499522030354 
30116.0 -26494.999549269676 
35244.0 -29703.99949467182 
21873.0 -18383.09968727827 
85224.0 -63014.5989279747 
15061.0 -13960.099762499332 
67123.0 -52550.799106001854 
65487.0 -51243.29912823439 
5027.0 -6147.399895429611 
18357.0 -16373.199721455574 
33438.0 -28951.1995074749 
7515.0 -8533.599854826927 
69540.0 -54185.89907819033 
3580.0 -5309.199909687042 
26947.0 -23916.699593126774 
1654.0 -3919.7999333143234 
39683.0 -33698.29942673445 
126.0 -1049.5999821424484 
89758.0 -64076.49890989065 
44069.0 -36296.59938251972 
57199.0 -46085.599215984344 
76717.0 -58342.299007475376 
46474.0 -37575.09936076403 
19919.0 -18057.29969280958 
45319.0 -37071.099369347095 
75531.0 -57636.39901947975 
16649.0 -15610.599734425545 
79830.0 -60193.69897598028 
19308.0 -17200.899707376957 
25554.0 -22154.19962310791 
92153.0 -64759.698898255825 
58313.0 -46882.49920243025 
2924.0 -4270.799927353859 
28623.0 -24966.299575269222 
74318.0 -57107.89902848005 
80617.0 -61022.098961889744 
10498.0 -10620.89981931448 
77480.0 -59257.49899190664 
24030.0 -21156.399640083313 
30008.0 -25728.199562311172 
78948.0 -59396.0989895463 
42921.0 -35727.49939221144 
59047.0 -47533.799191355705 
7089.0 -7761.89986795187 
70656.0 -54845.59906697273 
38700.0 -32820.19944167137 
52647.0 -42623.59927487373 
71479.0 -55353.09905833006 
41324.0 -34126.29941946268 
54005.0 -42796.799271941185 
72481.0 -56048.4990465045 
12944.0 -11893.099797666073 
13766.0 -13665.399767518044 
36529.0 -30945.699473559856 
13130.0 -12897.89978057146 
88129.0 -63702.69891625643 
51705.0 -41889.699287354946 
73457.0 -56394.29904061556 
91344.0 -64535.69890207052 
47411.0 -38586.199343562126 
83665.0 -61977.598945617676 
36529.0 -30945.699473559856 
28137.0 -24345.799585819244 
983.0 -2378.099959552288 
64448.0 -50896.09913414717 
84134.0 -62449.69893759489 
63192.0 -49896.19915115833 
94955.0 -64837.3988969326 
49897.0 -40193.999316215515 
50331.0 -41186.89929932356 
62451.0 -49090.1991648674 
55657.0 -44594.299241364 
23154.0 -19930.39966094494 
47411.0 -38586.199343562126 
64010.0 -50127.199147224426 
16649.0 -15610.599734425545 
56732.0 -45001.69923442602 
23741.0 -20825.99964570999 
42042.0 -35148.299402058125 
9266.0 -9797.399833321571 
983.0 -2378.099959552288 
88129.0 -63702.69891625643 
82122.0 -61589.09895223379 
60575.0 -47852.29918593168 
23154.0 -19930.39966094494 
11492.0 -11635.499802052975 
95116.0 -64849.298896729946 
38148.0 -32271.799450993538 
49287.0 -39872.3993216753 
60952.0 -48029.69918292761 
11470.0 -10884.79981482029 
68088.0 -53257.39909398556 
55029.0 -43400.89926165342 
38148.0 -32271.799450993538 
51185.0 -41291.89929753542 
55436.0 -43499.199259996414 
