0.0 -0.0 
97388.0 -64923.49889546633 
97388.0 -64923.49889546633 
0.0 -0.0 
63476.0 -50479.59914124012 
19774.0 -18045.399693012238 
4974.0 -6850.899883449078 
16127.0 -15021.899744451046 
42130.0 -35146.19940209389 
23652.0 -21026.199642300606 
7835.0 -8807.999850153923 
10351.0 -10053.899828970432 
53668.0 -43317.599263072014 
22737.0 -20099.099658071995 
11055.0 -11187.49980968237 
66091.0 -51648.19912135601 
1025.0 -3015.799948692322 
21305.0 -18468.199685811996 
6454.0 -7464.399873018265 
17581.0 -16081.99972641468 
37943.0 -32390.0994489789 
30902.0 -26884.19954264164 
6796.0 -7968.399864435196 
30114.0 -26443.899550139904 
91295.0 -64551.09890180826 
60291.0 -48306.89917820692 
95146.0 -64901.0988958478 
55132.0 -43979.39925181866 
2658.0 -4047.1999311447144 
36293.0 -30897.3994743824 
27358.0 -23579.29959887266 
39256.0 -32912.99944007397 
67410.0 -52414.299108326435 
76176.0 -58069.99901211262 
1654.0 -3919.7999333143234 
29391.0 -25648.39956367016 
65141.0 -50880.69913440943 
87984.0 -63687.29891651869 
89414.0 -63978.49891155958 
47037.0 -38328.59934794903 
75057.0 -57626.19901967049 
83131.0 -62115.098943293095 
72372.0 -55775.49905115366 
82013.0 -61190.7989590168 
25895.0 -23028.09960824251 
18891.0 -16651.099716722965 
68505.0 -53193.69909507036 
28011.0 -24679.299580156803 
9053.0 -9077.799845576286 
19428.0 -16865.99971306324 
32623.0 -28319.799518227577 
41300.0 -33785.79942524433 
49090.0 -40075.69931823015 
73584.0 -56327.09904175997 
46073.0 -37304.199365377426 
56313.0 -44700.69923955202 
93616.0 -64688.99889945984 
41347.0 -34772.39940845966 
50147.0 -40930.69930368662 
13648.0 -12918.899780213833 
29273.0 -24901.899576365948 
51258.0 -41142.79930007458 
79275.0 -59987.198979496956 
13766.0 -13665.399767518044 
4400.0 -6021.799897551537 
24759.0 -21372.699636399746 
9311.0 -9808.599833130836 
77140.0 -59021.598995923996 
78251.0 -59464.69898837805 
80848.0 -60254.59897494316 
12003.0 -11424.099805653095 
48040.0 -39045.69933575392 
3682.0 -5864.999900221825 
14416.0 -14260.699757397175 
35175.0 -29344.19950079918 
48335.0 -39242.39933240414 
80879.0 -60745.99896657467 
58395.0 -46284.69921261072 
52564.0 -42438.79927802086 
85928.0 -63255.3989238739 
22442.0 -19331.599671125412 
74817.0 -56920.69903165102 
37360.0 -31200.49946922064 
61345.0 -48805.29916971922 
82702.0 -61575.09895247221 
46542.0 -37982.79935383797 
60164.0 -47369.9991941452 
12739.0 -12451.999788165092 
45019.0 -37048.699369728565 
61793.0 -48982.399166703224 
58787.0 -46859.39920282364 
57196.0 -45103.899232685566 
21591.0 -19167.79967391491 
53107.0 -42806.59927177429 
84632.0 -62339.498939454556 
70434.0 -54267.0990768075 
76953.0 -58488.5990049839 
43459.0 -36139.79938519001 
37510.0 -31772.39945948124 
49672.0 -40301.79931437969 
27705.0 -23962.199592351913 
12202.0 -12237.099791824818 
96923.0 -64908.09889572859 
69162.0 -53741.39908576012 
67594.0 -52774.399102211 
55372.0 -44371.39924514294 
40064.0 -33676.999427080154 
72276.0 -55153.2990617156 
456.0 -2029.8999654650688 
31660.0 -27709.799528598785 
94.0 -1049.5999821424484 
59278.0 -47325.19919490814 
62607.0 -49594.49915629625 
74405.0 -56370.49904102087 
65312.0 -51356.99912631512 
85155.0 -63041.198927521706 
3376.0 -4951.199915766716 
34167.0 -29248.699502408504 
69711.0 -53903.09908300638 
71145.0 -55114.399062395096 
752.0 -2073.9999647140503 
57703.0 -45872.09921962023 
87344.0 -63281.998923420906 
33687.0 -28445.79951608181 
35949.0 -29996.199489712715 
70608.0 -54899.49906605482 
39535.0 -33464.19943070412 
90283.0 -64222.79890739918 
44337.0 -36365.89938133955 
31828.0 -27724.499528348446 
52071.0 -41790.59928905964 
93680.0 -64878.69889622927 
25737.0 -22619.999615192413 
78887.0 -59693.598984479904 
14416.0 -14260.699757397175 
62607.0 -49594.49915629625 
51728.0 -41763.999289512634 
24858.0 -22065.999624609947 
35714.0 -29951.399490475655 
16753.0 -15491.599736452103 
16998.0 -15607.799734473228 
25462.0 -22084.899624288082 
44868.0 -36468.79937958717 
33995.0 -28748.19951093197 
84.0 -829.7999858856201 
43459.0 -36139.79938519001 
3376.0 -4951.199915766716 
57292.0 -45670.499223053455 
84978.0 -62487.89893692732 
90873.0 -64279.49890643358 
