97388.0 -64923.49889546633 
0.0 -0.0 
97388.0 -64923.49889546633 
0.0 -0.0 
14355.0 -13671.699767410755 
11055.0 -11187.49980968237 
13049.0 -12831.399781703949 
51389.0 -41962.79928612709 
18261.0 -15751.599732041359 
94.0 -1049.5999821424484 
3108.0 -5035.899914324284 
32089.0 -27791.699527204037 
7863.0 -8647.699852883816 
83948.0 -61992.298945367336 
49093.0 -40046.99931871891 
38764.0 -32765.599442601204 
53379.0 -42899.69927018881 
52632.0 -42512.29927676916 
1654.0 -3919.7999333143234 
16092.0 -15310.299739539623 
88152.0 -63683.098916590214 
44683.0 -36458.99937975407 
35058.0 -29528.299497663975 
6420.0 -7826.999866843224 
25475.0 -21881.89962774515 
82533.0 -61643.69895130396 
27338.0 -24144.89958924055 
4974.0 -6850.899883449078 
18687.0 -17002.0997107625 
43458.0 -35942.39938855171 
41150.0 -34512.39941287041 
2770.0 -4093.399930357933 
67403.0 -52638.29910451174 
34328.0 -28952.599507451057 
24566.0 -21367.399636507034 
45783.0 -37090.69936901331 
50338.0 -40503.399310946465 
28300.0 -24954.399575471878 
66614.0 -52153.19911277294 
56075.0 -44523.999242544174 
22533.0 -19380.599670290947 
54521.0 -44025.599251031876 
36312.0 -31056.99947166443 
65933.0 -51578.1991225481 
95663.0 -64814.99889731407 
86347.0 -63099.29892653227 
46211.0 -37503.69936197996 
42117.0 -35207.09940105677 
62238.0 -49447.49915879965 
6033.0 -7053.199880003929 
80849.0 -60251.798974990845 
93449.0 -64795.39889764786 
71795.0 -55128.39906215668 
23088.0 -20073.19965851307 
19809.0 -17756.99969792366 
17201.0 -15419.499737679958 
54123.0 -43806.49925476313 
79894.0 -59848.5989818573 
3682.0 -5864.999900221825 
4400.0 -6021.799897551537 
77691.0 -59302.2989911437 
73720.0 -56112.89904540777 
9106.0 -9548.899837553501 
12142.0 -12230.799791932106 
68172.0 -53196.49909502268 
70526.0 -54533.799072265625 
21510.0 -19101.299675047398 
74284.0 -56790.49903386831 
48686.0 -39279.49933177233 
56126.0 -44990.49923461676 
77122.0 -58450.09900563955 
87583.0 -63239.29892414808 
7761.0 -8091.899862349033 
47577.0 -37849.099356114864 
90792.0 -64231.898907244205 
10296.0 -9978.999830245972 
30958.0 -26851.999543190002 
69639.0 -54119.399079322815 
10398.0 -10534.799820780754 
60239.0 -48433.59917604923 
57755.0 -46477.199209332466 
65030.0 -51197.39912903309 
31172.0 -27552.999531269073 
80971.0 -61052.89896136522 
84687.0 -62559.598935723305 
29421.0 -25618.999564170837 
62744.0 -50060.999148368835 
47936.0 -39012.7993363142 
25634.0 -22794.99961221218 
85409.0 -62694.698933422565 
33161.0 -28602.599513411522 
81850.0 -61266.39895772934 
40185.0 -34082.59942018986 
20392.0 -18326.799688220024 
61512.0 -48940.6991674304 
56820.0 -45823.79922044277 
75402.0 -56805.89903360605 
75640.0 -57407.499023377895 
21350.0 -18344.99968791008 
15138.0 -14554.699752390385 
19515.0 -17009.79971063137 
94179.0 -64796.09889763594 
72845.0 -55724.799052000046 
38073.0 -31873.499457776546 
75709.0 -58121.79901123047 
89811.0 -63991.798911333084 
35851.0 -30139.399487257004 
71270.0 -54865.19906663895 
23854.0 -20898.799644470215 
28836.0 -25194.499571383 
30485.0 -26286.099552810192 
47913.0 -38138.8993511796 
78749.0 -59769.89898318052 
1025.0 -3015.799948692322 
64304.0 -50969.89913290739 
29801.0 -26218.499553978443 
663.0 -2035.4999653697014 
61121.0 -48597.399173259735 
38548.0 -32311.999450325966 
59173.0 -46727.099205076694 
41898.0 -35033.49940401316 
23660.0 -20536.899650633335 
44004.0 -36043.1993868351 
39766.0 -33803.29942494631 
59329.0 -47432.29919308424 
15138.0 -14554.699752390385 
63305.0 -50400.499142587185 
57058.0 -45890.299219310284 
37197.0 -31255.799468278885 
76398.0 -58370.29900699854 
26781.0 -23844.59959435463 
97083.0 -64862.59889650345 
63958.0 -50528.599140405655 
663.0 -2035.4999653697014 
26445.0 -22889.499610602856 
9161.0 -9623.799836277962 
12229.0 -12241.299791753292 
37595.0 -31474.899464547634 
58635.0 -46551.39920806885 
68842.0 -53513.89908963442 
26613.0 -23366.899602472782 
91921.0 -64387.99890458584 
78451.0 -59409.3989893198 
91921.0 -64387.99890458584 
1025.0 -3015.799948692322 
68922.0 -53883.49908334017 
33242.0 -28669.099512279034 
50660.0 -41052.199301600456 
60226.0 -47479.89919227362 
50660.0 -41052.199301600456 
