97388.0 -64923.49889546633 
0.0 -0.0 
97388.0 -64923.49889546633 
0.0 -0.0 
91757.0 -64579.098901331425 
78970.0 -59585.79898631573 
21762.0 -18610.999683380127 
94296.0 -64583.99890124798 
26723.0 -23035.79960811138 
4974.0 -6850.899883449078 
71432.0 -54617.79907083511 
94.0 -1049.5999821424484 
88289.0 -63802.098914563656 
44441.0 -36244.79938340187 
45796.0 -37152.99936795235 
77601.0 -58862.398998618126 
58577.0 -47064.49919933081 
57852.0 -46383.39921092987 
36202.0 -30969.499473154545 
27181.0 -23772.499595582485 
31480.0 -27543.199531435966 
37229.0 -31571.799462914467 
6267.0 -7412.5998739004135 
33081.0 -28559.19951415062 
61111.0 -48938.29916745424 
53869.0 -43149.59926593304 
22549.0 -19659.899665534496 
1654.0 -3919.7999333143234 
29656.0 -25685.19956302643 
13685.0 -13598.899768650532 
53481.0 -42342.899279654026 
84578.0 -62469.998937249184 
42879.0 -35630.599393844604 
32052.0 -28049.999522805214 
72012.0 -55556.79905486107 
79665.0 -60533.89897018671 
69879.0 -54360.199075222015 
39455.0 -33406.099431693554 
3030.0 -4914.799916386604 
46913.0 -37775.29935735464 
17500.0 -16015.499727547169 
51748.0 -41601.59929227829 
35810.0 -30302.09948450327 
24523.0 -21129.09964054823 
62031.0 -49351.299160420895 
2741.0 -3983.499932229519 
29060.0 -25401.299567878246 
4178.0 -5015.5999146699905 
75265.0 -57461.399022459984 
52065.0 -42257.49928110838 
20331.0 -18345.69968789816 
16655.0 -15554.599735379219 
49495.0 -40187.6993163228 
55566.0 -44709.79923939705 
63280.0 -49420.59915924072 
66683.0 -51615.99912190437 
6696.0 -7882.29986590147 
60642.0 -48120.39918136597 
49011.0 -39295.599331498146 
15374.0 -14752.799749016762 
44894.0 -36759.59937465191 
64533.0 -50727.39913702011 
57196.0 -45755.19922161102 
86849.0 -63260.298923790455 
9053.0 -9077.799845576286 
24957.0 -22086.29962426424 
68834.0 -53414.89909130335 
18400.0 -16342.399721980095 
19455.0 -17230.299706876278 
37978.0 -31976.39945602417 
81764.0 -61481.99895405769 
30443.0 -26581.099547803402 
81350.0 -60811.7989654541 
74180.0 -56574.19903755188 
13537.0 -12853.0997813344 
72962.0 -56324.29904180765 
59491.0 -47529.59919142723 
28218.0 -24734.59957921505 
12121.0 -12170.599792957306 
19774.0 -18045.399693012238 
50730.0 -41214.89929884672 
7460.0 -8458.699856102467 
7835.0 -8807.999850153923 
48025.0 -38705.19934153557 
47188.0 -38206.79935002327 
16187.0 -15008.599744677544 
27820.0 -24515.4995829463 
30904.0 -26618.89954715967 
69560.0 -53868.79908359051 
66955.0 -52420.59910821915 
12699.0 -12531.099786818027 
54981.0 -43779.19925522804 
89539.0 -64247.298906981945 
74330.0 -57151.999027729034 
83732.0 -62167.298942387104 
9867.0 -9791.09983342886 
68540.0 -52769.8991022706 
18687.0 -17002.0997107625 
710.0 -2025.6999655365944 
56594.0 -45422.699227273464 
23652.0 -21026.199642300606 
23367.0 -20335.69965404272 
38847.0 -32717.999443411827 
40163.0 -33835.499424397945 
11492.0 -11635.499802052975 
33948.0 -29190.59950339794 
10324.0 -10525.699820935726 
65220.0 -51328.299126803875 
96658.0 -64922.79889547825 
10324.0 -10525.699820935726 
67818.0 -52500.39910686016 
80471.0 -60598.298969089985 
72725.0 -55819.9990503788 
75703.0 -58142.79901087284 
56308.0 -44774.19923830032 
63642.0 -50148.89914685488 
54628.0 -43713.09925633669 
59813.0 -47962.1991840601 
35127.0 -29687.199494957924 
4400.0 -6021.799897551537 
38316.0 -32615.099445164204 
11492.0 -11635.499802052975 
41067.0 -34461.299413740635 
89307.0 -64110.09890931845 
82750.0 -61645.09895128012 
1130.0 -2945.0999498963356 
65665.0 -51413.69912534952 
9125.0 -9730.19983446598 
42059.0 -34526.39941263199 
48229.0 -39192.69933325052 
40698.0 -34120.39941954613 
42576.0 -34706.99940955639 
22810.0 -20035.3996591568 
50311.0 -40308.79931426048 
33728.0 -29099.599504947662 
993.0 -2029.8999654650688 
50551.0 -40701.09930759668 
83416.0 -61646.498951256275 
64132.0 -50245.49914520979 
14635.0 -14216.599758148193 
85550.0 -63042.598927497864 
4345.0 -5946.899898827076 
42608.0 -35382.099398076534 
25486.0 -22266.499621212482 
14635.0 -14216.599758148193 
86429.0 -63256.09892386198 
76087.0 -58312.199007987976 
35214.0 -29697.69949477911 
1130.0 -2945.0999498963356 
95442.0 -64790.498897731304 
