0.0 -0.0 
97388.0 -64923.49889546633 
97388.0 -64923.49889546633 
0.0 -0.0 
9364.0 -9828.19983279705 
1654.0 -3919.7999333143234 
68299.0 -53449.8990907073 
983.0 -2378.099959552288 
51576.0 -41494.19929409027 
83908.0 -62165.898942410946 
25415.0 -22366.29961949587 
39259.0 -33367.599432349205 
94506.0 -64777.1988979578 
24857.0 -21676.499631226063 
23864.0 -21098.99964106083 
36815.0 -31395.09946590662 
86300.0 -63139.898925840855 
74745.0 -56694.59903550148 
59599.0 -47716.49918824434 
52679.0 -42451.39927780628 
90324.0 -64142.298908770084 
92513.0 -64700.89889925718 
14006.0 -13681.499767243862 
88650.0 -64037.9989105463 
8666.0 -8989.999847054482 
15374.0 -14772.399748682976 
3727.0 -5876.19990003109 
67609.0 -52529.79910635948 
12598.0 -12555.599786400795 
55457.0 -44642.59924054146 
19145.0 -17018.19971048832 
95796.0 -64891.29889601469 
13667.0 -12773.999782681465 
31675.0 -27891.099525511265 
56841.0 -44942.49923545122 
33030.0 -28262.399519205093 
20834.0 -18683.79968214035 
14656.0 -14276.799757122993 
72138.0 -55595.9990541935 
77218.0 -59164.39899349213 
23450.0 -20338.499653995037 
2770.0 -4093.399930357933 
75551.0 -57378.79902386665 
7432.0 -7958.599864602089 
41985.0 -35141.99940216541 
76838.0 -58382.89900678396 
50058.0 -40458.599311709404 
6421.0 -7689.099869191647 
70658.0 -54726.29906898737 
60529.0 -48037.09918278456 
41164.0 -34654.49941045046 
72772.0 -56168.19904446602 
62179.0 -49614.799155950546 
34431.0 -29338.999500870705 
71106.0 -55283.09905952215 
7774.0 -8740.099851310253 
38565.0 -32576.299445807934 
46581.0 -38180.199350476265 
55361.0 -43847.09925407171 
47422.0 -38612.79934310913 
4974.0 -6850.899883449078 
36323.0 -30436.49948221445 
73851.0 -56324.29904180765 
29165.0 -25230.89957076311 
22565.0 -19982.89966005087 
78136.0 -59504.598987698555 
46130.0 -37626.89935988188 
4643.0 -6036.499897301197 
31004.0 -26725.29954534769 
5935.0 -7022.39988052845 
35060.0 -29924.49949091673 
27105.0 -23497.39960026741 
45374.0 -37168.39936769009 
85172.0 -62856.39893066883 
69742.0 -53811.79908454418 
60824.0 -48804.59916973114 
80513.0 -60453.39897155762 
37718.0 -31777.599459409714 
29674.0 -25899.699559390545 
81088.0 -60929.398963451385 
58747.0 -47040.69919973612 
456.0 -2029.8999654650688 
61619.0 -49086.699164927006 
81920.0 -61250.9989579916 
29950.0 -26448.09955006838 
53976.0 -43152.39926588535 
40170.0 -33896.399423360825 
79568.0 -60171.29897636175 
19724.0 -17964.199694395065 
18271.0 -16238.799723744392 
63319.0 -49820.199152469635 
49180.0 -40133.099317252636 
78845.0 -59896.598981022835 
54165.0 -43656.699257314205 
64513.0 -50570.5991396904 
31122.0 -27471.7995326519 
27429.0 -24194.599588394165 
11055.0 -11187.49980968237 
21675.0 -19001.19967675209 
22229.0 -19330.899671137333 
53409.0 -42452.09927779436 
63494.0 -50393.499142706394 
69791.0 -54236.9990773201 
87897.0 -63502.49891966581 
28824.0 -24635.8995808959 
42724.0 -35563.399394989014 
57648.0 -45864.39921975136 
16309.0 -15316.599739432335 
65276.0 -51515.19912362099 
57013.0 -45648.799223423004 
20207.0 -17976.09969419241 
65094.0 -50941.19913339615 
45117.0 -36512.899378836155 
57869.0 -46567.499207794666 
40559.0 -34205.799418091774 
47873.0 -39166.09933370352 
83200.0 -61730.498949825764 
66046.0 -51776.29911917448 
27986.0 -24494.899583280087 
38229.0 -32201.09945219755 
18823.0 -16490.09971946478 
36166.0 -29982.599489927292 
43661.0 -36191.59938430786 
82466.0 -61723.49894994497 
3053.0 -4960.999915599823 
171.0 -997.0999830365181 
10827.0 -10863.799815177917 
12034.0 -11759.39979994297 
44294.0 -36455.49937981367 
49018.0 -39519.59932768345 
50375.0 -41277.89929777384 
43401.0 -35711.0993924737 
33671.0 -28988.99950683117 
91312.0 -64439.09890371561 
26359.0 -23109.999606847763 
11953.0 -11692.899801075459 
399.0 -1047.4999821782112 
66794.0 -52328.89910978079 
10827.0 -10863.799815177917 
33591.0 -28649.49951261282 
16755.0 -15341.099739015102 
76012.0 -58024.49901288748 
48295.0 -39437.6993290782 
17218.0 -15898.999729514122 
3053.0 -4960.999915599823 
91609.0 -64533.598902106285 
58637.0 -46629.099206745625 
66643.0 -51977.89911574125 
88002.0 -63528.39891922474 
85469.0 -62910.29892975092 
