97388.0 -64923.49889546633 
0.0 -0.0 
0.0 -0.0 
97388.0 -64923.49889546633 
46619.0 -37829.19935643673 
37252.0 -30916.299474060535 
95150.0 -64873.79889631271 
31877.0 -27873.599525809288 
83342.0 -62121.798943161964 
47563.0 -38744.399340867996 
1699.0 -3930.9999331235886 
12849.0 -12260.899791419506 
11962.0 -11788.099799454212 
86672.0 -63137.4989258647 
64627.0 -51065.79913127422 
21510.0 -19101.299675047398 
84633.0 -62544.59893596172 
29782.0 -26371.09955137968 
63655.0 -50332.599143743515 
31075.0 -26550.299548327923 
59732.0 -47533.099191367626 
74498.0 -56847.19903290272 
75625.0 -57642.69901937246 
20398.0 -18270.7996891737 
91821.0 -64551.09890180826 
2999.0 -4202.19992852211 
15496.0 -14504.299753248692 
11428.0 -10757.399816989899 
3421.0 -4962.399915575981 
69354.0 -54053.59908044338 
56326.0 -45024.79923403263 
55628.0 -44186.59924829006 
90563.0 -64245.89890700579 
16011.0 -15243.799740672112 
38823.0 -32603.19944536686 
14335.0 -14194.199758529663 
89321.0 -64135.99890887737 
82044.0 -61730.498949825764 
29651.0 -25199.399571299553 
49673.0 -39951.09932035208 
4741.0 -6067.299896776676 
35948.0 -30284.29948478937 
3682.0 -5864.999900221825 
7419.0 -8015.299863636494 
13635.0 -13155.79977619648 
23442.0 -20121.499657690525 
85855.0 -62796.89893168211 
45672.0 -37235.59936654568 
80100.0 -60557.6989697814 
24820.0 -21994.599625825882 
25775.0 -22359.299619615078 
9033.0 -9697.999835014343 
10265.0 -9884.899831831455 
70446.0 -54295.09907633066 
77547.0 -58792.39899981022 
5074.0 -6936.999881982803 
52882.0 -42851.39927101135 
70769.0 -55008.699064195156 
31698.0 -27359.79953455925 
60344.0 -48200.4991800189 
23733.0 -20951.299643576145 
6476.0 -7763.999867916107 
7952.0 -8764.59985089302 
50790.0 -41216.99929881096 
72793.0 -56385.19904077053 
71873.0 -55210.99906075001 
17500.0 -16015.499727547169 
72533.0 -55655.09905320406 
79192.0 -60265.798974752426 
18282.0 -16518.79971897602 
42714.0 -35545.19939529896 
19244.0 -17302.399705648422 
24372.0 -21354.49963670969 
17465.0 -15271.099740207195 
6255.0 -6943.299881875515 
76604.0 -58362.59900712967 
62266.0 -49566.49915677309 
19774.0 -18045.399693012238 
78544.0 -59809.79898250103 
39178.0 -33301.09943348169 
58550.0 -47154.39919781685 
80923.0 -61062.39896118641 
63311.0 -49672.19915497303 
43864.0 -36118.79938554764 
77985.0 -59335.8989905715 
54884.0 -43886.29925340414 
68592.0 -53417.699091255665 
88230.0 -63643.19891726971 
8711.0 -9001.199846863747 
10498.0 -10620.89981931448 
50016.0 -40910.399304032326 
39759.0 -33713.69942647219 
67938.0 -52299.79911029339 
37651.0 -31843.399458289146 
40411.0 -34117.59941959381 
73617.0 -56756.89903444052 
44943.0 -36442.19938004017 
27541.0 -24328.999586105347 
51308.0 -41896.29928725958 
68137.0 -53199.999094963074 
38255.0 -31862.29945796728 
41480.0 -34174.299418628216 
28487.0 -24570.799582004547 
65485.0 -51537.59912323952 
22880.0 -19567.49966710806 
53997.0 -43130.99926626682 
93449.0 -64866.79889643192 
61021.0 -48530.89917439222 
52729.0 -42099.29928380251 
33364.0 -28818.199509739876 
1025.0 -3015.799948692322 
41783.0 -35090.19940304756 
18687.0 -17002.0997107625 
26032.0 -23119.79960668087 
81811.0 -61123.29896014929 
48290.0 -39231.19933259487 
28690.0 -25087.3995732069 
93012.0 -64799.59889757633 
22343.0 -19352.599670767784 
34145.0 -28935.09950774908 
75857.0 -58157.4990106225 
34626.0 -29352.599500656128 
456.0 -2029.8999654650688 
83.0 -980.2999833226204 
54070.0 -43559.399258971214 
43422.0 -35769.49939149618 
35555.0 -29361.699500501156 
447.0 -1048.8999821543694 
1025.0 -3015.799948692322 
45459.0 -36651.49937647581 
57091.0 -45322.999228954315 
88285.0 -63718.09891599417 
66854.0 -52274.29911071062 
48290.0 -39231.19933259487 
65778.0 -51806.39911866188 
49898.0 -40163.899316728115 
58061.0 -46315.4992120862 
66343.0 -52153.89911276102 
35877.0 -29842.599492311478 
57735.0 -45945.59921836853 
26367.0 -23380.899602234364 
58541.0 -46594.09920734167 
61727.0 -48975.39916682243 
51933.0 -42009.69928532839 
41598.0 -34858.49940699339 
33364.0 -28818.199509739876 
57282.0 -45650.89922338724 
26367.0 -23380.899602234364 
14040.0 -13426.69977158308 
27541.0 -24328.999586105347 
