97388.0 -64923.49889546633 
0.0 -0.0 
0.0 -0.0 
97388.0 -64923.49889546633 
11055.0 -11187.49980968237 
10112.0 -9851.29983240366 
30492.0 -26320.399552226067 
28979.0 -25589.599564671516 
24918.0 -22052.699624836445 
84182.0 -62378.998938798904 
28645.0 -24879.499576747417 
47643.0 -38625.399342894554 
79658.0 -60174.09897631407 
16092.0 -15310.299739539623 
88281.0 -63512.998919487 
78202.0 -59294.598991274834 
86730.0 -63176.998925209045 
18678.0 -16361.999721646309 
58171.0 -46730.59920501709 
95486.0 -64891.29889601469 
8357.0 -8773.699850738049 
13329.0 -13217.399775147438 
9070.0 -9655.29983574152 
51303.0 -41502.59929394722 
31992.0 -28043.699522912502 
49088.0 -39784.19932317734 
15565.0 -14558.19975233078 
1654.0 -3919.7999333143234 
52085.0 -41811.29928869009 
38151.0 -32514.699446856976 
7460.0 -8458.699856102467 
57573.0 -45734.19922196865 
81791.0 -61390.298955619335 
6011.0 -6993.699881017208 
27656.0 -23908.999593257904 
4974.0 -6850.899883449078 
41475.0 -34629.59941089153 
42261.0 -35086.699403107166 
33132.0 -28282.699518859386 
52887.0 -42546.599276185036 
1025.0 -3015.799948692322 
3682.0 -5864.999900221825 
89131.0 -63984.79891145229 
2658.0 -4047.1999311447144 
61828.0 -49343.19916057587 
33865.0 -28796.799510121346 
90412.0 -64079.29890984297 
37793.0 -31739.799460053444 
94.0 -1049.5999821424484 
69071.0 -54067.599080204964 
46909.0 -38251.59934926033 
68420.0 -53316.1990929842 
21159.0 -18353.39968776703 
456.0 -2029.8999654650688 
46429.0 -37507.19936192036 
59929.0 -48009.79918324947 
72779.0 -56016.99904704094 
34597.0 -29270.699502050877 
22008.0 -18854.599679231644 
75927.0 -58275.799008607864 
4455.0 -6014.099897682667 
61193.0 -48726.199171066284 
40570.0 -34198.79941821098 
23752.0 -21145.899640262127 
14326.0 -13698.29976695776 
17500.0 -15720.499732553959 
67138.0 -52428.999108076096 
50146.0 -40773.89930635691 
12699.0 -12531.099786818027 
12024.0 -11484.299804627895 
25846.0 -22345.599619865417 
92704.0 -64625.99890053272 
31456.0 -27233.099536716938 
67674.0 -53076.09909707308 
38897.0 -33102.29943686724 
23233.0 -20186.59965658188 
54302.0 -43858.99925386906 
55180.0 -44175.3992484808 
14476.0 -14266.999757289886 
55995.0 -44453.59924376011 
62835.0 -49598.29915624857 
56201.0 -45174.59923148155 
75190.0 -57774.59901714325 
66833.0 -51826.69911831617 
35121.0 -29840.79949235916 
80399.0 -60309.19897401333 
64432.0 -50644.39913845062 
69821.0 -54309.79907608032 
36985.0 -31337.699466884136 
22470.0 -19356.79967069626 
66365.0 -51306.599127173424 
83541.0 -61695.49895042181 
60536.0 -48357.299177348614 
39847.0 -33869.79942381382 
30943.0 -27000.399540662766 
42927.0 -35671.49939316511 
44438.0 -35956.39938831329 
54054.0 -43200.29926508665 
26005.0 -23095.99960708618 
26563.0 -23390.69960206747 
45984.0 -36970.29937106371 
50291.0 -40785.79930615425 
12142.0 -12230.799791932106 
74071.0 -57081.99902892113 
59426.0 -47201.999197006226 
56612.0 -45693.599222660065 
83071.0 -61559.69895273447 
36542.0 -31005.899472534657 
74911.0 -57312.99902498722 
53349.0 -42968.29926902056 
81390.0 -60623.49896866083 
17641.0 -16088.299726307392 
35958.0 -30551.29948025942 
71770.0 -54988.09906452894 
39633.0 -33264.69943410158 
77796.0 -59021.598995923996 
19774.0 -18045.399693012238 
983.0 -2378.099959552288 
44606.0 -36614.39937710762 
63572.0 -50251.39914512634 
65605.0 -51080.499131023884 
22584.0 -20036.09965914488 
3053.0 -4960.999915599823 
59161.0 -47041.3991997242 
85670.0 -62861.99893057346 
23712.0 -21012.899642527103 
43357.0 -35908.79938912392 
44969.0 -36967.49937111139 
35509.0 -30275.499484956264 
6475.0 -7901.899865567684 
19418.0 -17288.39970588684 
94084.0 -64852.79889667034 
27175.0 -23829.19959461689 
73957.0 -56275.29904264212 
20198.0 -18138.499691426754 
64937.0 -50914.599133849144 
6520.0 -7913.099865376949 
85670.0 -62861.99893057346 
91243.0 -64532.19890213013 
72557.0 -55320.89905887842 
3053.0 -4960.999915599823 
19418.0 -17288.39970588684 
48755.0 -39555.29932707548 
70958.0 -54641.199070453644 
93966.0 -64656.7989000082 
63064.0 -50193.29914611578 
76550.0 -58742.29900068045 
50.0 -348.19999408721924 
76851.0 -58800.09899967909 
70861.0 -54444.89907377958 
