0.0 -0.0 
97388.0 -64923.49889546633 
97388.0 -64923.49889546633 
0.0 -0.0 
81564.0 -61064.79896116257 
21806.0 -19148.899674236774 
48665.0 -39513.999327778816 
3399.0 -4997.399914979935 
36015.0 -30223.699485838413 
35144.0 -29762.799493670464 
22627.0 -20031.199659228325 
47117.0 -38383.199347019196 
49913.0 -40631.499308764935 
17860.0 -16247.199723601341 
79787.0 -60654.99896812439 
2770.0 -4093.399930357933 
58088.0 -46858.69920283556 
68965.0 -53584.99908840656 
34070.0 -29155.599503993988 
12229.0 -12241.299791753292 
42876.0 -35404.499397695065 
47865.0 -38700.999341607094 
10220.0 -9873.69983202219 
75378.0 -57711.29901820421 
26171.0 -23187.69960552454 
70541.0 -54474.299073278904 
13049.0 -12831.399781703949 
68101.0 -53034.099097788334 
60115.0 -48207.49917989969 
76210.0 -58294.699008286 
39338.0 -33055.39943766594 
24618.0 -21433.599635362625 
78049.0 -59449.99898862839 
57484.0 -45847.59922003746 
63053.0 -50087.999147892 
3682.0 -5864.999900221825 
91835.0 -64385.19890463352 
18718.0 -16987.39971101284 
92636.0 -64809.39889740944 
9296.0 -9496.39983844757 
49300.0 -40225.49931567907 
69636.0 -54200.59907793999 
17497.0 -15498.899736344814 
61154.0 -48554.69917398691 
13846.0 -13243.299774706364 
28038.0 -24379.69958525896 
59675.0 -47490.3991920948 
38471.0 -32599.399445414543 
62429.0 -49500.69915789366 
7631.0 -7879.499865949154 
82224.0 -61627.59895157814 
56940.0 -45610.999224066734 
87158.0 -63060.09892719984 
85699.0 -62999.89892822504 
52785.0 -42538.899276316166 
16180.0 -14300.599756717682 
25096.0 -22154.19962310791 
11579.0 -11645.99980187416 
10729.0 -10664.999818563461 
21195.0 -18446.499686181545 
64646.0 -50805.79913568497 
53776.0 -42926.99926972389 
4796.0 -6059.599896907806 
66872.0 -52062.89911431074 
96055.0 -64839.49889689684 
19190.0 -17340.199705004692 
42085.0 -34927.09940582514 
23702.0 -21064.699641644955 
37355.0 -31684.199460983276 
61560.0 -49173.49916344881 
67370.0 -52584.39910542965 
64033.0 -50438.999141931534 
65664.0 -51203.6991289258 
7796.0 -8786.99985051155 
23584.0 -20318.199654340744 
25846.0 -22472.699617683887 
8767.0 -8880.099848926067 
4974.0 -6850.899883449078 
79063.0 -59805.598982572556 
71194.0 -55243.899060189724 
19865.0 -18036.99969315529 
39706.0 -33796.9994250536 
31511.0 -27027.69954019785 
58958.0 -47061.69919937849 
30530.0 -26761.699544727802 
29029.0 -25384.49956816435 
55971.0 -44953.399235248566 
55305.0 -44090.29924994707 
28300.0 -24954.399575471878 
66385.0 -51407.39912545681 
37843.0 -32138.099453270435 
1654.0 -3919.7999333143234 
51372.0 -41177.79929947853 
14656.0 -14276.799757122993 
90498.0 -64243.79890704155 
36467.0 -31255.099468290806 
29759.0 -25670.09956330061 
43529.0 -36127.899385392666 
29863.0 -26437.599550247192 
83256.0 -61842.498947918415 
45291.0 -36741.79937493801 
31550.0 -27776.299527466297 
14597.0 -13726.999766469002 
88390.0 -63705.498916208744 
46032.0 -37573.69936078787 
11461.0 -10899.49981456995 
44088.0 -36205.59938406944 
5978.0 -6978.2998812794685 
40511.0 -33971.999422073364 
83640.0 -62266.99894070625 
77006.0 -59160.19899356365 
88319.0 -63154.298925578594 
94137.0 -64814.99889731407 
74913.0 -57048.39902949333 
54077.0 -43527.19925951958 
32575.0 -28265.599519133568 
1025.0 -3015.799948692322 
76935.0 -58718.49900108576 
72761.0 -55995.99904739857 
54900.0 -43610.49925810099 
663.0 -2035.4999653697014 
456.0 -2029.8999654650688 
89609.0 -63850.39891374111 
51655.0 -42108.39928364754 
44948.0 -36715.19937539101 
79669.0 -60075.79897797108 
84952.0 -62637.99893438816 
55472.0 -44905.09923607111 
46032.0 -37573.69936078787 
94793.0 -64833.19889700413 
72445.0 -55652.6990532279 
20287.0 -18308.59968852997 
73777.0 -56156.299044668674 
6482.0 -7754.199868083 
26993.0 -23904.79959332943 
26953.0 -23837.59959447384 
16381.0 -15301.199739694595 
94.0 -1049.5999821424484 
84764.0 -62312.49893993139 
71490.0 -55544.199055075645 
41562.0 -34475.299413502216 
41445.0 -34123.89941948652 
74183.0 -57047.69902950525 
51952.0 -42265.19928097725 
32298.0 -28076.59952235222 
73795.0 -56591.2990372777 
1025.0 -3015.799948692322 
16344.0 -15015.599744558334 
51493.0 -41225.39929866791 
79.0 -1031.3999824523926 
