0.0 -0.0 
97388.0 -64923.49889546633 
0.0 -0.0 
97388.0 -64923.49889546633 
55498.0 -44896.69923621416 
10324.0 -10525.699820935726 
9006.0 -9520.899838030338 
67069.0 -52528.399106383324 
48191.0 -38509.89934486151 
46585.0 -37897.39935529232 
13217.0 -12908.399780392647 
63405.0 -50374.59914302826 
58266.0 -46457.99920964241 
52467.0 -42528.39927649498 
59136.0 -47492.49919205904 
26110.0 -22749.49961298704 
125.0 -1049.5999821424484 
29663.0 -25160.899571955204 
65112.0 -50904.499134004116 
66110.0 -51429.09912508726 
31006.0 -27257.599536299706 
37022.0 -30703.199477672577 
92487.0 -64700.198899269104 
62007.0 -49244.899162232876 
95566.0 -64860.49889653921 
35114.0 -29912.599491119385 
3682.0 -5864.999900221825 
37985.0 -32259.199451208115 
32572.0 -28349.899517714977 
37629.0 -31515.49946385622 
43138.0 -35537.49939543009 
44037.0 -36224.49938374758 
25277.0 -21571.799633026123 
13745.0 -13605.199768543243 
32183.0 -27940.79952466488 
29863.0 -26437.599550247192 
35873.0 -30393.499482929707 
19724.0 -17964.199694395065 
62825.0 -49876.59915149212 
8390.0 -8934.699847996235 
7505.0 -8469.899855911732 
77348.0 -58631.39900255203 
73270.0 -56460.09903949499 
1654.0 -3919.7999333143234 
34023.0 -28917.599508047104 
71428.0 -55309.69905906916 
51818.0 -41930.59928667545 
2558.0 -3996.7999320030212 
49006.0 -39831.399322390556 
39706.0 -33796.9994250536 
75484.0 -58083.29901188612 
53775.0 -43047.39926767349 
82796.0 -61715.7989500761 
48213.0 -39443.99932897091 
22643.0 -19335.799671053886 
46078.0 -37344.09936469793 
61076.0 -48754.899170577526 
4741.0 -6067.299896776676 
84901.0 -62577.79893541336 
85774.0 -63010.39892804623 
59853.0 -47810.29918664694 
10974.0 -11120.999810814857 
87140.0 -63613.798917770386 
39000.0 -32814.59944176674 
23878.0 -21104.59964096546 
88665.0 -63692.89891642332 
76353.0 -58534.09900420904 
21681.0 -19013.799676537514 
49560.0 -40504.79931092262 
77879.0 -59545.19898700714 
11471.0 -11575.299803078175 
23010.0 -19989.19965994358 
70898.0 -54426.69907408953 
60476.0 -48414.6991763711 
75076.0 -57485.19902205467 
34190.0 -29266.499502122402 
14416.0 -14260.699757397175 
4974.0 -6850.899883449078 
23730.0 -20379.099653303623 
15635.0 -14848.699747383595 
6122.0 -6855.099883377552 
41912.0 -34852.89940708876 
90091.0 -64151.39890861511 
50991.0 -41527.79929351807 
27475.0 -24059.499590694904 
27951.0 -24663.199580430984 
6796.0 -7968.399864435196 
28872.0 -24767.499578654766 
72731.0 -55942.09904831648 
16338.0 -15270.399740219116 
45445.0 -36801.29937392473 
18855.0 -17079.0997094512 
26721.0 -23838.299594461918 
80602.0 -60988.19896245003 
6649.0 -7401.399874091148 
54545.0 -44005.99925136566 
17379.0 -15833.19973063469 
20896.0 -18399.599686980247 
55407.0 -44007.39925134182 
45009.0 -36454.79937982559 
86652.0 -63228.7989243269 
42296.0 -35195.19940125942 
72001.0 -55684.19905269146 
26628.0 -23037.19960808754 
54022.0 -43389.69926184416 
81785.0 -61346.89895635843 
19407.0 -17330.399705171585 
40566.0 -34298.19941651821 
39537.0 -33029.499438107014 
41055.0 -34361.89941543341 
83394.0 -62160.29894250631 
68627.0 -53571.69908863306 
84071.0 -62308.69893997908 
79311.0 -59894.09898108244 
89408.0 -63895.89891296625 
1025.0 -3015.799948692322 
14968.0 -14511.999753117561 
24958.0 -21357.299636662006 
3053.0 -4960.999915599823 
57645.0 -46001.599217414856 
74841.0 -56540.599038124084 
12061.0 -12164.299793064594 
456.0 -2029.8999654650688 
67831.0 -52954.29909914732 
79735.0 -60715.19896709919 
57185.0 -45802.7992208004 
78588.0 -59579.498986423016 
50182.0 -40829.19930541515 
1025.0 -3015.799948692322 
18144.0 -16326.299722254276 
17028.0 -15537.799735665321 
50901.0 -40894.999304294586 
3053.0 -4960.999915599823 
94101.0 -64713.498899042606 
69398.0 -53757.89908546209 
18487.0 -16352.899721801281 
57185.0 -45802.7992208004 
456.0 -2029.8999654650688 
65657.0 -51175.69912940264 
68285.0 -53063.499097287655 
81364.0 -61200.298958837986 
70172.0 -53768.6990852952 
70220.0 -54354.59907531738 
20921.0 -18694.299681961536 
12061.0 -12164.299793064594 
94279.0 -64737.998898625374 
79664.0 -60273.498974621296 
74849.0 -56776.79903411865 
91205.0 -64353.698905169964 
91205.0 -64353.698905169964 
