0.0 -0.0 
97388.0 -64923.49889546633 
0.0 -0.0 
97388.0 -64923.49889546633 
91783.0 -64441.89890366793 
26802.0 -23904.79959332943 
31734.0 -27626.499530017376 
30677.0 -26579.699547827244 
89766.0 -64054.7989102602 
67186.0 -52439.49910789728 
56280.0 -44904.39923608303 
16574.0 -15588.199734807014 
59503.0 -47252.39919614792 
1025.0 -3015.799948692322 
60645.0 -48141.39918100834 
25945.0 -23109.299606859684 
62214.0 -49380.29915994406 
37511.0 -31394.39946591854 
17679.0 -16239.499723732471 
19364.0 -17226.099706947803 
61185.0 -48519.69917458296 
19869.0 -17976.09969419241 
20860.0 -18426.199686527252 
11460.0 -11138.499810516834 
76560.0 -58606.199002981186 
81588.0 -60807.19896554947 
1654.0 -3919.7999333143234 
95307.0 -64893.39889597893 
72181.0 -55888.89904922247 
18545.0 -16572.69971805811 
93373.0 -64457.298903405666 
79927.0 -60427.49897199869 
15990.0 -14782.899748504162 
23254.0 -20145.299657285213 
51655.0 -41685.29929083586 
79222.0 -60282.598974466324 
41482.0 -34803.89940792322 
23864.0 -21098.99964106083 
48952.0 -39104.49933475256 
32319.0 -28201.899520218372 
63506.0 -50366.19914317131 
9389.0 -9691.699835121632 
75713.0 -57836.599016070366 
74286.0 -57161.09902757406 
39687.0 -32578.39944577217 
38174.0 -32035.199455022812 
34661.0 -29435.899499237537 
30104.0 -26006.099557578564 
2658.0 -4047.1999311447144 
54654.0 -43371.4992621541 
4920.0 -6231.3998939991 
42434.0 -35239.99940049648 
77046.0 -59090.898994743824 
36379.0 -30919.79947400093 
3030.0 -4914.799916386604 
84623.0 -62565.19893562794 
6367.0 -7069.599879741669 
52220.0 -42355.49927943945 
71622.0 -55226.39906048775 
7780.0 -8733.099851429462 
62958.0 -49672.19915497303 
39706.0 -33796.9994250536 
28173.0 -24410.19958472252 
53529.0 -43206.99926495552 
50646.0 -41324.09929698706 
49036.0 -40051.199318647385 
85620.0 -62840.29893094301 
3737.0 -5939.899898946285 
33135.0 -28694.29951184988 
57391.0 -45134.699232161045 
5074.0 -6936.999881982803 
21450.0 -19094.999675154686 
14973.0 -14560.999752283096 
12679.0 -12622.099785268307 
13648.0 -12918.899780213833 
34004.0 -28894.099508464336 
7321.0 -7984.499864161015 
94822.0 -64518.198902368546 
53007.0 -42645.999274492264 
73322.0 -56203.89904385805 
12661.0 -11797.19979929924 
47177.0 -38087.79935204983 
14531.0 -13963.599762439728 
42921.0 -35727.49939221144 
86381.0 -63209.19892466068 
59037.0 -46709.59920537472 
13766.0 -13665.399767518044 
75144.0 -57582.799020409584 
29366.0 -25536.799565553665 
88883.0 -63726.498915851116 
68792.0 -53633.29908758402 
74045.0 -56360.69904118776 
46335.0 -37684.59935891628 
40945.0 -34181.29941850901 
78230.0 -59481.498988091946 
82686.0 -61832.29894810915 
49556.0 -40518.799310684204 
39024.0 -32318.699450194836 
6543.0 -7822.09986692667 
43746.0 -36031.99938702583 
44952.0 -36625.899376928806 
50326.0 -40753.599306702614 
22357.0 -19227.99967288971 
22750.0 -19749.499664008617 
28695.0 -25327.799569129944 
67957.0 -53236.399094343185 
70725.0 -55007.99906420708 
64353.0 -50726.69913703203 
3580.0 -5309.199909687042 
87465.0 -63256.79892385006 
11579.0 -11645.99980187416 
48301.0 -38538.59934437275 
58106.0 -46544.39920818806 
10282.0 -10339.499824106693 
87995.0 -63618.69891768694 
55143.0 -44028.39925098419 
69627.0 -53725.699086010456 
44311.0 -36347.999381661415 
10282.0 -10339.499824106693 
24712.0 -21664.59963142872 
752.0 -2073.9999647140503 
45509.0 -37092.09936898947 
25644.0 -22313.09962040186 
69742.0 -54400.7990745306 
36318.0 -30310.499484360218 
65918.0 -51416.49912530184 
67535.0 -52964.799098968506 
35427.0 -29871.9994918108 
456.0 -2029.8999654650688 
329.0 -1049.5999821424484 
8613.0 -8970.399847388268 
25436.0 -22107.99962389469 
83.0 -980.2999833226204 
28559.0 -24560.29958218336 
70279.0 -54615.699070870876 
9143.0 -9114.899844944477 
57409.0 -45959.59921813011 
40185.0 -34082.59942018986 
55143.0 -44028.39925098419 
48080.0 -38230.29934960604 
65918.0 -51416.49912530184 
78085.0 -59469.5989882946 
65483.0 -51079.799131035805 
46155.0 -37178.89936751127 
24421.0 -21399.29963594675 
81743.0 -61339.19895648956 
82267.0 -61477.79895412922 
64791.0 -51012.599132180214 
83723.0 -62077.298943936825 
83884.0 -62129.098943054676 
