0.0 -0.0 
97388.0 -64923.49889546633 
97388.0 -64923.49889546633 
0.0 -0.0 
42395.0 -35293.89939957857 
31209.0 -27482.299532473087 
87030.0 -63362.49892205 
19392.0 -16531.699718773365 
80036.0 -60583.598969340324 
32495.0 -28264.49951916933 
60697.0 -48291.19917845726 
43559.0 -36124.39938545227 
59784.0 -48004.89918333292 
94.0 -1049.5999821424484 
61926.0 -49067.79916524887 
14959.0 -14419.599754691124 
81794.0 -60995.8989623189 
83225.0 -61554.79895281792 
58785.0 -47199.19919705391 
13039.0 -12622.799785256386 
16798.0 -14722.699749529362 
92021.0 -64454.49890345335 
84457.0 -62144.898942768574 
86053.0 -62860.598930597305 
7778.0 -8669.399852514267 
41818.0 -34426.29941433668 
96297.0 -64730.99889874458 
36241.0 -30408.499482691288 
6420.0 -7826.999866843224 
13685.0 -13598.899768650532 
24845.0 -22027.4996252656 
50193.0 -40376.69931310415 
52563.0 -42547.299276173115 
25971.0 -22385.899619162083 
19724.0 -17964.199694395065 
1512.0 -3005.999948859215 
74204.0 -56924.499031603336 
35104.0 -29883.899491608143 
8968.0 -9099.499845206738 
94543.0 -64694.59889936447 
2746.0 -4055.599931001663 
5934.0 -6876.799883008003 
11373.0 -11127.999810695648 
26419.0 -22982.599609017372 
47950.0 -39301.89933139086 
93693.0 -64523.79890227318 
456.0 -2029.8999654650688 
88576.0 -63826.59891414642 
24550.0 -21259.999638319016 
17704.0 -15804.799731135368 
3737.0 -5939.899898946285 
54165.0 -43805.79925477505 
23602.0 -20944.999643683434 
1654.0 -3919.7999333143234 
90750.0 -64284.398906350136 
55477.0 -43994.09925156832 
18250.0 -16349.399721860886 
72801.0 -55554.29905492067 
68325.0 -53105.4990965724 
22632.0 -19092.89967519045 
34516.0 -29598.299496471882 
85426.0 -62272.598940610886 
33799.0 -28969.399507164955 
63213.0 -49634.39915561676 
57673.0 -46269.29921287298 
67258.0 -52099.99911367893 
56719.0 -45590.69922441244 
63829.0 -50238.79914534092 
7413.0 -7977.799864292145 
71203.0 -54968.09906488657 
27386.0 -23375.99960231781 
4741.0 -6067.299896776676 
65230.0 -51094.499130785465 
67683.0 -52752.69910258055 
79360.0 -60033.09897869825 
16802.0 -15404.799737930298 
49358.0 -39948.99932038784 
983.0 -2378.099959552288 
58568.0 -46574.49920767546 
14531.0 -13963.599762439728 
46578.0 -37659.099359333515 
72256.0 -55136.799062013626 
56351.0 -44542.49924224615 
44450.0 -36399.499380767345 
31015.0 -26583.19954776764 
75926.0 -57975.49901372194 
4974.0 -6850.899883449078 
51640.0 -42123.79928338528 
29230.0 -25618.999564170837 
49196.0 -39359.29933041334 
68910.0 -53742.799085736275 
79076.0 -59523.49898737669 
22787.0 -20045.899658977985 
30110.0 -25803.799561023712 
65824.0 -51542.49912315607 
21675.0 -19001.19967675209 
40164.0 -34022.39942121506 
47472.0 -38231.29934960604 
29144.0 -24859.899577081203 
77586.0 -59073.39899504185 
66333.0 -51900.4991170764 
82510.0 -61190.49895900488 
40607.0 -34354.19941556454 
11552.0 -11641.799801945686 
53841.0 -42674.99927401543 
10324.0 -10525.699820935726 
89972.0 -63956.79891192913 
3463.0 -5019.799914598465 
28169.0 -24806.699577987194 
78127.0 -59284.79899144173 
23407.0 -20140.39965736866 
3100.0 -4895.899916708469 
38662.0 -32789.39944219589 
70642.0 -54470.39907336235 
76687.0 -58725.19900095463 
9125.0 -9730.19983446598 
45335.0 -37131.299368321896 
62535.0 -49337.29916065931 
37652.0 -32157.69945293665 
13109.0 -12837.69978159666 
10324.0 -10525.699820935726 
39805.0 -33358.09943252802 
36396.0 -31113.699470698833 
47824.0 -38350.29934757948 
30280.0 -26480.999549508095 
51633.0 -41564.89929288626 
46507.0 -37217.39936685562 
73523.0 -56128.99904513359 
75002.0 -57408.89902335405 
53904.0 -43157.29926580191 
39790.0 -32872.6994407773 
51202.0 -40738.199306964874 
70051.0 -54297.89907628298 
44919.0 -36848.49937313795 
69332.0 -54014.399081110954 
57250.0 -45693.599222660065 
38357.0 -32387.299449026585 
37547.0 -31515.49946385622 
76224.0 -58547.399003982544 
27758.0 -24335.29958599806 
73786.0 -56250.09904307127 
27592.0 -23939.099592745304 
21149.0 -18204.299690306187 
20074.0 -18067.799692630768 
75485.0 -57420.7990231514 
37029.0 -31278.199467897415 
21259.0 -18469.199685811996 
56215.0 -44294.69924646616 
51605.0 -40764.79930651188 
11552.0 -11641.799801945686 
