0.0 -0.0 
97388.0 -64923.49889546633 
97388.0 -64923.49889546633 
0.0 -0.0 
49007.0 -40156.899316847324 
90016.0 -63784.59891486168 
58702.0 -46997.299200475216 
48135.0 -39332.69933086634 
46532.0 -37274.099365890026 
87249.0 -63652.298917114735 
5074.0 -6936.999881982803 
6851.0 -7960.699864566326 
60077.0 -47827.099186360836 
26525.0 -23097.39960706234 
17803.0 -15806.599731087685 
78541.0 -59463.29898840189 
50557.0 -40746.59930682182 
28300.0 -24954.399575471878 
77461.0 -58842.79899895191 
94.0 -1049.5999821424484 
57856.0 -46525.49920850992 
39587.0 -33387.8994320035 
42885.0 -35468.89939659834 
74794.0 -56845.09903293848 
76614.0 -58400.39900648594 
16433.0 -15316.599739432335 
56887.0 -45889.599219322205 
6380.0 -7198.399877548218 
64327.0 -50723.19913709164 
94503.0 -64843.69889682531 
8646.0 -8924.199848175049 
93084.0 -64615.49890071154 
62058.0 -48875.999168515205 
62596.0 -49627.39915573597 
52672.0 -42550.79927611351 
25591.0 -22363.499619543552 
19709.0 -17097.999709129333 
31450.0 -27563.49953109026 
66857.0 -51560.99912285805 
91798.0 -64481.798902988434 
3278.0 -4920.399916291237 
15279.0 -14287.29975694418 
2452.0 -3997.4999319911003 
41783.0 -35090.19940304756 
4400.0 -6021.799897551537 
11492.0 -11635.499802052975 
65262.0 -51363.99912619591 
85783.0 -63088.79892671108 
1699.0 -3930.9999331235886 
9409.0 -9839.399832606316 
72568.0 -56031.6990467906 
90854.0 -64037.9989105463 
23809.0 -20978.59964311123 
43722.0 -36093.59938597679 
53953.0 -43445.699260890484 
29505.0 -25123.099572598934 
11293.0 -10822.499815881252 
71659.0 -55438.499056875706 
15783.0 -14920.09974616766 
68068.0 -53253.19909405708 
56520.0 -45191.69923120737 
20002.0 -18128.699691593647 
41621.0 -34284.89941674471 
75567.0 -57840.09901601076 
69564.0 -53948.59908223152 
53373.0 -42832.899271309376 
10398.0 -10534.799820780754 
22545.0 -19471.599668741226 
37783.0 -32305.399450421333 
50817.0 -41326.89929693937 
30399.0 -26097.799556016922 
14188.0 -13936.999762892723 
18282.0 -16518.79971897602 
69073.0 -53504.49908977747 
37522.0 -31691.199460864067 
60777.0 -48687.699171721935 
27224.0 -24176.39958870411 
35596.0 -30285.99948477745 
80885.0 -61250.9989579916 
67447.0 -52670.09910398722 
21501.0 -18725.099681437016 
20412.0 -18412.19968676567 
38870.0 -32520.999446749687 
73736.0 -56268.999042749405 
80218.0 -60670.39896786213 
47631.0 -38512.299344837666 
29656.0 -25882.899559676647 
34405.0 -29331.999500989914 
55712.0 -44881.29923647642 
71016.0 -55264.899059832096 
55219.0 -44491.39924311638 
47631.0 -38512.299344837666 
36407.0 -30380.499483168125 
86862.0 -63339.39892244339 
18839.0 -16819.099713861942 
12208.0 -12181.099792778492 
32711.0 -27642.599529743195 
75313.0 -57503.39902174473 
51780.0 -41774.89928930998 
27369.0 -24188.299588501453 
24566.0 -21411.199635744095 
81656.0 -61347.59895634651 
1025.0 -3015.799948692322 
33703.0 -28963.099507272243 
95999.0 -64867.49889642 
40152.0 -33966.39942216873 
33183.0 -28712.499511539936 
32803.0 -28174.59952068329 
7774.0 -8740.099851310253 
456.0 -2029.8999654650688 
25634.0 -22794.99961221218 
10143.0 -9846.399832487106 
23487.0 -20262.19965529442 
30672.0 -26919.199542045593 
60716.0 -48104.99918162823 
13329.0 -13217.399775147438 
63259.0 -50227.599145531654 
44279.0 -36393.89938086271 
40537.0 -34155.39941895008 
1025.0 -3015.799948692322 
12208.0 -12181.099792778492 
13745.0 -13605.199768543243 
84873.0 -62721.99893295765 
66207.0 -51427.299125134945 
3682.0 -5864.999900221825 
45090.0 -36488.39937925339 
83878.0 -62244.59894108772 
79983.0 -60275.59897458553 
82822.0 -61408.49895530939 
456.0 -2029.8999654650688 
3580.0 -5309.199909687042 
63405.0 -50395.59914267063 
70591.0 -54244.69907718897 
36467.0 -31255.099468290806 
45452.0 -36866.399372816086 
83276.0 -62239.69894117117 
84869.0 -62427.29893797636 
36810.0 -31281.69946783781 
13329.0 -13217.399775147438 
82865.0 -61772.49894911051 
21678.0 -19178.299673736095 
45830.0 -37163.49936777353 
24566.0 -21411.199635744095 
70736.0 -54489.69907301664 
51744.0 -41670.5992910862 
79257.0 -60062.09897822142 
55163.0 -43688.19925677776 
54918.0 -43635.69925767183 
73339.0 -56233.99904334545 
23487.0 -20262.19965529442 
