198209.0 -132584.09774440527 
80284.0 -51626.69912177324 
188020.0 -131586.5977613926 
183668.0 -131052.49777048826 
119080.0 -91778.3984386921 
121144.0 -93242.09841376543 
83754.0 -58832.49899917841 
195985.0 -132131.1977521181 
122764.0 -94075.69839960337 
82977.0 -57329.9990247488 
84152.0 -60860.29896467924 
154222.0 -116212.79802298546 
124166.0 -95307.29837864637 
98627.0 -75772.99871098995 
191289.0 -131690.89775961637 
152700.0 -115210.79804003239 
117635.0 -90789.69845551252 
86380.0 -62786.998931884766 
167659.0 -124015.69789022207 
192965.0 -131995.39775443077 
103859.0 -80564.9986294508 
147280.0 -112040.29809397459 
94880.0 -72001.99877512455 
127485.0 -98188.99832963943 
141841.0 -108075.39816141129 
111276.0 -85788.09854060411 
125759.0 -97165.69834703207 
84650.0 -62136.69894295931 
148963.0 -112712.99808251858 
156043.0 -116830.89801245928 
151815.0 -114094.69805902243 
158857.0 -119562.4979659915 
105336.0 -81407.39861512184 
116534.0 -89779.2984727025 
100000.0 -76909.09869164228 
90798.0 -67520.09885138273 
150296.0 -113425.19807040691 
102840.0 -79526.59864711761 
93427.0 -71161.69878941774 
172748.0 -126614.69784599543 
86918.0 -64299.5989061594 
81369.0 -53795.89908486605 
97237.0 -74933.0987252593 
106113.0 -82422.69859784842 
115537.0 -88840.29848867655 
109803.0 -85171.09855109453 
161090.0 -119850.49796110392 
179244.0 -129613.69779497385 
140069.0 -107292.0981747508 
134204.0 -102543.49825555086 
169306.0 -124721.5978782177 
81787.0 -56259.39904296398 
164320.0 -121816.69792765379 
145115.0 -110432.09812134504 
113748.0 -88431.19849562645 
146118.0 -111079.59811031818 
89615.0 -66498.49886876345 
177611.0 -129094.99780380726 
157076.0 -117706.89799755812 
158016.0 -118554.8979831338 
131920.0 -101082.998280406 
95679.0 -73197.19875478745 
174337.0 -127169.39783656597 
130741.0 -100231.49829488993 
135244.0 -103431.7982404232 
144010.0 -109397.89813894033 
132696.0 -101967.09826534986 
138161.0 -105672.69820231199 
180927.0 -130055.69778746367 
125331.0 -96191.69836360216 
136790.0 -103808.69823402166 
139826.0 -106231.99819278717 
92853.0 -70094.59880757332 
80318.0 -52674.199103951454 
129790.0 -99497.59830737114 
129228.0 -98358.09832674265 
171306.0 -125964.39785706997 
181722.0 -130885.19777333736 
112194.0 -87070.09851878881 
165818.0 -123408.4979005456 
143343.0 -108612.59815227985 
96275.0 -74121.09873908758 
137032.0 -105144.89821130037 
87602.0 -65227.09889036417 
162886.0 -121272.79793691635 
81397.0 -55204.89906090498 
176200.0 -128619.39781188965 
175187.0 -128013.19782221317 
107323.0 -83304.29858285189 
161620.0 -120918.29794293642 
89210.0 -65522.79888534546 
165129.0 -122914.29790896177 
170274.0 -125434.19786608219 
108729.0 -84281.79856622219 
100548.0 -77826.39867603779 
91429.0 -68617.99883270264 
91969.0 -69235.6988222003 
113450.0 -87171.59851706028 
102134.0 -78413.29866605997 
108401.0 -83552.09857863188 
