192587.0 -131906.49775594473 
88805.0 -55662.99905312061 
88928.0 -57856.39901578426 
91110.0 -61604.29895204306 
92612.0 -62635.29893451929 
187467.0 -131167.29776853323 
98581.0 -71852.19877767563 
163337.0 -122338.89791876078 
172186.0 -127001.397839427 
174075.0 -127472.79783141613 
162149.0 -121105.89793974161 
108784.0 -81696.4986101985 
180713.0 -130490.39778006077 
97692.0 -70695.798797369 
114673.0 -86930.79852116108 
190868.0 -131674.09775990248 
90046.0 -58905.99899792671 
90538.0 -60159.59897661209 
122552.0 -92944.59841883183 
110524.0 -82548.69859570265 
140982.0 -107390.3981730938 
159356.0 -119950.59795939922 
178095.0 -129463.49779754877 
99886.0 -72779.29876190424 
183601.0 -131124.5977692604 
148008.0 -112474.9980865717 
106327.0 -80336.09863334894 
170450.0 -126527.49784749746 
120317.0 -91269.19844734669 
121300.0 -92147.99843239784 
157859.0 -119366.49796932936 
106092.0 -78890.29865795374 
169509.0 -125636.09786266088 
141979.0 -108604.89815241098 
113519.0 -86094.69853538275 
97363.0 -69206.69882267714 
146946.0 -111676.5981001854 
112699.0 -85131.19855177402 
160187.0 -121073.69794028997 
176825.0 -128640.69781154394 
164252.0 -123234.49790352583 
165909.0 -123646.7978965044 
175788.0 -127955.09782320261 
107693.0 -81076.99862074852 
92958.0 -64164.09890848398 
149276.0 -113328.598072052 
100823.0 -73617.49874764681 
145655.0 -110979.19811201096 
156831.0 -118495.39798414707 
101687.0 -74583.79873120785 
168517.0 -124676.79787898064 
96124.0 -68603.29883295298 
115537.0 -88105.69850116968 
128561.0 -97375.59834349155 
123680.0 -93868.49840313196 
188755.0 -131233.09776741266 
132593.0 -101766.89826875925 
129440.0 -98245.09832865 
125561.0 -95443.79837632179 
95769.0 -67322.69885474443 
130218.0 -99155.69831317663 
124254.0 -94732.59838843346 
179985.0 -129736.19779288769 
167064.0 -124358.99788439274 
153468.0 -115408.19803667068 
111526.0 -84337.79856526852 
132091.0 -100479.29829066992 
119187.0 -90377.09846252203 
156117.0 -117556.39800012112 
127540.0 -96600.49835664034 
144455.0 -110403.79812180996 
93965.0 -64803.09889763594 
183023.0 -131052.49777048826 
138832.0 -106231.99819278717 
139730.0 -106838.49818247557 
154065.0 -116538.9980174303 
103197.0 -76181.09870404005 
102410.0 -75536.79871499538 
131110.0 -99989.3982989788 
150170.0 -114015.59806036949 
116928.0 -88319.89849752188 
126361.0 -96172.09836393595 
117522.0 -89284.09848111868 
110915.0 -83566.79857838154 
155186.0 -116874.5980117321 
104697.0 -78247.39866888523 
137944.0 -105405.99820685387 
151148.0 -114635.79804980755 
152282.0 -114952.49804443121 
94604.0 -66739.99886465073 
94375.0 -65912.89887875319 
133756.0 -102261.09826034307 
135848.0 -104032.69823020697 
104070.0 -77037.49868947268 
118345.0 -89852.49847143888 
143671.0 -109632.0981349349 
135333.0 -103372.5982414484 
142787.0 -109321.99814021587 
134660.0 -102633.49825400114 
136762.0 -104669.99821937084 
