79345.0 -53458.89909058809 
195157.0 -131704.19775938988 
168309.0 -124467.497882545 
114106.0 -89194.89848262072 
112053.0 -87705.39850795269 
95570.0 -74397.2987343669 
94069.0 -72664.49876385927 
106645.0 -83236.79858398438 
170376.0 -125451.99786579609 
105327.0 -81925.39860630035 
151148.0 -113881.19806265831 
108022.0 -84277.99856626987 
89182.0 -68110.89884132147 
148844.0 -113287.29807275534 
136881.0 -105346.19820785522 
153105.0 -116016.09802633524 
99129.0 -76669.39869570732 
163286.0 -122019.69792419672 
104341.0 -80834.49862486124 
90691.0 -69266.19882166386 
84350.0 -62012.79894506931 
131647.0 -100527.29828983545 
124196.0 -95044.19838309288 
132791.0 -101560.79827225208 
152319.0 -114806.89804691076 
120959.0 -92324.09842938185 
81982.0 -57261.49902588129 
122667.0 -94358.19839477539 
162062.0 -121019.0979412198 
139357.0 -105697.59820187092 
82908.0 -58315.599007964134 
171732.0 -126199.89785307646 
118194.0 -92240.09843081236 
86383.0 -65193.798890948296 
165716.0 -122189.79792129993 
125147.0 -96220.49836307764 
133697.0 -102614.598254323 
87956.0 -67369.29885393381 
127574.0 -97754.39833700657 
93004.0 -71906.09877675772 
136036.0 -104277.39822602272 
102615.0 -80171.29863613844 
134895.0 -103431.7982404232 
87108.0 -66237.09887319803 
147238.0 -111313.09810632467 
178401.0 -128826.1978083849 
121046.0 -93756.59840500355 
192494.0 -131464.79776346684 
126432.0 -96835.6983526349 
115104.0 -90124.79846680164 
97913.0 -75726.89871174097 
155131.0 -116552.99801719189 
128429.0 -98753.2983199954 
108908.0 -85464.79854607582 
188656.0 -131196.69776803255 
148022.0 -112301.39808952808 
111503.0 -86587.89852696657 
157831.0 -118413.09798556566 
141950.0 -108270.99815809727 
172582.0 -127317.39783406258 
83516.0 -60641.19896841049 
140479.0 -107546.19817042351 
101886.0 -79244.8986518979 
85248.0 -64173.59890830517 
97119.0 -74905.09872573614 
185175.0 -130790.69777494669 
100349.0 -77724.89867776632 
110368.0 -85787.49854058027 
190985.0 -131348.5977654457 
176318.0 -128638.5978115797 
160578.0 -120440.8979510665 
91886.0 -70881.69879418612 
116588.0 -90670.09845751524 
81065.0 -56127.89904516935 
79593.0 -54520.399072527885 
84692.0 -63405.398921370506 
186851.0 -131073.49777013063 
83218.0 -59793.198982834816 
142685.0 -109099.39814400673 
146031.0 -110425.49812144041 
117394.0 -91380.89844542742 
159525.0 -118826.7979785204 
179402.0 -129752.59779262543 
144302.0 -109413.69813865423 
139683.0 -106837.09818249941 
173995.0 -127714.29782730341 
80575.0 -55412.49905735254 
180720.0 -129879.29779046774 
100505.0 -78633.49866229296 
166402.0 -123380.79790103436 
175649.0 -127848.69782501459 
156663.0 -117704.79799759388 
182888.0 -129973.09778887033 
130199.0 -99773.79830265045 
91482.0 -70123.99880707264 
184147.0 -129997.5977884531 
160476.0 -119274.39797091484 
129880.0 -99296.49831074476 
155899.0 -117240.69800549746 
145238.0 -109990.79812884331 
