193810.0 -131651.69776028395 
81311.0 -49604.19915616512 
89141.0 -66864.29886251688 
88039.0 -64073.79891002178 
84418.0 -56429.199040055275 
92052.0 -68101.79884147644 
84196.0 -53709.79908633232 
179380.0 -129610.49779504538 
82893.0 -50803.59913575649 
131792.0 -101292.39827680588 
167604.0 -124153.19788789749 
130326.0 -100078.29829746485 
135089.0 -102782.19825148582 
138546.0 -106052.79819583893 
133397.0 -102075.99826347828 
136242.0 -103941.69823175669 
140027.0 -106979.89818006754 
83014.0 -52736.89910286665 
137638.0 -104792.49821728468 
121894.0 -93607.79840755463 
112458.0 -86475.89852887392 
187231.0 -130942.59777235985 
105353.0 -81077.09862071276 
190998.0 -131330.39776575565 
155597.0 -117239.2980055213 
86765.0 -63117.29892629385 
148417.0 -112947.79807853699 
146883.0 -112066.19809353352 
85749.0 -60512.39897060394 
143921.0 -109461.59813785553 
156738.0 -118297.2979875207 
141148.0 -108020.39816236496 
106592.0 -81928.59860622883 
142647.0 -108575.79815292358 
113383.0 -87705.69850796461 
98654.0 -74365.39873492718 
152371.0 -114808.29804688692 
129532.0 -98892.89831763506 
154098.0 -116627.19801592827 
157762.0 -119175.39797258377 
86015.0 -61966.598945856094 
122847.0 -95034.99838328362 
104063.0 -80137.39863669872 
172488.0 -126923.99784076214 
111167.0 -85554.39854454994 
177208.0 -128499.99781394005 
165608.0 -123313.59790217876 
145321.0 -110141.99812626839 
107516.0 -82994.2985880971 
120516.0 -92960.69841855764 
168731.0 -125084.49787205458 
150419.0 -114241.69805651903 
124913.0 -96222.8983630538 
84703.0 -58480.39900517464 
125973.0 -97142.99834740162 
99549.0 -75601.59871387482 
189065.0 -131086.09776991606 
171128.0 -126320.99785101414 
163767.0 -122028.09792405367 
93755.0 -69804.79881250858 
152824.0 -115889.39802849293 
103427.0 -79166.89865320921 
110206.0 -84835.19855678082 
145990.0 -111186.69810849428 
115324.0 -89293.89848095179 
114632.0 -88331.09849733114 
170272.0 -125406.49786657095 
94774.0 -70834.79879498482 
93016.0 -69006.49882608652 
159533.0 -119609.69796520472 
119444.0 -92188.99843168259 
162276.0 -121662.6979302764 
128560.0 -97968.59833335876 
161307.0 -120952.5979423523 
102470.0 -78221.4986693263 
174202.0 -127380.69783300161 
85463.0 -58844.398998975754 
117565.0 -90847.49845451117 
149227.0 -113915.49806207418 
175428.0 -127584.79782950878 
96143.0 -72109.79877328873 
181991.0 -130081.59778702259 
127332.0 -97629.7983391285 
118598.0 -91487.29844361544 
123851.0 -95507.49837523699 
160209.0 -120328.59795296192 
165374.0 -122522.99791562557 
184412.0 -130773.89777523279 
97041.0 -73090.09875661135 
184218.0 -130535.89777928591 
97404.0 -73742.79874551296 
100877.0 -75901.49870878458 
181492.0 -129800.1977918148 
193645.0 -131377.29776495695 
101227.0 -77933.19867420197 
109478.0 -83716.29857581854 
100894.0 -77021.4986897111 
95846.0 -71227.49878829718 
177176.0 -127947.39782333374 
109308.0 -83164.69858521223 
