75321.0 -44659.9992402792 
197242.0 -132098.2977526784 
193761.0 -131753.1977585554 
99339.0 -75136.09872180223 
96927.0 -73510.09874945879 
89698.0 -64740.19889867306 
137187.0 -105831.59819960594 
189382.0 -131636.2977605462 
136219.0 -104160.09822803736 
139201.0 -106910.59818124771 
84145.0 -57602.69902008772 
103143.0 -77966.3986736536 
106036.0 -79831.09864193201 
114935.0 -88266.39849841595 
111609.0 -85002.09855395555 
184120.0 -130482.6977801919 
147007.0 -112796.59808111191 
124845.0 -95578.89837402105 
85345.0 -59098.49899464846 
104314.0 -79254.29865175486 
113625.0 -87185.99851679802 
126647.0 -96427.89835959673 
145859.0 -111464.19810378551 
78819.0 -51251.19912815094 
95758.0 -70626.59879851341 
78587.0 -49585.99915647507 
174614.0 -127164.79783666134 
157213.0 -118522.297983706 
109681.0 -84087.59856951237 
161545.0 -120975.6979419589 
85864.0 -60353.89897328615 
77355.0 -48512.59917473793 
164166.0 -122568.79791486263 
88423.0 -63030.8989277482 
116308.0 -89301.99848079681 
82860.0 -56598.59903717041 
112587.0 -86036.99853634834 
101765.0 -76891.89869195223 
127389.0 -97665.49833852053 
91626.0 -65693.1988824606 
94873.0 -69096.79882454872 
75416.0 -46386.79921090603 
152484.0 -115767.59803056717 
106998.0 -81399.39861524105 
159500.0 -120339.79795277119 
76288.0 -47534.39919137955 
166668.0 -124197.29788714647 
168412.0 -124891.29787534475 
151194.0 -114837.69804638624 
81306.0 -54430.799074053764 
181780.0 -129917.79778981209 
100389.0 -76311.99870181084 
119563.0 -91719.59843969345 
87385.0 -61343.99895644188 
162351.0 -122029.79792404175 
158967.0 -119297.89797049761 
132591.0 -101996.49826484919 
165577.0 -123410.19790053368 
186063.0 -130866.29777365923 
130843.0 -100243.79829466343 
148617.0 -113489.19806933403 
128642.0 -98600.29832261801 
171975.0 -126925.09784072638 
169748.0 -125500.99786496162 
175334.0 -128289.99781751633 
153868.0 -116486.09801834822 
108992.0 -83126.19858586788 
178543.0 -129221.99780166149 
82036.0 -55470.599056363106 
177218.0 -128633.69781166315 
121049.0 -92502.89842635393 
129691.0 -99390.19830918312 
149948.0 -114074.39805936813 
140551.0 -107701.89816778898 
107751.0 -82155.69860237837 
188305.0 -130902.69777303934 
145130.0 -110266.1981241703 
118633.0 -90741.39845633507 
117202.0 -90296.9984638691 
93373.0 -67260.79885578156 
142360.0 -109378.9981392622 
170847.0 -126494.59784805775 
180164.0 -129819.09779149294 
80130.0 -52302.19911026955 
132070.0 -101087.59828031063 
123056.0 -95017.8983835578 
141123.0 -108709.49815064669 
80575.0 -53008.79909825325 
93910.0 -68368.79883694649 
143910.0 -109739.49813312292 
196493.0 -131881.29775637388 
156124.0 -117568.59799993038 
91970.0 -66703.2988652587 
122016.0 -93191.99841463566 
155077.0 -117225.59800577164 
134466.0 -102818.59825086594 
134774.0 -103069.89824658632 
122679.0 -94142.89839845896 
87874.0 -62385.89893871546 
96405.0 -72079.69877380133 
