80277.0 -48831.39916932583 
192888.0 -132144.4977518916 
192888.0 -132144.4977518916 
82321.0 -52076.09911412001 
106173.0 -81373.49861568213 
80586.0 -49798.39915287495 
120882.0 -92860.19842028618 
84836.0 -55993.79904747009 
85900.0 -57517.59902155399 
170813.0 -125903.79785811901 
86733.0 -59077.498995006084 
169655.0 -124485.29788225889 
87333.0 -60639.098968446255 
84563.0 -54007.299081265926 
93856.0 -68249.09883898497 
122936.0 -94233.89839690924 
133819.0 -102495.1982563734 
163197.0 -121731.59792912006 
98283.0 -73830.29874402285 
157245.0 -118514.19798386097 
108121.0 -82223.19860124588 
151323.0 -114314.79805529118 
172384.0 -126820.39784252644 
120323.0 -91439.2984444499 
158912.0 -119226.79797172546 
94915.0 -69659.89881497622 
161331.0 -121131.39793932438 
155779.0 -117618.59799909592 
167572.0 -124184.29788738489 
99222.0 -75272.89871948957 
164813.0 -122516.2979157567 
190435.0 -131863.09775668383 
166150.0 -123302.29790240526 
160158.0 -120177.69795554876 
104340.0 -80212.5986354351 
110651.0 -85406.2985470891 
92929.0 -67121.1988581419 
83622.0 -52836.5991011858 
97356.0 -72717.69876295328 
147922.0 -112435.39808726311 
88394.0 -61908.49894684553 
117074.0 -90386.89846235514 
118273.0 -90968.19845247269 
109548.0 -84467.99856305122 
124907.0 -95644.9983729124 
188511.0 -131653.79776024818 
152207.0 -115358.79803752899 
129575.0 -99718.79830360413 
135612.0 -103261.99824333191 
114073.0 -87805.79850625992 
131043.0 -100259.49829441309 
180989.0 -129893.9977902174 
178749.0 -129653.89779430628 
108893.0 -83286.79858314991 
111739.0 -86467.79852902889 
128811.0 -98566.99832320213 
137790.0 -105840.99819946289 
173957.0 -127445.79783189297 
96411.0 -71663.19878089428 
154355.0 -116853.19801211357 
141345.0 -107833.79816555977 
91775.0 -66191.29887396097 
145596.0 -110184.69812554121 
115601.0 -89484.99847769737 
100600.0 -77078.49868875742 
139040.0 -106449.99818909168 
96076.0 -70424.59880197048 
142317.0 -108785.39814937115 
140240.0 -107139.09817737341 
153653.0 -115961.798027277 
102279.0 -77750.79867732525 
113341.0 -86695.99852514267 
183470.0 -130633.89777761698 
185377.0 -131060.89777034521 
125639.0 -96710.69835478067 
136865.0 -104807.89821702242 
186722.0 -131229.59776747227 
175005.0 -128128.29782027006 
176415.0 -128521.6978135705 
123509.0 -94897.39838564396 
177320.0 -129303.19780027866 
102991.0 -78384.59866654873 
103823.0 -79438.79864859581 
100062.0 -76271.39870250225 
114946.0 -88829.49848884344 
127547.0 -97955.19833362103 
89045.0 -64104.29890948534 
90256.0 -64747.19889855385 
88996.0 -62875.49893039465 
126649.0 -97357.49834376574 
132442.0 -101637.39827096462 
182827.0 -129943.69778937101 
91515.0 -65018.49889391661 
149554.0 -113416.69807058573 
136440.0 -103895.49823254347 
147129.0 -111367.89810544252 
132175.0 -101115.19827985764 
143937.0 -109783.19813239574 
146672.0 -110907.69811326265 
143835.0 -109084.59814429283 
