195913.0 -132028.99775385857 
86796.0 -57651.999019265175 
98436.0 -74562.79873156548 
181996.0 -129743.4977927804 
178607.0 -129469.0977974534 
111755.0 -85976.79853737354 
143588.0 -109636.5981348753 
135660.0 -104762.39821779728 
112744.0 -86907.69852155447 
113914.0 -88167.6985000968 
161316.0 -121850.99792706966 
187645.0 -130891.49777323008 
131456.0 -101000.79828178883 
93967.0 -67636.99884939194 
107721.0 -83291.39858305454 
88576.0 -61112.998960375786 
185333.0 -130717.89777618647 
145114.0 -110535.69811958075 
87701.0 -59734.398983836174 
136724.0 -105988.39819693565 
134666.0 -103686.8982360959 
163424.0 -122436.49791711569 
97816.0 -72352.298769176 
189836.0 -131174.29776841402 
120546.0 -92684.89842325449 
155678.0 -118061.39799153805 
132454.0 -102037.79826414585 
127901.0 -98787.49831944704 
183755.0 -130125.69778627157 
149211.0 -113543.7980684042 
127147.0 -97527.59834086895 
105742.0 -80841.09862476587 
167729.0 -124432.79788315296 
133739.0 -102703.09825283289 
130021.0 -100180.09829574823 
115585.0 -88523.29849404097 
159536.0 -120019.19795823097 
146655.0 -110937.79811275005 
154622.0 -117184.29800647497 
109737.0 -84641.59856009483 
141997.0 -108928.59814691544 
92595.0 -66715.49886506796 
106542.0 -81989.39860522747 
104693.0 -80059.99863803387 
192364.0 -131628.59776067734 
119365.0 -91660.79844069481 
160658.0 -120781.797945261 
89444.0 -61974.99894571304 
115837.0 -90007.19846880436 
169179.0 -125155.19787085056 
157170.0 -118724.59798026085 
126223.0 -96741.49835425615 
90053.0 -63150.598925709724 
151820.0 -114675.2980491519 
150103.0 -114547.8980513215 
158256.0 -119293.69797056913 
152204.0 -116028.69802612066 
171635.0 -126194.9978531599 
90800.0 -63986.99891149998 
94154.0 -69121.29882413149 
117637.0 -90149.29846638441 
129170.0 -99404.1983089447 
177759.0 -128490.19781410694 
195563.0 -131842.09775704145 
153565.0 -116384.29802006483 
139900.0 -107804.7981660366 
165108.0 -122619.19791400433 
99513.0 -75459.09871631861 
146842.0 -112480.89808648825 
91647.0 -64926.69889551401 
176565.0 -128030.99782192707 
170755.0 -125367.9978672266 
110244.0 -84646.09856003523 
87208.0 -58659.59900212288 
118525.0 -91013.3984516859 
148238.0 -112618.79808413982 
121637.0 -93405.89841097593 
175198.0 -127495.49783104658 
95895.0 -71614.89878171682 
122771.0 -95185.1983807087 
124861.0 -96138.89836448431 
138659.0 -107126.89817756414 
140978.0 -108347.29815679789 
122264.0 -94175.39839792252 
173091.0 -126651.69784539938 
102509.0 -77601.6986798644 
138229.0 -106388.39819014072 
95603.0 -70551.99879980087 
91873.0 -66003.9988771677 
95319.0 -69570.99881649017 
103547.0 -78455.9986653328 
103639.0 -79219.2986523509 
124380.0 -95368.19837760925 
174426.0 -126837.19784224033 
191751.0 -131388.49776476622 
166444.0 -123831.8978933692 
102089.0 -76938.4986911416 
165678.0 -123690.49789577723 
107565.0 -82656.09859389067 
100980.0 -76509.39869844913 
