197615.0 -132066.79775321484 
76868.0 -51884.6991173625 
134669.0 -102342.29825896025 
136494.0 -104373.59822440147 
129191.0 -98791.3983193636 
131243.0 -100404.79829192162 
87479.0 -64360.19890511036 
119519.0 -92302.3984297514 
93942.0 -71377.69878572226 
132874.0 -100892.69828361273 
143603.0 -109013.69814544916 
175640.0 -127746.79782676697 
157368.0 -118028.49799209833 
121660.0 -93213.09841424227 
81549.0 -55716.99905216694 
87761.0 -66344.59887135029 
104117.0 -81006.39862191677 
164592.0 -121306.7979363203 
100942.0 -78031.19867253304 
118074.0 -91278.39844715595 
86095.0 -63068.69892710447 
84426.0 -59856.99898171425 
166408.0 -123715.69789534807 
164810.0 -122938.79790854454 
138717.0 -104976.59821414948 
161750.0 -121266.19793701172 
142194.0 -108185.2981595397 
93534.0 -69702.9988142252 
95206.0 -72810.7987613678 
149404.0 -113205.79807412624 
155772.0 -117299.4980044961 
79973.0 -54728.69906896353 
97468.0 -74565.99873149395 
78099.0 -53172.99909543991 
105655.0 -81744.49860936403 
122266.0 -94263.69839638472 
123966.0 -95111.99838197231 
186754.0 -131035.69777077436 
158567.0 -119267.09797102213 
116373.0 -90695.99845707417 
150545.0 -114227.69805675745 
193897.0 -131852.59775686264 
147992.0 -112418.99808752537 
95817.0 -73664.09874683619 
109160.0 -85031.89855343103 
176405.0 -129109.99780356884 
183108.0 -130269.89778381586 
145059.0 -110175.59812569618 
106994.0 -82528.79859602451 
184346.0 -130878.89777344465 
115608.0 -89580.59847605228 
173546.0 -127144.49783700705 
90643.0 -68527.79883420467 
83734.0 -58359.099007189274 
113500.0 -88200.99849951267 
102290.0 -79187.89865285158 
112330.0 -87072.99851870537 
147659.0 -111087.29811018705 
91601.0 -69393.9988194704 
177943.0 -129454.39779770374 
191014.0 -131473.19776332378 
125036.0 -95851.19836938381 
103210.0 -79655.09864491224 
170633.0 -125370.09786719084 
100093.0 -76947.99869096279 
127595.0 -98085.49833136797 
110667.0 -85550.59854459763 
151661.0 -114995.89804369211 
81723.0 -57339.89902454615 
139391.0 -106026.49819630384 
167788.0 -124578.79788064957 
85597.0 -60761.99896633625 
97853.0 -75783.59871077538 
160758.0 -120294.99795353413 
79586.0 -53542.1990891695 
114901.0 -88501.59849441051 
125678.0 -97017.69834953547 
153029.0 -115505.49803501368 
195333.0 -131891.79775619507 
168497.0 -125199.99787008762 
99578.0 -75991.49870723486 
145602.0 -110905.2981132865 
85955.0 -61707.998950242996 
141593.0 -106797.59818315506 
111683.0 -86284.49853211641 
172010.0 -125822.59785950184 
181282.0 -129688.89779371023 
89885.0 -67384.39885365963 
188758.0 -131342.297765553 
160077.0 -119570.89796584845 
180446.0 -129499.89779692888 
88724.0 -67299.69885510206 
107973.0 -84097.79856932163 
83439.0 -57374.19902396202 
173092.0 -126285.99785161018 
127113.0 -97241.69834572077 
154691.0 -116326.89802104235 
140755.0 -106508.4981880784 
107403.0 -83776.49857479334 
153955.0 -116180.59802353382 
