193149.0 -131077.6977700591 
73233.0 -47403.49919360876 
78664.0 -58574.59900355339 
81357.0 -62465.69893735647 
140580.0 -108299.99815762043 
138939.0 -107215.39817607403 
174743.0 -127619.09782892466 
79554.0 -60794.49896579981 
89998.0 -70652.09879809618 
142117.0 -109339.09813994169 
74401.0 -48452.39917576313 
183334.0 -129589.497795403 
82203.0 -64762.29889827967 
88622.0 -69393.59881949425 
120883.0 -93525.89840894938 
77869.0 -56970.2990308404 
126281.0 -96987.1983500719 
143689.0 -110219.99812495708 
87275.0 -68575.69883340597 
177273.0 -128044.29782170057 
119650.0 -92339.09842914343 
104934.0 -83139.49858564138 
99905.0 -79814.69864219427 
116910.0 -90736.89845639467 
91819.0 -71274.39878749847 
127411.0 -98125.99833071232 
152603.0 -115667.79803228378 
144987.0 -111211.49810808897 
113441.0 -88730.09849053621 
148943.0 -113114.69807571173 
122385.0 -94396.29839414358 
111758.0 -88100.4985012412 
74529.0 -50577.49913960695 
77266.0 -55632.99905359745 
163632.0 -121973.09792500734 
133530.0 -102123.1982626915 
124461.0 -96294.59836184978 
134504.0 -103457.29824000597 
158047.0 -118542.89798337221 
96211.0 -75776.19871091843 
118078.0 -91665.39844059944 
166230.0 -122141.09792214632 
168242.0 -124218.29788678885 
135507.0 -104329.09822517633 
166790.0 -123269.49790292978 
103812.0 -82093.39860343933 
156209.0 -117990.2979927659 
173138.0 -126755.29784363508 
128721.0 -98995.69831591845 
137568.0 -106174.19819378853 
101710.0 -80631.19862830639 
123394.0 -95409.49837690592 
99339.0 -78506.09866446257 
132676.0 -101136.59827947617 
84344.0 -65957.49887794256 
106349.0 -84113.4985690713 
109713.0 -86278.49853223562 
97336.0 -76779.99869382381 
137059.0 -105157.4982110858 
149940.0 -114297.2980555892 
131507.0 -100213.29829519987 
110657.0 -87044.59851920605 
154198.0 -116414.69801956415 
151169.0 -114837.99804639816 
108909.0 -84980.3985543251 
158916.0 -119672.69796413183 
130632.0 -99286.89831095934 
95083.0 -74818.99872720242 
94823.0 -73602.09874790907 
98333.0 -77578.99868023396 
162568.0 -121092.89793998003 
178727.0 -128694.59781062603 
171789.0 -126252.39785218239 
170824.0 -125384.39786696434 
154701.0 -117443.9980020523 
76071.0 -54614.89907091856 
168952.0 -125252.49786919355 
86412.0 -67065.19885909557 
186288.0 -129701.49779349566 
80216.0 -61621.89895170927 
102999.0 -81017.19862174988 
147352.0 -112446.59808707237 
146345.0 -112032.89809411764 
191816.0 -130915.99777281284 
75415.0 -51357.59912633896 
180846.0 -129474.69779735804 
82899.0 -65389.798887610435 
92815.0 -72399.89876836538 
186394.0 -130386.79778182507 
107258.0 -84807.89855724573 
93331.0 -72904.5987597704 
75741.0 -52551.399106025696 
115355.0 -89798.5984723568 
188794.0 -130631.09777766466 
85516.0 -66856.59886264801 
161039.0 -120693.59794676304 
160897.0 -119734.99796307087 
114703.0 -89707.59847390652 
189667.0 -130660.49777716398 
76035.0 -53519.09908956289 
