193188.0 -131868.69775658846 
76840.0 -46561.7992079258 
80430.0 -53585.599088430405 
82816.0 -58771.99900019169 
82266.0 -55579.09905451536 
86255.0 -62314.49893993139 
92626.0 -69786.2988128066 
87255.0 -63773.5989151001 
88179.0 -65225.298890411854 
85547.0 -60620.59896874428 
89642.0 -66251.7988729477 
94286.0 -70813.49879533052 
80036.0 -50349.699143469334 
96389.0 -72687.59876346588 
147778.0 -110936.79811275005 
158344.0 -118872.29797774553 
166296.0 -123508.49789887667 
84209.0 -59586.39898633957 
108649.0 -84088.29856950045 
109795.0 -85319.19854855537 
110971.0 -86209.1985334158 
153329.0 -115649.2980325818 
115922.0 -89001.99848592281 
142122.0 -108204.0981592536 
152018.0 -114756.49804776907 
132807.0 -101079.4982804656 
154636.0 -116581.29801672697 
97187.0 -74417.89873403311 
187735.0 -130870.4977735877 
177791.0 -129214.9978017807 
77731.0 -48266.599178910255 
91957.0 -68187.89884001017 
99882.0 -75755.89871126413 
91074.0 -67271.29885560274 
162104.0 -121300.09793645144 
167971.0 -124303.99788534641 
185909.0 -130140.79778599739 
173626.0 -126900.19784116745 
112685.0 -86987.89852017164 
143621.0 -109069.59814453125 
133827.0 -102238.29826074839 
181751.0 -129844.29779106379 
179795.0 -129529.99779641628 
105728.0 -81064.79862093925 
164863.0 -122731.19791209698 
148746.0 -112181.99809157848 
120565.0 -93010.69841772318 
171589.0 -126458.89784866571 
163536.0 -122031.59792399406 
150683.0 -113871.3980628252 
95234.0 -71951.99877595901 
106804.0 -82111.59860312939 
123452.0 -94241.29839676619 
121831.0 -93768.09840482473 
183881.0 -130078.0977870822 
81375.0 -55138.799062013626 
159243.0 -120184.69795542955 
145486.0 -110682.69811707735 
107947.0 -82839.89859074354 
104627.0 -80190.19863581657 
137665.0 -104946.798214674 
138709.0 -106067.09819561243 
98745.0 -74648.19873011112 
169074.0 -125098.49787181616 
118564.0 -91359.09844583273 
78339.0 -49130.29916423559 
131105.0 -100521.29828995466 
134608.0 -103304.69824260473 
160452.0 -120660.69794732332 
124169.0 -95421.79837667942 
141117.0 -107175.49817675352 
170401.0 -125805.79785978794 
157210.0 -117815.6979957223 
100573.0 -76950.39869093895 
102517.0 -78640.09866219759 
155603.0 -117684.79799795151 
119793.0 -91786.09843856096 
102066.0 -77296.49868506193 
149415.0 -113226.69807380438 
103596.0 -79302.29865092039 
128592.0 -98118.29833084345 
127287.0 -97404.69834297895 
144664.0 -109887.89813059568 
125567.0 -95902.29836851358 
130421.0 -99603.29830557108 
140174.0 -106426.198189497 
190377.0 -131664.29776006937 
114074.0 -88332.19849729538 
129315.0 -98950.89831668139 
176204.0 -128479.69781428576 
126764.0 -96474.89835876226 
189159.0 -131445.19776380062 
117665.0 -90065.998467803 
174816.0 -127692.59782767296 
79396.0 -50322.39914393425 
136522.0 -103475.49823969603 
113607.0 -87828.89850586653 
116924.0 -89984.39846920967 
137365.0 -103728.89823538065 
192616.0 -131782.59775805473 
