90034.0 -55119.19906234741 
195633.0 -131727.2977589965 
90680.0 -56867.299032628536 
91340.0 -61461.09895449877 
176292.0 -128713.097810328 
173798.0 -127807.69782572985 
114540.0 -88229.59849905968 
110228.0 -83966.79857158661 
112982.0 -87125.39851784706 
133812.0 -102458.09825700521 
122466.0 -93708.19840586185 
160811.0 -121121.99793946743 
106922.0 -80591.5986289978 
115879.0 -89116.0984839797 
99535.0 -72095.39877355099 
163585.0 -122680.0979129672 
186447.0 -130985.29777163267 
162021.0 -122060.2979235053 
165167.0 -123417.49790042639 
108658.0 -82830.09859091043 
108113.0 -81998.19860506058 
111162.0 -85089.19855248928 
159442.0 -120202.59795510769 
180793.0 -130134.7977861166 
154719.0 -117281.59800481796 
99794.0 -73900.29874283075 
112348.0 -85893.09853881598 
150358.0 -114346.29805475473 
138824.0 -106417.79818964005 
132164.0 -101402.89827495813 
94666.0 -66458.59886944294 
127253.0 -97438.29834240675 
158580.0 -119283.49797075987 
144484.0 -110761.39811575413 
146156.0 -111179.29810863733 
182842.0 -130433.69778102636 
137878.0 -105423.79820656776 
134775.0 -103402.6982409358 
184715.0 -130536.59777927399 
146984.0 -112221.89809089899 
179411.0 -129507.59779679775 
117304.0 -89931.89847010374 
151553.0 -115391.69803696871 
148292.0 -112795.89808112383 
119399.0 -91154.39844930172 
139726.0 -107424.69817250967 
94214.0 -64775.79889810085 
104748.0 -78178.0986700654 
121513.0 -92441.5984274149 
189817.0 -131548.79776203632 
177645.0 -129252.79780113697 
123846.0 -94587.69839090109 
156981.0 -118674.19798111916 
149106.0 -113818.89806371927 
155948.0 -118139.39799022675 
143413.0 -109858.79813110828 
188531.0 -131354.19776535034 
166717.0 -123917.29789191484 
153450.0 -116561.69801706076 
95897.0 -68136.39884090424 
126383.0 -96364.49836069345 
93007.0 -62099.09894365072 
127913.0 -98571.19832313061 
96734.0 -69183.19882309437 
171573.0 -126674.09784501791 
104293.0 -76895.79869186878 
120228.0 -92241.09843081236 
172880.0 -127011.49783927202 
118719.0 -90206.59846544266 
135223.0 -104636.39821994305 
128784.0 -99190.9983125925 
136549.0 -104851.29821628332 
102241.0 -75965.19870769978 
170483.0 -125895.39785826206 
140648.0 -108195.69815939665 
130062.0 -99731.39830338955 
95660.0 -67044.39885950089 
152528.0 -115919.49802798033 
105599.0 -79039.39865541458 
98398.0 -71243.89878803492 
94114.0 -63763.69891530275 
142655.0 -109059.09814471006 
106174.0 -79687.5986443758 
93435.0 -62806.79893159866 
101678.0 -74903.29872578382 
124936.0 -96219.29836314917 
124484.0 -95299.19837880135 
103194.0 -76479.59869897366 
169401.0 -125629.39786279202 
96963.0 -70225.79880535603 
101401.0 -74114.49873918295 
168399.0 -124997.69787353277 
141757.0 -108547.09815341234 
167613.0 -124600.79788029194 
192373.0 -131648.19776034355 
195110.0 -131726.5977590084 
192698.0 -131659.39776015282 
98367.0 -70405.69880229235 
130910.0 -100241.29829472303 
131901.0 -100510.79829013348 
