0.0 -0.0 
97388.0 -64923.49889546633 
0.0 -0.0 
97388.0 -64923.49889546633 
57536.0 -46469.499209463596 
35019.0 -29936.399490714073 
66543.0 -51781.89911907911 
37463.0 -31752.399459838867 
38810.0 -32401.299448788166 
64853.0 -51001.79913234711 
26721.0 -23838.299594461918 
33775.0 -29003.29950660467 
91195.0 -64407.59890425205 
22677.0 -20112.399657845497 
58972.0 -47425.99919319153 
87461.0 -63720.198915958405 
71170.0 -54726.29906898737 
47420.0 -38516.8993447423 
31972.0 -28047.899522840977 
83239.0 -62031.498944699764 
80473.0 -61014.79896199703 
1654.0 -3919.7999333143234 
19774.0 -18045.399693012238 
93036.0 -64536.3989020586 
43472.0 -36113.899385631084 
3737.0 -5939.899898946285 
40738.0 -34209.99941802025 
35943.0 -30312.599484324455 
33410.0 -28361.79951751232 
77445.0 -59132.19899404049 
31172.0 -27552.999531269073 
41382.0 -34846.599407196045 
51770.0 -42211.99928188324 
76679.0 -58408.79900634289 
14422.0 -14204.69975835085 
39178.0 -33301.09943348169 
72933.0 -56254.299042999744 
51106.0 -41562.79929292202 
86883.0 -63075.49892693758 
49191.0 -40272.39931488037 
10398.0 -10534.799820780754 
39706.0 -33796.9994250536 
5029.0 -6925.799882173538 
2770.0 -4093.399930357933 
17029.0 -15644.19973385334 
89181.0 -63941.39891219139 
6865.0 -7880.899865925312 
30860.0 -26709.89954560995 
55508.0 -44846.99923706055 
4643.0 -6036.499897301197 
60402.0 -48425.19917619228 
54803.0 -44127.09924930334 
6033.0 -7053.199880003929 
56868.0 -45297.39922940731 
48664.0 -39282.99933171272 
89539.0 -64238.19890713692 
85615.0 -62972.59892868996 
73580.0 -56744.99903464317 
42351.0 -35185.399401426315 
8427.0 -8891.999848723412 
19292.0 -16977.599711179733 
28722.0 -25225.999570846558 
26428.0 -22792.899612247944 
95729.0 -64863.99889647961 
84910.0 -62588.998935222626 
53878.0 -42932.599269628525 
70310.0 -54421.79907417297 
43353.0 -35290.399399638176 
83910.0 -62412.99893820286 
11374.0 -10888.999814748764 
15789.0 -14221.499758064747 
71957.0 -55679.299052774906 
61261.0 -48842.39916908741 
79703.0 -60573.79896950722 
94075.0 -64700.89889925718 
17679.0 -16239.499723732471 
64143.0 -50709.899137318134 
81746.0 -61571.298952519894 
13685.0 -13598.899768650532 
16300.0 -15234.699740827084 
74549.0 -57529.99902129173 
68845.0 -53293.79909336567 
75158.0 -58092.39901173115 
21000.0 -18411.49968677759 
12598.0 -12555.599786400795 
44828.0 -36514.99937880039 
79094.0 -60304.298974096775 
11914.0 -11907.099797427654 
77973.0 -59677.498984754086 
60094.0 -47787.89918702841 
50294.0 -41211.399298906326 
18101.0 -16511.09971910715 
21634.0 -19159.39967405796 
27820.0 -24515.4995829463 
74127.0 -57258.39902591705 
61261.0 -48842.39916908741 
81710.0 -61511.398953557014 
1025.0 -3015.799948692322 
47283.0 -37867.69935578108 
6420.0 -7826.999866843224 
63082.0 -49689.69915467501 
21634.0 -19159.39967405796 
78515.0 -59886.79898118973 
12598.0 -12555.599786400795 
663.0 -2035.4999653697014 
52522.0 -42662.09927421808 
16121.0 -14720.899749577045 
7790.0 -8796.799850344658 
46544.0 -37703.899358570576 
45849.0 -37486.899362266064 
13685.0 -13598.899768650532 
75677.0 -58283.499008476734 
25977.0 -22622.09961515665 
9155.0 -9633.599836111069 
69401.0 -54211.79907774925 
24656.0 -21374.799636363983 
10033.0 -9823.299832880497 
36386.0 -31188.599469423294 
23621.0 -20428.799652457237 
54265.0 -43847.09925407171 
24074.0 -21297.799637675285 
68927.0 -54031.89908081293 
25409.0 -22142.299623310566 
36467.0 -31255.099468290806 
27820.0 -24515.4995829463 
456.0 -2029.8999654650688 
24870.0 -22075.799624443054 
63082.0 -49689.69915467501 
95094.0 -64755.49889832735 
3100.0 -4895.899916708469 
19031.0 -16794.599714279175 
233.0 -1049.5999821424484 
66958.0 -52340.09910959005 
3100.0 -4895.899916708469 
72179.0 -55689.09905260801 
79.0 -1031.3999824523926 
30242.0 -26294.799552679062 
20517.0 -18399.599686980247 
29791.0 -26102.999555945396 
54037.0 -43347.299262583256 
23956.0 -20551.299650371075 
28979.0 -25589.599564671516 
56017.0 -45175.29923146963 
67852.0 -53234.29909437895 
1025.0 -3015.799948692322 
63986.0 -50008.199149250984 
48664.0 -39282.99933171272 
59257.0 -47730.499188005924 
49691.0 -40563.599309921265 
67511.0 -53029.19909787178 
