0.0 -0.0 
97388.0 -64923.49889546633 
97388.0 -64923.49889546633 
0.0 -0.0 
54256.0 -43809.99925470352 
7515.0 -8533.599854826927 
10729.0 -10664.999818563461 
55624.0 -44772.799238324165 
5029.0 -6925.799882173538 
31983.0 -27620.199530124664 
9364.0 -9828.19983279705 
14974.0 -14455.999754071236 
92898.0 -64821.29889720678 
71990.0 -55810.49905055761 
6796.0 -7968.399864435196 
21088.0 -18477.999685645103 
66969.0 -52171.799112439156 
47201.0 -38459.499345719814 
88027.0 -63753.09891539812 
45823.0 -36714.49937540293 
94.0 -1049.5999821424484 
65801.0 -51895.59911715984 
73338.0 -56569.999037623405 
35892.0 -29980.499489963055 
16092.0 -15310.299739539623 
6033.0 -7053.199880003929 
19774.0 -18045.399693012238 
1654.0 -3919.7999333143234 
2746.0 -4055.599931001663 
29791.0 -26102.999555945396 
81763.0 -60916.09896367788 
29502.0 -25541.99956548214 
28300.0 -24954.399575471878 
37922.0 -32329.8994500041 
41564.0 -34766.09940856695 
34606.0 -29375.699500262737 
64941.0 -51193.199129104614 
32848.0 -28602.599513411522 
37493.0 -31558.899463117123 
77657.0 -59102.79899454117 
49002.0 -40225.49931567907 
30847.0 -26804.399544000626 
13685.0 -13598.899768650532 
84461.0 -62808.098931491375 
13049.0 -12831.399781703949 
81920.0 -61766.198949217796 
46400.0 -37796.99935698509 
78266.0 -59882.198981285095 
3737.0 -5939.899898946285 
22421.0 -19272.09967213869 
18189.0 -16122.599725723267 
61062.0 -48619.799172878265 
67723.0 -53069.09909719229 
50705.0 -41302.399297356606 
23109.0 -20133.39965748787 
36873.0 -31057.699471652508 
86500.0 -63444.39892065525 
91981.0 -64445.39890360832 
63126.0 -50184.19914627075 
62355.0 -49387.29915982485 
83577.0 -62386.39893865585 
26713.0 -22918.899610102177 
18768.0 -17068.599709630013 
39162.0 -32728.499443233013 
42287.0 -35240.69940048456 
95171.0 -64835.998896956444 
35998.0 -30732.19947719574 
44047.0 -36316.199382185936 
83053.0 -61946.7989461422 
89141.0 -64098.1989095211 
64172.0 -50948.19913327694 
14310.0 -13899.499763548374 
39903.0 -33789.29942518473 
54045.0 -43082.399267077446 
48716.0 -39375.39933013916 
21771.0 -19177.599673748016 
76742.0 -58952.29899710417 
26721.0 -23838.299594461918 
9032.0 -9191.899843633175 
19575.0 -17275.799706101418 
25055.0 -21848.999628305435 
68803.0 -53819.79908442497 
61686.0 -49340.39916062355 
90915.0 -64326.39890563488 
60071.0 -47741.69918781519 
74239.0 -57151.999027729034 
31039.0 -27194.59953737259 
57891.0 -46112.19921553135 
60388.0 -48364.299177229404 
23733.0 -21092.699641168118 
25634.0 -22794.99961221218 
11491.0 -11121.699810802937 
85315.0 -63130.09892600775 
34487.0 -28848.599509239197 
12061.0 -12164.299793064594 
52906.0 -42392.59927880764 
49969.0 -40482.39931130409 
70099.0 -54232.799077391624 
68071.0 -53277.69909363985 
70361.0 -54863.09906667471 
45843.0 -37496.69936209917 
51536.0 -41853.599287986755 
63594.0 -50368.99914312363 
44003.0 -35774.099391400814 
52965.0 -42960.59926915169 
11850.0 -11435.99980545044 
95406.0 -64880.798896193504 
89952.0 -64192.69890791178 
3376.0 -4951.199915766716 
58607.0 -46893.69920223951 
1025.0 -3015.799948692322 
78875.0 -60151.69897669554 
23423.0 -20431.199652433395 
71382.0 -55397.89905756712 
456.0 -2029.8999654650688 
663.0 -2035.4999653697014 
97202.0 -64896.89889591932 
80140.0 -60802.698965609074 
33261.0 -28781.799510359764 
79856.0 -60201.79897582531 
18297.0 -16366.899721562862 
25292.0 -22347.399619817734 
12613.0 -12415.59978878498 
50617.0 -40627.99930882454 
75271.0 -57514.59902155399 
69522.0 -53945.099082291126 
76055.0 -58174.2990103364 
58098.0 -46778.899204194546 
76144.0 -58443.79900574684 
3737.0 -5939.899898946285 
38927.0 -32683.699443995953 
70943.0 -55138.199061989784 
48005.0 -39181.49933344126 
42840.0 -35660.999393343925 
73940.0 -56825.09903329611 
75315.0 -57731.899017870426 
1025.0 -3015.799948692322 
16852.0 -15485.99973654747 
3376.0 -4951.199915766716 
85927.0 -63335.198922514915 
51536.0 -41853.599287986755 
56608.0 -44916.299235880375 
56681.0 -45157.799231767654 
16852.0 -15485.99973654747 
24453.0 -21267.699638187885 
40728.0 -34203.69941812754 
59048.0 -47546.39919114113 
56880.0 -45816.79922056198 
28164.0 -24322.299586236477 
56984.0 -45981.99921774864 
