0.0 -0.0 
97388.0 -64923.49889546633 
97388.0 -64923.49889546633 
0.0 -0.0 
43660.0 -36151.699384987354 
50550.0 -41141.39930009842 
72092.0 -55965.19904792309 
14416.0 -14260.699757397175 
29117.0 -25569.999565005302 
80023.0 -60615.09896880388 
48087.0 -39041.19933581352 
26026.0 -23175.799605727196 
78884.0 -60181.09897619486 
13130.0 -12897.89978057146 
49449.0 -39649.09932547808 
51688.0 -42064.299284398556 
91458.0 -64436.298903763294 
77706.0 -59570.39898657799 
20196.0 -18316.999688386917 
18138.0 -16382.299721300602 
69582.0 -54215.29907768965 
37783.0 -32305.399450421333 
92539.0 -64621.09890061617 
21881.0 -19334.39967107773 
49718.0 -40441.09931200743 
34362.0 -29225.899502813816 
13766.0 -13665.399767518044 
27049.0 -23463.499600827694 
73324.0 -56478.29903918505 
68829.0 -53811.399084568024 
16092.0 -15310.299739539623 
15951.0 -14997.099744856358 
42719.0 -35508.799395918846 
61841.0 -49167.1991635561 
20834.0 -18683.79968214035 
77000.0 -59044.698995530605 
47247.0 -38472.09934550524 
23482.0 -20198.499656379223 
1654.0 -3919.7999333143234 
30366.0 -26267.499553143978 
6033.0 -7053.199880003929 
3682.0 -5864.999900221825 
67746.0 -53248.99909412861 
62563.0 -49828.99915230274 
89388.0 -64272.49890655279 
33070.0 -28615.199513196945 
57959.0 -46754.39920461178 
8931.0 -9142.19984447956 
60864.0 -48814.39916956425 
66546.0 -52398.19910860062 
71037.0 -55160.599061608315 
70532.0 -55056.29906338453 
24155.0 -21364.299636542797 
11492.0 -11635.499802052975 
88082.0 -63879.79891324043 
38813.0 -32960.899439275265 
19358.0 -17282.09970599413 
4741.0 -6067.299896776676 
4974.0 -6850.899883449078 
94399.0 -64717.69889897108 
58915.0 -47512.099191725254 
86853.0 -63604.69891792536 
2691.0 -3980.6999322772026 
34724.0 -29733.399494171143 
31313.0 -27625.799530029297 
56845.0 -45957.499218165874 
45417.0 -37267.799365997314 
75978.0 -58583.09900337458 
126.0 -1049.5999821424484 
6475.0 -7901.899865567684 
60357.0 -48177.79918038845 
96261.0 -64896.89889591932 
25118.0 -22161.1996229887 
10854.0 -10419.299822747707 
10327.0 -9836.599832654 
86060.0 -63401.69892138243 
7790.0 -8796.799850344658 
41885.0 -35184.699401438236 
83172.0 -62146.99894273281 
11488.0 -10763.69981688261 
85349.0 -62943.198929190636 
32073.0 -28110.199521780014 
59700.0 -47878.19918549061 
9266.0 -9797.399833321571 
23733.0 -21092.699641168118 
63724.0 -50646.89913839102 
63449.0 -50096.39914774895 
35509.0 -30275.499484956264 
36426.0 -30790.299476206303 
83787.0 -62515.49893647432 
56845.0 -45957.499218165874 
40404.0 -34106.399419784546 
37206.0 -31679.299461066723 
3376.0 -4951.199915766716 
84660.0 -62694.698933422565 
30967.0 -27052.899539768696 
54837.0 -43856.89925390482 
19358.0 -17282.09970599413 
46446.0 -37810.299356758595 
25011.0 -22148.599623203278 
65747.0 -51563.49912279844 
3026.0 -4826.599917888641 
94923.0 -64862.59889650345 
81045.0 -61402.19895541668 
36839.0 -31445.499465048313 
75530.0 -58282.799008488655 
75028.0 -57815.599016427994 
1025.0 -3015.799948692322 
39821.0 -33620.29942804575 
58335.0 -46961.59920108318 
64620.0 -51211.39912879467 
66230.0 -51575.39912259579 
663.0 -2035.4999653697014 
52773.0 -42701.29927355051 
52140.0 -42536.79927635193 
456.0 -2029.8999654650688 
74006.0 -56896.19903206825 
53451.0 -43023.599268078804 
67584.0 -52638.29910451174 
81981.0 -61743.09894961119 
41013.0 -34331.79941594601 
17581.0 -16081.99972641468 
28300.0 -24954.399575471878 
89123.0 -63991.798911333084 
54979.0 -44352.4992454648 
12142.0 -12230.799791932106 
7790.0 -8796.799850344658 
54086.0 -43487.69926017523 
82206.0 -61922.99894654751 
46691.0 -37862.799355864525 
6475.0 -7901.899865567684 
30824.0 -26487.299549400806 
32796.0 -28269.099519073963 
64525.0 -50985.99913263321 
44995.0 -36996.199370622635 
1025.0 -3015.799948692322 
74580.0 -57515.29902154207 
17581.0 -16081.99972641468 
55758.0 -44914.19923591614 
69.0 -561.6999904513359 
27762.0 -24231.699587762356 
35871.0 -30540.799480438232 
44995.0 -36996.199370622635 
12142.0 -12230.799791932106 
28219.0 -24887.899576604366 
55750.0 -44504.69924288988 
27762.0 -24231.699587762356 
55758.0 -44914.19923591614 
81045.0 -61402.19895541668 
74533.0 -57002.19903028011 
