0.0 -0.0 
97388.0 -64923.49889546633 
0.0 -0.0 
97388.0 -64923.49889546633 
18331.0 -16431.999720454216 
73189.0 -56255.6990429759 
21731.0 -19094.999675154686 
80229.0 -60799.4989656806 
37358.0 -31941.399456620216 
81577.0 -61550.59895288944 
10221.0 -10329.699824273586 
24174.0 -21417.499635636806 
91112.0 -64581.89890128374 
11492.0 -11635.499802052975 
25478.0 -21820.299628794193 
82220.0 -61822.19894826412 
67288.0 -52922.09909969568 
55599.0 -44676.19923996925 
16803.0 -15572.799735069275 
11374.0 -10888.999814748764 
31811.0 -27830.899526536465 
32448.0 -28281.699518859386 
57823.0 -46587.09920746088 
50230.0 -41011.19930231571 
15985.0 -14733.899749338627 
3682.0 -5864.999900221825 
9028.0 -9283.599842071533 
74362.0 -56993.799030423164 
86897.0 -63606.098917901516 
27351.0 -24056.699590742588 
46322.0 -37782.29935723543 
6033.0 -7053.199880003929 
72395.0 -55684.49905270338 
126.0 -1049.5999821424484 
89292.0 -63916.89891260862 
87959.0 -63909.89891272783 
1654.0 -3919.7999333143234 
90383.0 -64215.79890751839 
56227.0 -45275.39922976494 
44907.0 -36907.99937212467 
14335.0 -14194.199758529663 
54905.0 -43973.799251914024 
28776.0 -25394.299567997456 
4974.0 -6850.899883449078 
4741.0 -6067.299896776676 
75977.0 -58390.59900665283 
41839.0 -34815.09940773249 
75122.0 -58037.0990126729 
45641.0 -37285.99936568737 
48604.0 -38626.09934288263 
78512.0 -59277.798991560936 
66498.0 -52109.79911351204 
29634.0 -25625.29956406355 
49618.0 -40260.49931508303 
59547.0 -47883.79918539524 
35047.0 -29231.49950271845 
39315.0 -32990.999438762665 
42597.0 -35303.69939941168 
7254.0 -7920.09986525774 
48684.0 -39533.59932744503 
6465.0 -7838.199866652489 
83762.0 -62364.298939049244 
35084.0 -29911.499491155148 
13747.0 -13314.699773490429 
77112.0 -59116.09899431467 
85304.0 -63024.39892780781 
86056.0 -63130.09892600775 
14817.0 -14472.099753797054 
19724.0 -17964.199694395065 
22596.0 -20045.899658977985 
71074.0 -55031.799063801765 
40506.0 -34291.8994166255 
53317.0 -43181.799265384674 
68007.0 -53350.499092400074 
64936.0 -51387.799125790596 
12483.0 -12435.899788439274 
92927.0 -64812.198897361755 
84210.0 -62708.69893318415 
70639.0 -54372.79907500744 
60309.0 -48194.89918011427 
56741.0 -45792.299220979214 
58724.0 -47290.19919550419 
71422.0 -55467.19905638695 
94871.0 -64901.79889583588 
3030.0 -4914.799916386604 
57435.0 -46024.699217021465 
54123.0 -43806.49925476313 
76627.0 -58871.098998486996 
35829.0 -30384.6994830966 
23627.0 -20731.499647319317 
7790.0 -8796.799850344658 
30204.0 -26642.69954675436 
33906.0 -28975.29950708151 
44067.0 -36330.8993819356 
60804.0 -48607.19917309284 
96968.0 -64919.29889553785 
95291.0 -64905.99889576435 
41139.0 -34456.39941382408 
2382.0 -3991.8999320864677 
28324.0 -24646.399580717087 
29863.0 -26437.599550247192 
68562.0 -53674.199086904526 
69145.0 -53987.79908156395 
38337.0 -32513.299446880817 
93122.0 -64822.69889718294 
3108.0 -5035.899914324284 
16433.0 -15515.399736046791 
23595.0 -20350.39965379238 
752.0 -2073.9999647140503 
1025.0 -3015.799948692322 
26367.0 -23380.899602234364 
31083.0 -27058.09953969717 
19724.0 -17964.199694395065 
49143.0 -39967.899320065975 
64440.0 -50808.59913563728 
39706.0 -33796.9994250536 
62451.0 -49476.89915829897 
47073.0 -38321.59934806824 
26687.0 -23385.099602162838 
65487.0 -51706.29912036657 
20834.0 -18683.79968214035 
62657.0 -50050.49914854765 
61464.0 -49004.399166345596 
18768.0 -17068.599709630013 
27870.0 -24596.699581563473 
7764.0 -8676.399852395058 
13747.0 -13314.699773490429 
79711.0 -60274.198974609375 
18768.0 -17068.599709630013 
456.0 -2029.8999654650688 
53614.0 -43338.599262714386 
36869.0 -30990.499472796917 
20834.0 -18683.79968214035 
63450.0 -50318.59914398193 
58828.0 -47455.39919269085 
44183.0 -36386.89938098192 
50.0 -348.19999408721924 
38361.0 -32660.9994443655 
52467.0 -42498.99927699566 
78718.0 -59990.69897943735 
51804.0 -42042.599284768105 
1025.0 -3015.799948692322 
25878.0 -22563.999616146088 
66298.0 -51800.79911875725 
9521.0 -9789.699833452702 
43063.0 -35707.89939254522 
25878.0 -22563.999616146088 
39681.0 -33502.29943007231 
36246.0 -30603.39947938919 
47609.0 -38452.49934583902 
