0.0 -0.0 
97388.0 -64923.49889546633 
97388.0 -64923.49889546633 
0.0 -0.0 
9133.0 -9784.099833548069 
1025.0 -3015.799948692322 
76160.0 -58465.49900537729 
12061.0 -12164.299793064594 
27205.0 -24009.79959154129 
6498.0 -7810.899867117405 
21995.0 -19302.89967161417 
7702.0 -8585.399853944778 
24507.0 -21814.69962888956 
50770.0 -41192.49929922819 
56851.0 -45834.29922026396 
63656.0 -50326.2991438508 
17500.0 -16015.499727547169 
77400.0 -59004.09899622202 
62213.0 -49629.49915570021 
70684.0 -55011.49906414747 
21450.0 -19094.999675154686 
48500.0 -39320.09933108091 
15003.0 -14223.599758028984 
82461.0 -61871.19894742966 
43399.0 -35875.8993896842 
8435.0 -8945.8998478055 
20444.0 -18118.19969177246 
1654.0 -3919.7999333143234 
37492.0 -31773.39945948124 
75292.0 -57757.49901741743 
93594.0 -64672.89889973402 
38155.0 -32495.79944717884 
81315.0 -61541.498953044415 
50065.0 -40674.19930803776 
91983.0 -64645.59890019894 
72629.0 -55948.39904820919 
83686.0 -62151.898942649364 
3682.0 -5864.999900221825 
44881.0 -36756.09937471151 
10974.0 -11120.999810814857 
73343.0 -56525.899038374424 
59338.0 -47460.2991926074 
79106.0 -60136.99897694588 
90746.0 -64508.39890253544 
40685.0 -34368.8994153142 
17976.0 -16284.299722969532 
86510.0 -63421.99892103672 
80809.0 -60258.798974871635 
53950.0 -43318.99926304817 
44333.0 -36395.99938082695 
6313.0 -6964.999881505966 
18768.0 -17068.599709630013 
55354.0 -43854.79925394058 
95898.0 -64906.69889575243 
46319.0 -37477.799362421036 
95030.0 -64714.198899030685 
14088.0 -13631.799768090248 
11943.0 -11417.799805760384 
55417.0 -44830.19923734665 
51707.0 -41936.199286580086 
16071.0 -15230.49974089861 
30167.0 -26130.99955546856 
89107.0 -63876.99891328812 
16131.0 -15236.79974079132 
89648.0 -64293.498906195164 
42542.0 -35434.599397182465 
47833.0 -38756.29934066534 
19277.0 -17215.599707126617 
19834.0 -18051.69969290495 
45835.0 -37409.899363577366 
65716.0 -51795.199118852615 
31926.0 -27774.19952750206 
31172.0 -27552.999531269073 
84872.0 -62313.89893990755 
58766.0 -46771.199204325676 
80884.0 -60834.89896506071 
77866.0 -59598.39898610115 
35949.0 -30377.69948321581 
47445.0 -38115.79935157299 
67842.0 -53170.59909546375 
66607.0 -52055.89911442995 
13248.0 -13150.899776279926 
2658.0 -4047.1999311447144 
69934.0 -54239.099077284336 
35355.0 -29536.699497520924 
85557.0 -63039.79892754555 
52025.0 -42121.69928342104 
23213.0 -20352.49965375662 
69056.0 -53637.799087524414 
36489.0 -31186.499469459057 
54559.0 -43617.199257969856 
74160.0 -56880.099032342434 
29726.0 -25530.799565672874 
125.0 -1049.5999821424484 
5029.0 -6925.799882173538 
39847.0 -33869.79942381382 
10324.0 -10525.699820935726 
28732.0 -24898.399576425552 
60211.0 -47734.6991879344 
26606.0 -23112.099606812 
53062.0 -42737.299272954464 
78832.0 -59656.49898511171 
25895.0 -23028.09960824251 
456.0 -2029.8999654650688 
61298.0 -48746.49917072058 
23213.0 -20352.49965375662 
25685.0 -22053.399624824524 
4975.0 -6426.699890673161 
28476.0 -24423.49958449602 
87681.0 -63865.79891347885 
52815.0 -42708.99927341938 
49050.0 -40148.499316990376 
3030.0 -4914.799916386604 
65114.0 -51382.19912588596 
28898.0 -25523.099565804005 
60436.0 -48107.399181604385 
32485.0 -28339.39951789379 
68708.0 -53318.29909294844 
58342.0 -46489.09920912981 
13248.0 -13150.899776279926 
56493.0 -44863.099236786366 
38756.0 -33029.499438107014 
36795.0 -31286.599467754364 
71663.0 -55583.39905440807 
23652.0 -21026.199642300606 
38756.0 -33029.499438107014 
35433.0 -30297.899484574795 
30937.0 -26791.799544215202 
39847.0 -33869.79942381382 
71486.0 -55460.19905650616 
87297.0 -63776.19891500473 
41587.0 -34618.09941107035 
67303.0 -52667.2991040349 
60653.0 -48720.59917116165 
56543.0 -45351.69922846556 
456.0 -2029.8999654650688 
33981.0 -28707.899511635303 
49105.0 -40223.399315714836 
14335.0 -14194.199758529663 
3030.0 -4914.799916386604 
69546.0 -54233.4990773797 
85279.0 -62729.3989328146 
10324.0 -10525.699820935726 
30912.0 -26497.099549233913 
64716.0 -51163.099129617214 
84.0 -829.7999858856201 
25710.0 -22348.099619805813 
34703.0 -29267.89950209856 
23652.0 -21026.199642300606 
42021.0 -35088.099403083324 
