0.0 -0.0 
97388.0 -64923.49889546633 
97388.0 -64923.49889546633 
0.0 -0.0 
43790.0 -36103.3993858099 
42157.0 -34869.699406802654 
62935.0 -50187.69914621115 
20748.0 -18568.299684107304 
24615.0 -21885.399627685547 
22543.0 -19344.899670898914 
61444.0 -48814.39916956425 
18282.0 -16518.79971897602 
16629.0 -15525.199735879898 
92180.0 -64736.598898649216 
12570.0 -12446.39978826046 
57240.0 -45942.099218428135 
6420.0 -7826.999866843224 
10033.0 -9823.299832880497 
80311.0 -60682.99896764755 
76093.0 -58256.89900892973 
13685.0 -13598.899768650532 
71261.0 -54878.49906641245 
56621.0 -44860.99923682213 
39482.0 -33512.099429905415 
25945.0 -23109.299606859684 
1654.0 -3919.7999333143234 
77043.0 -59024.39899587631 
94166.0 -64864.698896467686 
69757.0 -54393.09907466173 
40745.0 -34375.19941520691 
79322.0 -60369.39897298813 
78831.0 -59574.59898650646 
11498.0 -11579.499803006649 
45117.0 -36750.89937478304 
9088.0 -9772.899833738804 
88401.0 -63851.79891371727 
35467.0 -30222.299485862255 
8370.0 -8868.899849116802 
53318.0 -42915.09926992655 
36102.0 -30897.3994743824 
81357.0 -61377.69895583391 
54957.0 -44178.89924842119 
14817.0 -14472.099753797054 
2746.0 -4055.599931001663 
31172.0 -27552.999531269073 
26889.0 -23915.299593150616 
32848.0 -28602.599513411522 
66249.0 -52241.399111270905 
65307.0 -51642.59912145138 
4974.0 -6850.899883449078 
95204.0 -64895.498895943165 
71674.0 -55386.699057757854 
7719.0 -8665.199852585793 
39157.0 -32469.499447643757 
35053.0 -29549.999497294426 
28985.0 -25533.59956562519 
30770.0 -26834.499543488026 
3362.0 -5031.699914395809 
48937.0 -39595.19932639599 
48935.0 -38822.79933953285 
55514.0 -44837.19923722744 
91113.0 -64446.0989035964 
52452.0 -42374.399279117584 
77675.0 -59380.69898980856 
15674.0 -14648.49975079298 
59842.0 -48140.2991810441 
87911.0 -63741.898915588856 
40316.0 -33938.39942264557 
7056.0 -7836.0998666882515 
75280.0 -57890.799015164375 
74124.0 -56361.39904117584 
64689.0 -51332.49912673235 
45868.0 -36786.59937417507 
22733.0 -20059.899658739567 
29956.0 -25857.6995601058 
4393.0 -5883.1998999118805 
58475.0 -46617.89920693636 
34059.0 -29294.499501645565 
14274.0 -13605.199768543243 
72515.0 -55960.999047994614 
85390.0 -63148.99892568588 
75146.0 -57189.799027085304 
19941.0 -17970.499694287777 
12148.0 -12174.79979288578 
23580.0 -20318.199654340744 
51673.0 -42253.999281167984 
69148.0 -54123.59907925129 
37519.0 -31777.599459409714 
30298.0 -26319.99955224991 
16152.0 -15316.599739432335 
74442.0 -56852.09903281927 
24497.0 -21138.899640381336 
33524.0 -28917.599508047104 
57725.0 -46535.99920833111 
96968.0 -64919.29889553785 
81909.0 -61628.9989515543 
47091.0 -37888.29935544729 
72799.0 -56252.19904303551 
19941.0 -17970.499694287777 
54104.0 -43786.89925509691 
11079.0 -10818.299815952778 
23652.0 -21026.199642300606 
50485.0 -40907.59930408001 
1025.0 -3015.799948692322 
54098.0 -43292.39926350117 
49407.0 -40317.19931411743 
3053.0 -4960.999915599823 
82829.0 -61878.89894729853 
663.0 -2035.4999653697014 
4974.0 -6850.899883449078 
58909.0 -47521.89919155836 
64179.0 -50429.899142086506 
47736.0 -38602.299343287945 
456.0 -2029.8999654650688 
89969.0 -64426.49890393019 
60126.0 -48431.499176084995 
26665.0 -23186.29960554838 
49704.0 -40473.99931144714 
67973.0 -53148.19909584522 
18637.0 -16920.89971214533 
51256.0 -41596.399292349815 
11079.0 -10818.299815952778 
18637.0 -16920.89971214533 
125.0 -1049.5999821424484 
83560.0 -61901.998946905136 
61033.0 -48666.69917207956 
46363.0 -37598.899360358715 
64582.0 -50434.79914200306 
4393.0 -5883.1998999118805 
83755.0 -62525.29893630743 
85074.0 -62757.69893234968 
67674.0 -52617.999104857445 
32021.0 -27961.099524319172 
68800.0 -53463.199090480804 
58828.0 -47455.39919269085 
86565.0 -63366.698921978474 
28565.0 -24964.899575293064 
1025.0 -3015.799948692322 
47347.0 -38536.49934440851 
27812.0 -24381.499585211277 
86565.0 -63366.698921978474 
84311.0 -62637.29893440008 
28219.0 -24887.899576604366 
89969.0 -64426.49890393019 
125.0 -1049.5999821424484 
37127.0 -31126.999470472336 
38152.0 -32095.399453997612 
32021.0 -27961.099524319172 
37295.0 -31141.699470221996 
68569.0 -53311.999093055725 
