0.0 -0.0 
97388.0 -64923.49889546633 
97388.0 -64923.49889546633 
0.0 -0.0 
35777.0 -30100.499487936497 
19855.0 -18111.89969187975 
6527.0 -7688.3998692035675 
17641.0 -16088.299726307392 
24245.0 -21012.899642527103 
93556.0 -64863.29889649153 
31500.0 -27695.099528849125 
5029.0 -6925.799882173538 
95938.0 -64908.09889572859 
82701.0 -62160.99894249439 
49287.0 -39896.49932128191 
7774.0 -8740.099851310253 
21352.0 -18647.69968277216 
16649.0 -15610.599734425545 
13853.0 -13675.89976733923 
85.0 -871.0999851822853 
34140.0 -29360.999500513077 
78516.0 -60056.498978316784 
80037.0 -60605.998968958855 
77340.0 -59320.49899083376 
74869.0 -56660.999036073685 
60155.0 -48070.69918221235 
18687.0 -17002.0997107625 
36932.0 -31133.299470365047 
14416.0 -14260.699757397175 
75085.0 -58035.69901269674 
31469.0 -26891.89954251051 
26989.0 -23210.09960514307 
88420.0 -64003.69891113043 
30085.0 -26509.699549019337 
66959.0 -52619.699104845524 
1025.0 -3015.799948692322 
55884.0 -44917.69923585653 
44722.0 -36533.89937847853 
65336.0 -51396.199125647545 
38898.0 -32686.899443924427 
8427.0 -8891.999848723412 
68237.0 -53216.79909467697 
32965.0 -28540.299514472485 
64935.0 -50960.49913305044 
3737.0 -5939.899898946285 
23548.0 -20213.199656128883 
19372.0 -17104.999709010124 
48994.0 -38865.7993388176 
13283.0 -12658.499784648418 
60947.0 -48885.09916836023 
36510.0 -30861.699474990368 
58372.0 -46918.19920182228 
89832.0 -64059.698910176754 
76251.0 -58605.49900299311 
44113.0 -36162.19938480854 
69509.0 -54141.099078953266 
6140.0 -6972.699881374836 
9133.0 -9784.099833548069 
81950.0 -61755.69894939661 
81510.0 -61234.59895825386 
28503.0 -24914.49957615137 
25613.0 -22429.999618411064 
52518.0 -42512.29927676916 
66361.0 -51998.899115383625 
41361.0 -34818.59940767288 
37834.0 -32124.099453508854 
15913.0 -14796.499748289585 
80535.0 -60981.19896256924 
85702.0 -62975.39892864227 
84211.0 -62763.298932254314 
87329.0 -63614.498917758465 
72200.0 -55883.999049305916 
54992.0 -44303.49924629927 
53503.0 -42988.59926867485 
63842.0 -50485.89914113283 
456.0 -2029.8999654650688 
27600.0 -24130.89958947897 
15502.0 -14721.299749553204 
40055.0 -33823.5994246006 
24858.0 -22065.999624609947 
21964.0 -19150.99967420101 
78332.0 -59457.2989885211 
11473.0 -10837.199815630913 
54992.0 -44303.49924629927 
58946.0 -47451.199192762375 
57617.0 -46535.99920833111 
22737.0 -20118.69965773821 
33875.0 -29051.299505770206 
50943.0 -41139.99930012226 
22423.0 -19455.499669015408 
61826.0 -49464.299158513546 
10411.0 -10536.199820756912 
59385.0 -47755.69918757677 
3737.0 -5939.899898946285 
50353.0 -40451.59931182861 
92334.0 -64623.198900580406 
46543.0 -37773.89935737848 
27762.0 -24231.699587762356 
25945.0 -23109.299606859684 
28852.0 -25205.699571192265 
29276.0 -25746.39956200123 
2658.0 -4047.1999311447144 
87316.0 -63158.09892553091 
56956.0 -45782.49922114611 
1552.0 -3363.999942779541 
3081.0 -4901.499916613102 
51914.0 -41815.799288630486 
70762.0 -54455.39907360077 
29912.0 -25845.099560320377 
3081.0 -4901.499916613102 
71678.0 -55506.399055719376 
12142.0 -12230.799791932106 
69092.0 -53793.19908487797 
38838.0 -32680.599444031715 
90711.0 -64273.19890654087 
86024.0 -63155.298925578594 
53641.0 -43329.49926286936 
46306.0 -37477.09936243296 
456.0 -2029.8999654650688 
73825.0 -56647.69903630018 
9133.0 -9784.099833548069 
84211.0 -62763.298932254314 
47422.0 -38140.699351131916 
1654.0 -3919.7999333143234 
57515.0 -45980.199217796326 
13177.0 -12297.299790799618 
11579.0 -11645.99980187416 
61373.0 -49067.79916524887 
37834.0 -32124.099453508854 
48115.0 -38838.19933927059 
10411.0 -10536.199820756912 
68490.0 -53547.19908905029 
40908.0 -34241.49941748381 
33015.0 -28621.499513089657 
40055.0 -33823.5994246006 
52017.0 -42293.19928050041 
50423.0 -40558.69931000471 
63138.0 -50146.79914689064 
91389.0 -64286.49890631437 
53641.0 -43329.49926286936 
45719.0 -37086.89936906099 
42042.0 -35148.299402058125 
66857.0 -52063.89911431074 
73362.0 -56433.49903994799 
75663.0 -58270.89900869131 
40649.0 -34164.49941879511 
92139.0 -64395.69890445471 
51123.0 -41578.19929265976 
71137.0 -55305.49905914068 
62697.0 -49656.09915524721 
