0.0 -0.0 
97388.0 -64923.49889546633 
97388.0 -64923.49889546633 
0.0 -0.0 
48090.0 -39172.39933359623 
92144.0 -64719.79889893532 
46868.0 -38081.899352133274 
33226.0 -28825.899509608746 
54939.0 -44042.39925074577 
1025.0 -3015.799948692322 
65262.0 -51631.39912164211 
66966.0 -52016.3991150856 
49093.0 -40076.39931821823 
86088.0 -63349.1989222765 
68943.0 -53943.69908231497 
53775.0 -42722.29927319288 
5029.0 -6925.799882173538 
11574.0 -11380.699806392193 
25618.0 -22466.399617791176 
16177.0 -14986.599745035172 
1654.0 -3919.7999333143234 
12148.0 -12174.79979288578 
26448.0 -23447.399601101875 
3682.0 -5864.999900221825 
41523.0 -34919.39940595627 
53886.0 -43474.399260401726 
10513.0 -10209.999826312065 
34559.0 -29248.299502432346 
32439.0 -27776.999527454376 
95846.0 -64906.69889575243 
43802.0 -36256.699383199215 
30662.0 -26746.99954497814 
4400.0 -6021.799897551537 
46360.0 -37389.59936392307 
42530.0 -35407.99939763546 
51970.0 -42410.799278497696 
6413.0 -7014.69988065958 
81407.0 -61551.29895287752 
83625.0 -62337.69893950224 
44872.0 -36639.59937667847 
49777.0 -40511.099310815334 
23849.0 -21081.499641358852 
55793.0 -45033.89923387766 
36810.0 -31281.69946783781 
72613.0 -56045.69904655218 
9133.0 -9784.099833548069 
14973.0 -14560.999752283096 
22596.0 -20045.899658977985 
24397.0 -21727.199630379677 
8978.0 -9370.399840593338 
73384.0 -56482.49903911352 
13130.0 -12897.89978057146 
2746.0 -4055.599931001663 
14697.0 -13274.099774181843 
68320.0 -52796.49910181761 
90426.0 -64264.09890669584 
21441.0 -18371.599687457085 
37723.0 -32299.09945052862 
29782.0 -26371.09955137968 
45344.0 -37141.79936814308 
73838.0 -57060.999029278755 
31122.0 -27471.7995326519 
39177.0 -32999.399438619614 
84979.0 -62789.89893180132 
27081.0 -23611.899598300457 
29635.0 -25680.599563121796 
43083.0 -35828.29939049482 
72055.0 -55490.999055981636 
67334.0 -52730.999102950096 
61200.0 -48822.799169421196 
37940.0 -32305.399450421333 
6475.0 -7901.899865567684 
41201.0 -34184.09941846132 
7477.0 -7969.799864411354 
80605.0 -61170.49895936251 
76600.0 -58335.299007594585 
39857.0 -33574.09942883253 
16803.0 -15572.799735069275 
19855.0 -18111.89969187975 
64514.0 -50523.6991404891 
63131.0 -50375.99914300442 
22017.0 -19099.89967507124 
18479.0 -16622.399717211723 
25011.0 -22148.599623203278 
56276.0 -45040.19923377037 
51277.0 -41663.599291205406 
56824.0 -45897.299219191074 
28325.0 -23904.09959334135 
36467.0 -31255.099468290806 
94392.0 -64879.398896217346 
40209.0 -34135.09941929579 
74836.0 -57252.09902602434 
58969.0 -47528.19919145107 
7835.0 -8807.999850153923 
35857.0 -30390.99948298931 
77798.0 -59629.89898556471 
14794.0 -14047.199761033058 
58582.0 -46739.69920486212 
60733.0 -48404.19917654991 
70026.0 -54429.49907404184 
70889.0 -54883.79906630516 
13329.0 -13217.399775147438 
76910.0 -59046.79899549484 
90130.0 -64259.89890676737 
125.0 -1049.5999821424484 
57844.0 -46016.999217152596 
50556.0 -41009.799302339554 
59923.0 -48206.79917991161 
28939.0 -25232.29957073927 
456.0 -2029.8999654650688 
87146.0 -63720.198915958405 
84379.0 -62777.998932003975 
88622.0 -64055.49891024828 
22228.0 -19420.499669611454 
59821.0 -47650.99918937683 
23531.0 -20404.99965286255 
82577.0 -61777.39894902706 
82997.0 -61781.598948955536 
18479.0 -16622.399717211723 
62228.0 -49085.59916496277 
3026.0 -4826.599917888641 
3026.0 -4826.599917888641 
69585.0 -54306.29907613993 
74979.0 -57799.09901672602 
456.0 -2029.8999654650688 
79163.0 -60329.49897366762 
88622.0 -64055.49891024828 
19619.0 -17129.49970859289 
31822.0 -27699.99952876568 
12146.0 -11405.19980597496 
77294.0 -59288.29899138212 
62769.0 -50110.69914752245 
17355.0 -15824.099730789661 
19780.0 -17553.69970136881 
50958.0 -41111.29930061102 
10513.0 -10209.999826312065 
85.0 -871.0999851822853 
94392.0 -64879.398896217346 
34938.0 -29761.399493694305 
62743.0 -49463.59915852547 
79874.0 -60585.69896930456 
7735.0 -8721.899851620197 
80307.0 -60644.4989683032 
75740.0 -58188.29901009798 
58925.0 -46766.29920440912 
87146.0 -63720.198915958405 
35857.0 -30390.99948298931 
39240.0 -33149.899436056614 
28360.0 -24286.299586832523 
17355.0 -15824.099730789661 
