0.0 -0.0 
97388.0 -64923.49889546633 
97388.0 -64923.49889546633 
0.0 -0.0 
16601.0 -15592.399734735489 
15369.0 -14464.399753928185 
77314.0 -59302.2989911437 
37702.0 -32238.89945155382 
67978.0 -53337.89909261465 
78772.0 -59979.498979628086 
75125.0 -57375.29902392626 
81853.0 -61461.6989544034 
80416.0 -60845.3989648819 
18566.0 -16632.89971703291 
26086.0 -23182.099605619907 
13049.0 -12831.399781703949 
17603.0 -15873.099729955196 
45637.0 -37358.799364447594 
95490.0 -64835.298896968365 
13826.0 -13671.699767410755 
92256.0 -64700.198899269104 
19337.0 -17221.89970701933 
11797.0 -11416.399805784225 
8906.0 -9434.799839496613 
3737.0 -5939.899898946285 
26889.0 -23852.99959421158 
32989.0 -28675.399512171745 
58107.0 -46878.299202501774 
33735.0 -29107.99950480461 
87584.0 -63368.79892194271 
54883.0 -44192.89924818277 
24870.0 -22075.799624443054 
11268.0 -10763.69981688261 
5935.0 -7022.39988052845 
2525.0 -3970.1999324560165 
52652.0 -42825.899271428585 
79705.0 -60344.89897340536 
53932.0 -43371.4992621541 
1654.0 -3919.7999333143234 
29519.0 -25543.399565458298 
84438.0 -62579.8989353776 
90855.0 -64495.098902761936 
10033.0 -9823.299832880497 
70170.0 -54554.799071908 
25427.0 -22376.099619328976 
55517.0 -44916.299235880375 
88566.0 -63737.69891566038 
86092.0 -63344.29892235994 
82876.0 -61761.99894928932 
51140.0 -41467.599294543266 
85181.0 -63079.698926866055 
21811.0 -19034.799676179886 
83508.0 -62248.7989410162 
5029.0 -6925.799882173538 
57487.0 -46187.79921424389 
4643.0 -6036.499897301197 
36418.0 -30695.499477803707 
56286.0 -45173.89923149347 
49867.0 -40727.39930713177 
65396.0 -51492.09912401438 
46824.0 -37961.099354207516 
14395.0 -14200.499758422375 
24325.0 -21089.8996412158 
56815.0 -45892.39921927452 
62746.0 -49978.79914975166 
49128.0 -40303.19931435585 
73219.0 -56484.59903907776 
76039.0 -58434.69900590181 
10321.0 -10415.799822807312 
19774.0 -18045.399693012238 
28279.0 -24894.199576497078 
7432.0 -7958.599864602089 
67367.0 -52620.79910480976 
76740.0 -58510.29900461435 
63457.0 -50545.39914011955 
21294.0 -18677.49968224764 
40461.0 -34179.19941854477 
27702.0 -24225.399587869644 
12905.0 -11883.299797832966 
30810.0 -26771.49954456091 
75250.0 -57737.89901775122 
20677.0 -18078.999692440033 
23712.0 -21032.499642193317 
66798.0 -52399.599108576775 
43973.0 -36240.599383473396 
29923.0 -26443.899550139904 
35576.0 -30236.699485599995 
50426.0 -41279.299297749996 
37220.0 -31560.29946309328 
64781.0 -50880.69913440943 
6520.0 -7913.099865376949 
89100.0 -64252.89890688658 
48232.0 -39463.59932863712 
39036.0 -33126.799436450005 
71134.0 -55122.799062252045 
54123.0 -43806.49925476313 
58949.0 -47275.19919574261 
3053.0 -4960.999915599823 
48880.0 -39579.79932665825 
89853.0 -64359.998905062675 
1025.0 -3015.799948692322 
36683.0 -31345.399466753006 
46561.0 -37822.19935655594 
39036.0 -33126.799436450005 
8357.0 -8773.699850738049 
60593.0 -48486.09917515516 
42850.0 -35529.79939556122 
93926.0 -64710.69889909029 
456.0 -2029.8999654650688 
69438.0 -53933.89908248186 
3053.0 -4960.999915599823 
60287.0 -48133.69918113947 
47814.0 -38819.29933959246 
31232.0 -27559.299531161785 
72773.0 -55960.299048006535 
32111.0 -28072.399522423744 
1025.0 -3015.799948692322 
51854.0 -42204.99928200245 
59553.0 -47873.999185562134 
41898.0 -35062.1994035244 
94.0 -1049.5999821424484 
61106.0 -48966.299166977406 
72421.0 -55718.499052107334 
456.0 -2029.8999654650688 
35056.0 -30012.999489426613 
64014.0 -50845.699135005474 
71742.0 -55417.49905723333 
73219.0 -56484.59903907776 
29617.0 -25951.499558508396 
94146.0 -64801.69889754057 
47814.0 -38819.29933959246 
39908.0 -33630.799427866936 
41155.0 -34508.19941294193 
44684.0 -36725.299375236034 
79.0 -1031.3999824523926 
69481.0 -54306.29907613993 
44684.0 -36725.299375236034 
42269.0 -35351.999398589134 
31992.0 -28043.699522912502 
62437.0 -49413.89915937185 
52373.0 -42443.69927793741 
31207.0 -27264.599536180496 
23018.0 -20317.499654352665 
28191.0 -24679.299580156803 
22510.0 -19733.3996642828 
41552.0 -34573.999411821365 
23018.0 -20317.499654352665 
22510.0 -19733.3996642828 
61596.0 -49062.89916533232 
59455.0 -47426.69919317961 
