0.0 -0.0 
97388.0 -64923.49889546633 
0.0 -0.0 
97388.0 -64923.49889546633 
21731.0 -19094.999675154686 
28898.0 -25523.099565804005 
30522.0 -26426.399550437927 
80809.0 -61119.79896020889 
79772.0 -60043.89897853136 
81429.0 -61654.198951125145 
16731.0 -15588.199734807014 
44728.0 -36684.69937592745 
72462.0 -55643.59905338287 
22546.0 -19964.699660360813 
47935.0 -39306.79933130741 
82900.0 -62197.398941874504 
9088.0 -9772.899833738804 
3737.0 -5939.899898946285 
43748.0 -35684.099392950535 
55708.0 -44830.19923734665 
54078.0 -43289.59926354885 
16349.0 -14794.099748313427 
31067.0 -26928.29954189062 
91394.0 -64389.398904562 
19308.0 -17200.899707376957 
65644.0 -51851.89911788702 
31741.0 -27776.299527466297 
71236.0 -55429.39905703068 
28219.0 -24887.899576604366 
27924.0 -24120.399589657784 
39386.0 -33070.79943740368 
86372.0 -63643.898917257786 
75611.0 -57613.29901987314 
73286.0 -56497.19903886318 
67204.0 -52760.799102425575 
47285.0 -38100.79935181141 
26721.0 -23838.299594461918 
54737.0 -43892.59925329685 
34634.0 -29531.79949760437 
35299.0 -30145.299487173557 
58915.0 -47512.099191725254 
2401.0 -4010.7999317646027 
36368.0 -30363.699483454227 
70969.0 -54578.599071502686 
62324.0 -49707.199154376984 
15055.0 -14538.599752664566 
23501.0 -20329.39965415001 
6308.0 -7043.699880182743 
37642.0 -32232.59945166111 
78640.0 -59941.398980259895 
14335.0 -14194.199758529663 
39706.0 -33796.9994250536 
19774.0 -18045.399693012238 
7790.0 -8796.799850344658 
7452.0 -7854.299866378307 
49745.0 -40625.8993088603 
49047.0 -40236.69931548834 
9673.0 -9780.599833607674 
59809.0 -47828.499186336994 
32848.0 -28602.599513411522 
36621.0 -31233.399468660355 
52237.0 -42104.89928370714 
37178.0 -31533.699463546276 
96658.0 -64922.79889547825 
48691.0 -39567.199326872826 
92712.0 -64815.69889730215 
76984.0 -59104.198994517326 
12483.0 -12435.899788439274 
5029.0 -6925.799882173538 
60126.0 -48431.499176084995 
13685.0 -13598.899768650532 
51750.0 -41593.19929242134 
6543.0 -7822.09986692667 
32598.0 -27983.499523937702 
58279.0 -46869.899202644825 
88641.0 -63984.098911464214 
94641.0 -64842.298896849155 
57968.0 -46011.39921724796 
84847.0 -62803.59893155098 
11766.0 -11396.799806118011 
11349.0 -10830.199815750122 
12465.0 -11610.999802470207 
66333.0 -52100.39911365509 
10453.0 -10609.699819505215 
18984.0 -16468.399719834328 
50294.0 -41211.399298906326 
69109.0 -54040.99908065796 
88177.0 -63726.498915851116 
56806.0 -45823.09922045469 
74077.0 -56572.79903757572 
94903.0 -64900.39889585972 
24793.0 -21541.699633538723 
3053.0 -4960.999915599823 
17860.0 -16247.199723601341 
42501.0 -35214.09940093756 
3053.0 -4960.999915599823 
1025.0 -3015.799948692322 
1654.0 -3919.7999333143234 
67774.0 -53144.69909590483 
76332.0 -58354.8990072608 
13685.0 -13598.899768650532 
62064.0 -49126.899164259434 
46516.0 -37540.09936136007 
45281.0 -37106.79936873913 
25809.0 -22416.299618661404 
456.0 -2029.8999654650688 
60764.0 -48798.29916983843 
63213.0 -50308.79914414883 
78160.0 -59260.29899185896 
20277.0 -18383.49968725443 
92247.0 -64800.29889756441 
43182.0 -35506.69939595461 
1025.0 -3015.799948692322 
45907.0 -37270.59936594963 
89798.0 -64322.198905706406 
74224.0 -57323.49902480841 
52928.0 -42501.099276959896 
26428.0 -23121.19960665703 
64437.0 -51013.99913215637 
56260.0 -45081.499233067036 
456.0 -2029.8999654650688 
74571.0 -57492.89902192354 
7790.0 -8796.799850344658 
61238.0 -49039.09916573763 
4741.0 -6067.299896776676 
34064.0 -28979.199506998062 
33724.0 -28946.999507546425 
76412.0 -58478.099005162716 
38570.0 -32507.299447000027 
84847.0 -62803.59893155098 
12483.0 -12435.899788439274 
40714.0 -34157.49941891432 
52928.0 -42501.099276959896 
68334.0 -53407.19909143448 
23973.0 -21108.799640893936 
68702.0 -53687.899086654186 
64437.0 -51013.99913215637 
25945.0 -23109.299606859684 
63.0 -796.8999864459038 
24793.0 -21541.699633538723 
89637.0 -64310.29890590906 
56469.0 -45550.799225091934 
86372.0 -63643.898917257786 
69848.0 -54391.69907468557 
23733.0 -21092.699641168118 
41823.0 -35006.19940447807 
47146.0 -37828.49935644865 
58132.0 -46476.49920934439 
83820.0 -62643.29893428087 
83575.0 -62590.79893517494 
