0.0 -0.0 
97388.0 -64923.49889546633 
0.0 -0.0 
97388.0 -64923.49889546633 
94708.0 -64863.29889649153 
84737.0 -62539.29893606901 
91257.0 -64397.098904430866 
26026.0 -23175.799605727196 
88586.0 -63888.89891308546 
23733.0 -21092.699641168118 
54262.0 -43870.8992536664 
13766.0 -13665.399767518044 
31253.0 -27619.499530136585 
27200.0 -24123.89958959818 
6443.0 -7735.999868392944 
50551.0 -41259.69929808378 
74511.0 -57283.5990254879 
73593.0 -56518.89903849363 
13190.0 -12904.199780464172 
39007.0 -32334.099449932575 
51813.0 -42091.59928393364 
58313.0 -46709.59920537472 
83135.0 -61848.09894782305 
25409.0 -22142.299623310566 
47689.0 -38822.09933954477 
57567.0 -45654.39922332764 
4974.0 -6850.899883449078 
67320.0 -52393.29910868406 
63093.0 -50271.699144780636 
12142.0 -12230.799791932106 
53494.0 -43169.89926558733 
32522.0 -28246.999519467354 
69804.0 -54357.3990752697 
70619.0 -55066.79906320572 
45104.0 -36724.99937522411 
14898.0 -14538.599752664566 
37612.0 -31685.599460959435 
55419.0 -44697.199239611626 
75483.0 -57892.89901512861 
64388.0 -50536.299140274525 
30746.0 -26667.899546325207 
81046.0 -60668.29896789789 
8859.0 -8953.89984768629 
2658.0 -4047.1999311447144 
86369.0 -63225.2989243865 
3682.0 -5864.999900221825 
87715.0 -63685.89891654253 
50128.0 -40560.79930996895 
67708.0 -53144.69909590483 
48588.0 -39295.599331498146 
1025.0 -3015.799948692322 
6315.0 -6983.899881184101 
64667.0 -51226.79912853241 
42782.0 -35559.19939506054 
72552.0 -55958.89904803038 
41556.0 -34745.79940891266 
18182.0 -16577.599717974663 
65652.0 -51553.699122965336 
7735.0 -8721.899851620197 
68555.0 -53502.39908981323 
29118.0 -25614.099564254284 
56531.0 -45627.09922379255 
18182.0 -16577.599717974663 
32929.0 -28669.099512279034 
16071.0 -15250.099740564823 
9133.0 -9784.099833548069 
47178.0 -37898.79935526848 
41060.0 -34031.499421060085 
78278.0 -59723.698983967304 
42030.0 -35196.59940123558 
92488.0 -64526.598902225494 
71653.0 -55259.29905992746 
79411.0 -60491.19897091389 
27930.0 -24602.999581456184 
19368.0 -17207.19970726967 
19774.0 -18045.399693012238 
21094.0 -18337.99968802929 
22608.0 -19461.79966890812 
39362.0 -33245.79943442345 
62532.0 -49567.19915676117 
15628.0 -14539.299752652645 
10856.0 -10867.999815106392 
43573.0 -36000.499387562275 
60819.0 -48792.699169933796 
49167.0 -40241.59931540489 
30107.0 -26144.29955524206 
1654.0 -3919.7999333143234 
16574.0 -15588.199734807014 
36601.0 -30457.499481856823 
11598.0 -11206.399809360504 
40144.0 -34026.59942114353 
12024.0 -11484.299804627895 
77372.0 -59077.99899494648 
36719.0 -31203.999469161034 
53018.0 -42529.09927648306 
663.0 -2035.4999653697014 
34817.0 -29755.799493789673 
86460.0 -63362.49892205 
22677.0 -20112.399657845497 
456.0 -2029.8999654650688 
34112.0 -29158.699503958225 
76064.0 -58340.89900749922 
58971.0 -47173.69919747114 
3053.0 -4960.999915599823 
49044.0 -39841.89932221174 
16574.0 -15588.199734807014 
1552.0 -3363.999942779541 
4400.0 -6021.799897551537 
21459.0 -19062.79967570305 
72264.0 -55574.299054563046 
33966.0 -28981.59950697422 
28300.0 -24954.399575471878 
24478.0 -21793.69962924719 
43573.0 -36000.499387562275 
126.0 -1049.5999821424484 
78218.0 -59336.59899055958 
45212.0 -37040.29936987162 
52558.0 -42421.99927830696 
81968.0 -61540.798953056335 
45880.0 -37453.99936282635 
28900.0 -25225.999570846558 
61539.0 -49013.89916616678 
10398.0 -10534.799820780754 
20547.0 -18114.699691832066 
56216.0 -44840.699237167835 
81179.0 -61309.79895699024 
3053.0 -4960.999915599823 
21942.0 -19074.699675500393 
92488.0 -64526.598902225494 
39117.0 -33193.299435317516 
59624.0 -47927.19918465614 
79.0 -1031.3999824523926 
19445.0 -17292.599705815315 
77133.0 -58678.29900175333 
7735.0 -8721.899851620197 
68969.0 -54031.19908082485 
82449.0 -61696.89895039797 
37205.0 -31428.699465334415 
10398.0 -10534.799820780754 
76573.0 -58504.69900470972 
79407.0 -60196.4989759326 
22677.0 -20112.399657845497 
34817.0 -29755.799493789673 
66342.0 -51847.99911797047 
35960.0 -30303.499484479427 
59405.0 -47319.59919500351 
24565.0 -21804.199629068375 
30327.0 -26235.29955369234 
66342.0 -51847.99911797047 
46942.0 -37659.099359333515 
