0.0 -0.0 
34698.0 -27406.799533724785 
34698.0 -27406.799533724785 
0.0 -0.0 
3573.0 -5105.899913132191 
15904.0 -17225.399706959724 
346.0 -2063.499964892864 
1283.0 -2095.6999643445015 
1755.0 -3112.3999470472336 
2707.0 -4149.399929404259 
27439.0 -26435.899550259113 
3784.0 -5906.29989951849 
9250.0 -11020.59981250763 
1917.0 -3917.699933350086 
55.0 -1020.1999826431274 
14230.0 -15860.499730169773 
27149.0 -26029.899557173252 
12443.0 -13400.799772024155 
59.0 -1049.5999821424484 
1297.0 -3057.799947977066 
12014.0 -13130.999776601791 
14139.0 -15195.199741482735 
15195.0 -16906.599712371826 
10415.0 -12049.199795007706 
2869.0 -4954.699915707111 
5368.0 -6966.399881482124 
32295.0 -27389.299534022808 
16221.0 -17933.099694907665 
7147.0 -9000.499846875668 
31930.0 -27355.699534595013 
13278.0 -14823.499747812748 
12708.0 -14058.099760830402 
18853.0 -20116.99965775013 
7727.0 -9062.799845814705 
4307.0 -5981.19989824295 
9586.0 -11082.199811458588 
15531.0 -16968.199711322784 
8146.0 -9725.299834549427 
9076.0 -10301.699824750423 
11414.0 -12773.999782681465 
7059.0 -8679.199852347374 
11635.0 -13031.599778294563 
25536.0 -24956.199575424194 
20626.0 -21369.89963644743 
33046.0 -27389.999534010887 
13734.0 -15084.599743366241 
26050.0 -25732.099562227726 
18595.0 -20007.099659621716 
5004.0 -6888.699882805347 
13240.0 -14180.59975874424 
21788.0 -22387.29961913824 
30840.0 -27265.399536132812 
29675.0 -27118.399538636208 
17220.0 -18657.899682581425 
19594.0 -20731.899647295475 
9959.0 -11339.399807095528 
15099.0 -16189.099724590778 
6769.0 -8273.199859261513 
11020.0 -12117.099793851376 
28267.0 -26904.199542284012 
6060.0 -7954.3998646736145 
3016.0 -4955.39991569519 
27801.0 -26758.599544763565 
25688.0 -25409.399567723274 
23008.0 -23369.6996024251 
8899.0 -10052.899828970432 
5741.0 -7223.599877119064 
23892.0 -23947.199592590332 
22967.0 -23025.999608278275 
22336.0 -22903.199610352516 
23556.0 -23885.599593639374 
33770.0 -27405.399533748627 
6977.0 -8286.499859035015 
23266.0 -23479.599600553513 
8100.0 -9319.999841451645 
19562.0 -20435.799652338028 
17188.0 -18361.799687623978 
23298.0 -23775.69959551096 
10203.0 -11340.099807083607 
24330.0 -24413.699584662914 
22078.0 -22793.299612224102 
20814.0 -21714.299630582333 
29833.0 -27193.999537348747 
17441.0 -18915.499678194523 
2286.0 -4136.099929630756 
13552.0 -14836.099747598171 
22731.0 -22932.599609851837 
24588.0 -24523.59958279133 
24656.0 -24771.39957857132 
11393.0 -12374.299789488316 
25835.0 -25410.099567711353 
21467.0 -22060.099624693394 
33320.0 -27402.59953379631 
14871.0 -15985.099728047848 
21614.0 -22060.799624681473 
4783.0 -6631.099887192249 
12477.0 -13789.29976540804 
25061.0 -24881.999576687813 
4493.0 -6225.099894106388 
11124.0 -12367.999789595604 
28695.0 -26986.099540889263 
6003.0 -7613.499870479107 
20073.0 -21099.399641036987 
13113.0 -14168.699758946896 
21182.0 -21811.599628925323 
635.0 -2090.099964439869 
31279.0 -27288.499535739422 
10249.0 -11745.399800181389 
6396.0 -8015.999863624573 
18388.0 -19286.79967188835 
2191.0 -3930.2999331355095 
26726.0 -25942.799558639526 
22046.0 -22497.199617266655 
20773.0 -21370.59963643551 
29090.0 -27015.499540388584 
24283.0 -23968.199592232704 
8611.0 -9983.599830150604 
4783.0 -6631.099887192249 
24298.0 -24117.599589705467 
18440.0 -19640.299665868282 
20073.0 -21099.399641036987 
4493.0 -6225.099894106388 
19304.0 -20325.899654209614 
16930.0 -18251.899689495564 
16479.0 -18042.99969303608 
5741.0 -7223.599877119064 
17699.0 -19025.399676322937 
19815.0 -20989.499642908573 
18189.0 -19088.399675250053 
34125.0 -27406.099533736706 
8367.0 -9982.899830162525 
18126.0 -19032.399676203728 
7856.0 -9319.299841463566 
30357.0 -27243.69953650236 
6003.0 -7613.499870479107 
27801.0 -26758.599544763565 
26665.0 -25907.799559235573 
24914.0 -24881.299576699734 
30341.0 -27221.29953688383 
28456.0 -26965.09954124689 
1298.0 -3100.4999472498894 
29090.0 -27015.499540388584 
31279.0 -27288.499535739422 
16479.0 -18042.99969303608 
16930.0 -18251.899689495564 
19304.0 -20325.899654209614 
14501.0 -15979.499728143215 
18440.0 -19640.299665868282 
26308.0 -25841.99956035614 
9076.0 -10301.699824750423 
