0.0 -0.0 
34698.0 -27406.799533724785 
34698.0 -27406.799533724785 
0.0 -0.0 
3573.0 -5105.899913132191 
346.0 -2063.499964892864 
1283.0 -2095.6999643445015 
3784.0 -5906.29989951849 
13278.0 -14823.499747812748 
2707.0 -4149.399929404259 
59.0 -1049.5999821424484 
9076.0 -10301.699824750423 
20772.0 -21308.99963748455 
15099.0 -16189.099724590778 
1755.0 -3112.3999470472336 
15195.0 -16906.599712371826 
55.0 -1020.1999826431274 
5004.0 -6888.699882805347 
13240.0 -14180.59975874424 
27000.0 -25955.39955842495 
27439.0 -26435.899550259113 
24298.0 -24117.599589705467 
19815.0 -20989.499642908573 
1297.0 -3057.799947977066 
16162.0 -17335.29970508814 
8367.0 -9982.899830162525 
1917.0 -3917.699933350086 
2869.0 -4954.699915707111 
5709.0 -6986.699881136417 
9250.0 -11020.59981250763 
7147.0 -9000.499846875668 
14139.0 -15195.199741482735 
30991.0 -27294.099535644054 
8899.0 -10052.899828970432 
6396.0 -8015.999863624573 
4307.0 -5981.19989824295 
10249.0 -11745.399800181389 
26308.0 -25841.99956035614 
14230.0 -15860.499730169773 
11414.0 -12773.999782681465 
7059.0 -8679.199852347374 
11635.0 -13031.599778294563 
16221.0 -17933.099694907665 
32954.0 -27396.2995339036 
23694.0 -23898.899593412876 
18268.0 -19280.49967199564 
32533.0 -27382.999534130096 
17220.0 -18657.899682581425 
19594.0 -20731.899647295475 
17441.0 -18915.499678194523 
2286.0 -4136.099929630756 
6769.0 -8273.199859261513 
12708.0 -14058.099760830402 
7727.0 -9062.799845814705 
6060.0 -7954.3998646736145 
3016.0 -4955.39991569519 
14871.0 -15985.099728047848 
24588.0 -24523.59958279133 
29375.0 -27044.199539899826 
21788.0 -22387.29961913824 
22956.0 -23045.299607932568 
23008.0 -23369.6996024251 
30157.0 -27166.699537813663 
18595.0 -20007.099659621716 
23298.0 -23775.69959551096 
10415.0 -12049.199795007706 
27357.0 -26065.599556565285 
16753.0 -18055.599692821503 
32021.0 -27376.699534237385 
19304.0 -20325.899654209614 
25656.0 -25113.299572765827 
20814.0 -21714.299630582333 
17188.0 -18361.799687623978 
8100.0 -9319.999841451645 
19562.0 -20435.799652338028 
25688.0 -25409.399567723274 
10203.0 -11340.099807083607 
22046.0 -22497.199617266655 
6977.0 -8286.499859035015 
23266.0 -23479.599600553513 
18440.0 -19640.299665868282 
22336.0 -22903.199610352516 
22698.0 -22935.399609804153 
12046.0 -13090.399777293205 
28644.0 -26953.199541449547 
12268.0 -13160.399776101112 
11393.0 -12374.299789488316 
24717.0 -24806.399577975273 
21706.0 -22081.099624335766 
4783.0 -6631.099887192249 
8146.0 -9725.299834549427 
9494.0 -11021.299812495708 
9894.0 -11086.399811387062 
18853.0 -20116.99965775013 
4493.0 -6225.099894106388 
11124.0 -12367.999789595604 
7856.0 -9319.299841463566 
31565.0 -27312.29953533411 
21346.0 -21836.79962849617 
6003.0 -7613.499870479107 
28120.0 -26903.499542295933 
10684.0 -12055.499794900417 
16495.0 -17945.69969469309 
17699.0 -19025.399676322937 
24950.0 -24846.29957729578 
21072.0 -21824.199628710747 
635.0 -2090.099964439869 
34125.0 -27406.099533736706 
21467.0 -22060.099624693394 
25946.0 -25519.29956585169 
27801.0 -26758.599544763565 
11020.0 -12117.099793851376 
2064.0 -3918.3999333381653 
25398.0 -25003.399574637413 
28644.0 -26953.199541449547 
22078.0 -22793.299612224102 
24330.0 -24413.699584662914 
9959.0 -11339.399807095528 
19815.0 -20989.499642908573 
12443.0 -13400.799772024155 
18558.0 -19686.4996650815 
4783.0 -6631.099887192249 
18168.0 -19067.39967560768 
4493.0 -6225.099894106388 
31138.0 -27294.799535632133 
15904.0 -17225.399706959724 
15453.0 -17016.49971050024 
13734.0 -15084.599743366241 
30157.0 -27166.699537813663 
12634.0 -13756.399765968323 
33526.0 -27404.699533760548 
19156.0 -20119.099657714367 
5741.0 -7223.599877119064 
29736.0 -27153.39953804016 
20782.0 -21418.199635624886 
23693.0 -23805.09959501028 
6003.0 -7613.499870479107 
13987.0 -15142.299742400646 
31809.0 -27312.99953532219 
13734.0 -15084.599743366241 
1298.0 -3100.4999472498894 
5741.0 -7223.599877119064 
12634.0 -13756.399765968323 
15453.0 -17016.49971050024 
15904.0 -17225.399706959724 
17973.0 -19037.99967610836 
14488.0 -15970.399728298187 
16930.0 -18251.899689495564 
26308.0 -25841.99956035614 
33526.0 -27404.699533760548 
