0.0 -0.0 
34698.0 -27406.799533724785 
34698.0 -27406.799533724785 
0.0 -0.0 
1283.0 -2095.6999643445015 
1297.0 -3057.799947977066 
1755.0 -3112.3999470472336 
3573.0 -5105.899913132191 
2707.0 -4149.399929404259 
2869.0 -4954.699915707111 
59.0 -1049.5999821424484 
15099.0 -16189.099724590778 
346.0 -2063.499964892864 
14139.0 -15195.199741482735 
1917.0 -3917.699933350086 
15195.0 -16906.599712371826 
55.0 -1020.1999826431274 
19815.0 -20989.499642908573 
3784.0 -5906.29989951849 
9076.0 -10301.699824750423 
14775.0 -15992.099727928638 
29242.0 -26995.89954072237 
16221.0 -17933.099694907665 
30676.0 -27264.699536144733 
9250.0 -11020.59981250763 
13278.0 -14823.499747812748 
21467.0 -22060.099624693394 
21788.0 -22387.29961913824 
9959.0 -11339.399807095528 
8703.0 -10044.499829113483 
20409.0 -21160.999639987946 
10249.0 -11745.399800181389 
8146.0 -9725.299834549427 
15453.0 -17016.49971050024 
20814.0 -21714.299630582333 
29892.0 -27161.79953789711 
7059.0 -8679.199852347374 
32021.0 -27376.699534237385 
24975.0 -24916.299576103687 
5004.0 -6888.699882805347 
13240.0 -14180.59975874424 
28515.0 -26932.899541795254 
6396.0 -8015.999863624573 
635.0 -2090.099964439869 
11124.0 -12367.999789595604 
12708.0 -14058.099760830402 
10415.0 -12049.199795007706 
8367.0 -9982.899830162525 
14230.0 -15860.499730169773 
19594.0 -20731.899647295475 
6977.0 -8286.499859035015 
31565.0 -27312.29953533411 
25398.0 -25003.399574637413 
27121.0 -25972.199558138847 
11635.0 -13031.599778294563 
16063.0 -17090.699709236622 
13734.0 -15084.599743366241 
30472.0 -27224.099536836147 
27407.0 -26139.799555301666 
18268.0 -19280.49967199564 
3290.0 -4967.999915480614 
24656.0 -24771.39957857132 
23008.0 -23369.6996024251 
26726.0 -25942.799558639526 
19562.0 -20435.799652338028 
29497.0 -27132.39953839779 
16162.0 -17335.29970508814 
22967.0 -23025.999608278275 
22336.0 -22903.199610352516 
19433.0 -20179.299656689167 
33379.0 -27403.99953377247 
16930.0 -18251.899689495564 
18595.0 -20007.099659621716 
24298.0 -24117.599589705467 
22078.0 -22793.299612224102 
22046.0 -22497.199617266655 
25656.0 -25113.299572765827 
11393.0 -12374.299789488316 
20782.0 -21418.199635624886 
17188.0 -18361.799687623978 
24330.0 -24413.699584662914 
2286.0 -4136.099929630756 
13614.0 -14885.099746763706 
22731.0 -22932.599609851837 
24040.0 -24007.699591577053 
27862.0 -26793.59954416752 
26111.0 -25767.09956163168 
6060.0 -7954.3998646736145 
8100.0 -9319.999841451645 
10203.0 -11340.099807083607 
7147.0 -9000.499846875668 
4783.0 -6631.099887192249 
12288.0 -13143.599776387215 
11414.0 -12773.999782681465 
17441.0 -18915.499678194523 
16753.0 -18055.599692821503 
23298.0 -23775.69959551096 
14243.0 -15869.599730014801 
4493.0 -6225.099894106388 
32711.0 -27396.2995339036 
5709.0 -6986.699881136417 
7727.0 -9062.799845814705 
20524.0 -21308.29963749647 
25688.0 -25409.399567723274 
6003.0 -7613.499870479107 
32711.0 -27396.2995339036 
16479.0 -18042.99969303608 
13186.0 -14108.099759995937 
12477.0 -13789.29976540804 
10751.0 -12110.799793958664 
7483.0 -9062.099845826626 
19136.0 -20117.69965773821 
23601.0 -23777.799595475197 
9494.0 -11021.299812495708 
2191.0 -3930.2999331355095 
28120.0 -26903.499542295933 
23266.0 -23479.599600553513 
18408.0 -19344.199670910835 
18568.0 -19705.399664759636 
4120.0 -5967.899898469448 
18440.0 -19640.299665868282 
4783.0 -6631.099887192249 
17559.0 -18961.69967740774 
17827.0 -19090.49967521429 
34125.0 -27406.099533736706 
34099.0 -27405.399533748627 
4493.0 -6225.099894106388 
17220.0 -18657.899682581425 
12443.0 -13400.799772024155 
26007.0 -25554.299565255642 
33526.0 -27404.699533760548 
24588.0 -24523.59958279133 
12624.0 -13789.999765396118 
7856.0 -9319.299841463566 
5741.0 -7223.599877119064 
21209.0 -21950.19962656498 
27439.0 -26435.899550259113 
6003.0 -7613.499870479107 
31706.0 -27347.299534738064 
21209.0 -21950.19962656498 
5741.0 -7223.599877119064 
6763.0 -8172.099860966206 
17827.0 -19090.49967521429 
27586.0 -26436.599550247192 
9076.0 -10301.699824750423 
26369.0 -25876.999559760094 
4307.0 -5981.19989824295 
23755.0 -23933.89959281683 
12344.0 -13350.399772882462 
9494.0 -11021.299812495708 
