0.0 -0.0 
34698.0 -27406.799533724785 
34698.0 -27406.799533724785 
0.0 -0.0 
3573.0 -5105.899913132191 
2869.0 -4954.699915707111 
346.0 -2063.499964892864 
1283.0 -2095.6999643445015 
15195.0 -16906.599712371826 
2707.0 -4149.399929404259 
13240.0 -14180.59975874424 
3784.0 -5906.29989951849 
1755.0 -3112.3999470472336 
9250.0 -11020.59981250763 
1917.0 -3917.699933350086 
27801.0 -26758.599544763565 
1297.0 -3057.799947977066 
14230.0 -15860.499730169773 
55.0 -1020.1999826431274 
59.0 -1049.5999821424484 
13278.0 -14823.499747812748 
18526.0 -19390.399670124054 
16162.0 -17335.29970508814 
29736.0 -27153.39953804016 
15099.0 -16189.099724590778 
30400.0 -27189.099537432194 
17817.0 -19071.599675536156 
8940.0 -10036.799829244614 
9586.0 -11082.199811458588 
10751.0 -12110.799793958664 
12708.0 -14058.099760830402 
8146.0 -9725.299834549427 
16221.0 -17933.099694907665 
21072.0 -21824.199628710747 
14139.0 -15195.199741482735 
11414.0 -12773.999782681465 
11635.0 -13031.599778294563 
9076.0 -10301.699824750423 
31645.0 -27316.499535262585 
18595.0 -20007.099659621716 
24040.0 -24007.699591577053 
34125.0 -27406.099533736706 
33675.0 -27403.29953378439 
5004.0 -6888.699882805347 
12443.0 -13400.799772024155 
6396.0 -8015.999863624573 
635.0 -2090.099964439869 
11124.0 -12367.999789595604 
10415.0 -12049.199795007706 
19594.0 -20731.899647295475 
19815.0 -20989.499642908573 
9959.0 -11339.399807095528 
6763.0 -8172.099860966206 
27357.0 -26065.599556565285 
32169.0 -27366.1995344162 
6060.0 -7954.3998646736145 
8367.0 -9982.899830162525 
25606.0 -25039.099574029446 
23008.0 -23369.6996024251 
5741.0 -7223.599877119064 
22967.0 -23025.999608278275 
26726.0 -25942.799558639526 
30736.0 -27250.699536383152 
19304.0 -20325.899654209614 
28851.0 -26994.499540746212 
32458.0 -27394.89953392744 
26369.0 -25876.999559760094 
15766.0 -17029.099710285664 
10203.0 -11340.099807083607 
8100.0 -9319.999841451645 
24298.0 -24117.599589705467 
22078.0 -22793.299612224102 
24330.0 -24413.699584662914 
11393.0 -12374.299789488316 
22046.0 -22497.199617266655 
25749.0 -25444.399567127228 
19562.0 -20435.799652338028 
20814.0 -21714.299630582333 
23266.0 -23479.599600553513 
22336.0 -22903.199610352516 
12014.0 -13130.999776601791 
2286.0 -4136.099929630756 
13614.0 -14885.099746763706 
25122.0 -24916.999576091766 
22729.0 -22907.39961028099 
27062.0 -26004.399557590485 
15904.0 -17225.399706959724 
17220.0 -18657.899682581425 
12288.0 -13143.599776387215 
26007.0 -25554.299565255642 
27586.0 -26436.599550247192 
24588.0 -24523.59958279133 
7147.0 -9000.499846875668 
21706.0 -22081.099624335766 
4783.0 -6631.099887192249 
17478.0 -18767.79968070984 
19092.0 -20137.999657392502 
14695.0 -15870.99972999096 
6977.0 -8286.499859035015 
33117.0 -27401.89953380823 
28359.0 -26924.499541938305 
27439.0 -26435.899550259113 
13734.0 -15084.599743366241 
7727.0 -9062.799845814705 
7856.0 -9319.299841463566 
6003.0 -7613.499870479107 
5368.0 -6966.399881482124 
10249.0 -11745.399800181389 
12477.0 -13789.29976540804 
32970.0 -27401.199533820152 
18853.0 -20116.99965775013 
25717.0 -25148.29957216978 
16930.0 -18251.899689495564 
28359.0 -26924.499541938305 
21788.0 -22387.29961913824 
2191.0 -3930.2999331355095 
20782.0 -21418.199635624886 
23298.0 -23775.69959551096 
23556.0 -23885.599593639374 
4783.0 -6631.099887192249 
4493.0 -6225.099894106388 
20524.0 -21308.29963749647 
20073.0 -21099.399641036987 
5741.0 -7223.599877119064 
7059.0 -8679.199852347374 
14952.0 -16188.3997246027 
12624.0 -13789.999765396118 
16791.0 -18045.099693000317 
18252.0 -19295.89967173338 
18252.0 -19295.89967173338 
4493.0 -6225.099894106388 
16930.0 -18251.899689495564 
6003.0 -7613.499870479107 
16557.0 -17994.699693858624 
29447.0 -27029.499540150166 
29090.0 -27015.499540388584 
21467.0 -22060.099624693394 
31157.0 -27263.999536156654 
26111.0 -25767.09956163168 
4307.0 -5981.19989824295 
20073.0 -21099.399641036987 
20524.0 -21308.29963749647 
24914.0 -24881.299576699734 
9076.0 -10301.699824750423 
17559.0 -18961.69967740774 
4454.0 -5981.8998982310295 
24692.0 -24736.399579167366 
7059.0 -8679.199852347374 
5368.0 -6966.399881482124 
10249.0 -11745.399800181389 
