0.0 -0.0 
34698.0 -27406.799533724785 
34698.0 -27406.799533724785 
0.0 -0.0 
346.0 -2063.499964892864 
1283.0 -2095.6999643445015 
3573.0 -5105.899913132191 
14230.0 -15860.499730169773 
1755.0 -3112.3999470472336 
3784.0 -5906.29989951849 
2707.0 -4149.399929404259 
13240.0 -14180.59975874424 
17188.0 -18361.799687623978 
6977.0 -8286.499859035015 
2869.0 -4954.699915707111 
15099.0 -16189.099724590778 
1917.0 -3917.699933350086 
55.0 -1020.1999826431274 
59.0 -1049.5999821424484 
1297.0 -3057.799947977066 
14837.0 -16041.099727094173 
9250.0 -11020.59981250763 
10415.0 -12049.199795007706 
22610.0 -22915.79961013794 
15195.0 -16906.599712371826 
25656.0 -25113.299572765827 
12708.0 -14058.099760830402 
9586.0 -11082.199811458588 
16626.0 -18043.69969302416 
11020.0 -12117.099793851376 
15863.0 -17067.599709630013 
28456.0 -26965.09954124689 
10249.0 -11745.399800181389 
20814.0 -21714.299630582333 
22078.0 -22793.299612224102 
2286.0 -4136.099929630756 
14139.0 -15195.199741482735 
13278.0 -14823.499747812748 
11635.0 -13031.599778294563 
20782.0 -21418.199635624886 
25188.0 -24893.899576485157 
8146.0 -9725.299834549427 
5004.0 -6888.699882805347 
12443.0 -13400.799772024155 
22956.0 -23045.299607932568 
20491.0 -21148.399640202522 
32069.0 -27335.39953494072 
9076.0 -10301.699824750423 
32848.0 -27395.59953391552 
17569.0 -18980.599677085876 
27144.0 -25991.79955780506 
29583.0 -27102.999538898468 
17873.0 -19003.699676692486 
3143.0 -4967.299915492535 
23556.0 -23885.599593639374 
30375.0 -27228.9995367527 
18150.0 -19234.29967278242 
26308.0 -25841.99956035614 
15453.0 -17016.49971050024 
7727.0 -9062.799845814705 
21788.0 -22387.29961913824 
5741.0 -7223.599877119064 
32442.0 -27389.999534010887 
19304.0 -20325.899654209614 
16194.0 -17631.399700045586 
28120.0 -26903.499542295933 
16221.0 -17933.099694907665 
23266.0 -23479.599600553513 
25688.0 -25409.399567723274 
10203.0 -11340.099807083607 
22046.0 -22497.199617266655 
18388.0 -19286.79967188835 
19562.0 -20435.799652338028 
9022.0 -10024.19982945919 
18595.0 -20007.099659621716 
27439.0 -26435.899550259113 
13734.0 -15084.599743366241 
13536.0 -14933.399745941162 
24588.0 -24523.59958279133 
11393.0 -12374.299789488316 
8285.0 -9974.499830305576 
26050.0 -25732.099562227726 
25946.0 -25519.29956585169 
8100.0 -9319.999841451645 
33978.0 -27405.399533748627 
6060.0 -7954.3998646736145 
12435.0 -13144.299776375294 
29090.0 -27015.499540388584 
7147.0 -9000.499846875668 
21706.0 -22081.099624335766 
4783.0 -6631.099887192249 
20220.0 -21100.099641025066 
11414.0 -12773.999782681465 
34125.0 -27406.099533736706 
31575.0 -27312.99953532219 
27862.0 -26793.59954416752 
4493.0 -6225.099894106388 
11124.0 -12367.999789595604 
4307.0 -5981.19989824295 
19127.0 -20129.599657535553 
19741.0 -20732.599647283554 
5368.0 -6966.399881482124 
24914.0 -24881.299576699734 
18931.0 -20068.699658572674 
635.0 -2090.099964439869 
6396.0 -8015.999863624573 
16162.0 -17335.29970508814 
30375.0 -27228.9995367527 
23008.0 -23369.6996024251 
21467.0 -22060.099624693394 
6396.0 -8015.999863624573 
7391.0 -9001.199846863747 
29583.0 -27102.999538898468 
27407.0 -26139.799555301666 
24298.0 -24117.599589705467 
23298.0 -23775.69959551096 
24330.0 -24413.699584662914 
4120.0 -5967.899898469448 
4783.0 -6631.099887192249 
33379.0 -27403.99953377247 
18440.0 -19640.299665868282 
4493.0 -6225.099894106388 
30885.0 -27293.399535655975 
5741.0 -7223.599877119064 
17367.0 -18658.599682569504 
7059.0 -8679.199852347374 
19962.0 -20990.199642896652 
17367.0 -18658.599682569504 
12634.0 -13756.399765968323 
24656.0 -24771.39957857132 
9959.0 -11339.399807095528 
7856.0 -9319.299841463566 
27862.0 -26793.59954416752 
29090.0 -27015.499540388584 
21209.0 -21950.19962656498 
26726.0 -25942.799558639526 
23974.0 -23934.59959280491 
12014.0 -13130.999776601791 
26701.0 -25907.099559247494 
13992.0 -15194.499741494656 
16479.0 -18042.99969303608 
21209.0 -21950.19962656498 
33379.0 -27403.99953377247 
31397.0 -27299.699535548687 
1298.0 -3100.4999472498894 
9076.0 -10301.699824750423 
12634.0 -13756.399765968323 
19594.0 -20731.899647295475 
6003.0 -7613.499870479107 
30885.0 -27293.399535655975 
