0.0 -0.0 
33668.0 -27324.199535131454 
33668.0 -27324.199535131454 
0.0 -0.0 
3573.0 -5105.899913132191 
346.0 -2063.499964892864 
1283.0 -2095.6999643445015 
15099.0 -16189.099724590778 
9250.0 -11020.59981250763 
2707.0 -4149.399929404259 
59.0 -1049.5999821424484 
1755.0 -3112.3999470472336 
1917.0 -3917.699933350086 
15195.0 -16906.599712371826 
24656.0 -24771.39957857132 
55.0 -1020.1999826431274 
1297.0 -3057.799947977066 
18150.0 -19234.29967278242 
3784.0 -5906.29989951849 
2869.0 -4954.699915707111 
14501.0 -15979.499728143215 
22956.0 -23045.299607932568 
14139.0 -15195.199741482735 
20782.0 -21418.199635624886 
18595.0 -20007.099659621716 
28120.0 -26903.499542295933 
23266.0 -23479.599600553513 
30228.0 -27223.39953684807 
15453.0 -17016.49971050024 
13278.0 -14823.499747812748 
13240.0 -14180.59975874424 
21788.0 -22387.29961913824 
16626.0 -18043.69969302416 
9830.0 -11082.899811446667 
14230.0 -15860.499730169773 
10249.0 -11745.399800181389 
20814.0 -21714.299630582333 
8367.0 -9982.899830162525 
7059.0 -8679.199852347374 
9076.0 -10301.699824750423 
11635.0 -13031.599778294563 
18440.0 -19640.299665868282 
635.0 -2090.099964439869 
20347.0 -21111.99964082241 
16930.0 -18251.899689495564 
24298.0 -24117.599589705467 
23556.0 -23885.599593639374 
6763.0 -8172.099860966206 
25656.0 -25113.299572765827 
19815.0 -20989.499642908573 
6060.0 -7954.3998646736145 
31671.0 -27312.29953533411 
7727.0 -9062.799845814705 
5498.0 -6913.899882376194 
23008.0 -23369.6996024251 
29833.0 -27193.999537348747 
27439.0 -26435.899550259113 
25311.0 -24977.899575054646 
29237.0 -27016.199540376663 
29497.0 -27132.39953839779 
31397.0 -27299.699535548687 
21346.0 -21836.79962849617 
5032.0 -6904.799882531166 
10203.0 -11340.099807083607 
8100.0 -9319.999841451645 
11368.0 -12368.699789583683 
12443.0 -13400.799772024155 
19562.0 -20435.799652338028 
26369.0 -25876.999559760094 
2286.0 -4136.099929630756 
10415.0 -12049.199795007706 
27336.0 -26016.999557375908 
12966.0 -14167.999758958817 
13648.0 -14829.09974771738 
16221.0 -17933.099694907665 
19189.0 -20178.599656701088 
12634.0 -13756.399765968323 
24633.0 -24415.79958462715 
28094.0 -26642.39954674244 
26018.0 -25435.99956727028 
25688.0 -25409.399567723274 
28851.0 -26994.499540746212 
22336.0 -22903.199610352516 
4783.0 -6631.099887192249 
32243.0 -27320.69953519106 
16051.0 -17226.099706947803 
5741.0 -7223.599877119064 
11414.0 -12773.999782681465 
8146.0 -9725.299834549427 
13734.0 -15084.599743366241 
32390.0 -27321.39953517914 
32948.0 -27322.799535155296 
24330.0 -24413.699584662914 
12634.0 -13756.399765968323 
6977.0 -8286.499859035015 
26726.0 -25942.799558639526 
10995.0 -12111.499793946743 
7856.0 -9319.299841463566 
9959.0 -11339.399807095528 
11124.0 -12367.999789595604 
4307.0 -5981.19989824295 
4493.0 -6225.099894106388 
20247.0 -21077.699641406536 
6003.0 -7613.499870479107 
30885.0 -27293.399535655975 
8881.0 -9996.199829936028 
5741.0 -7223.599877119064 
23974.0 -23934.59959280491 
7147.0 -9000.499846875668 
2191.0 -3930.2999331355095 
12344.0 -13350.399772882462 
12046.0 -13090.399777293205 
4783.0 -6631.099887192249 
17188.0 -18361.799687623978 
22046.0 -22497.199617266655 
22078.0 -22793.299612224102 
27758.0 -26580.79954779148 
27357.0 -26065.599556565285 
12193.0 -13091.099777281284 
4120.0 -5967.899898469448 
18568.0 -19705.399664759636 
25311.0 -24977.899575054646 
30885.0 -27293.399535655975 
21467.0 -22060.099624693394 
4493.0 -6225.099894106388 
19594.0 -20731.899647295475 
33095.0 -27323.499535143375 
17588.0 -18916.199678182602 
3016.0 -4955.39991569519 
26050.0 -25732.099562227726 
17220.0 -18657.899682581425 
15978.0 -17214.89970713854 
17441.0 -18915.499678194523 
17367.0 -18658.599682569504 
19780.0 -20732.599647283554 
6003.0 -7613.499870479107 
6396.0 -8015.999863624573 
16194.0 -17631.399700045586 
1445.0 -3101.1999472379684 
17817.0 -19071.599675536156 
21467.0 -22060.099624693394 
16194.0 -17631.399700045586 
28851.0 -26994.499540746212 
26197.0 -25732.799562215805 
27713.0 -26448.499550044537 
9076.0 -10301.699824750423 
26726.0 -25942.799558639526 
6396.0 -8015.999863624573 
19304.0 -20325.899654209614 
22336.0 -22903.199610352516 
