0.0 -0.0 
34698.0 -27406.799533724785 
34698.0 -27406.799533724785 
0.0 -0.0 
346.0 -2063.499964892864 
3573.0 -5105.899913132191 
1755.0 -3112.3999470472336 
2869.0 -4954.699915707111 
2707.0 -4149.399929404259 
59.0 -1049.5999821424484 
9076.0 -10301.699824750423 
15195.0 -16906.599712371826 
1283.0 -2095.6999643445015 
55.0 -1020.1999826431274 
12443.0 -13400.799772024155 
3784.0 -5906.29989951849 
14230.0 -15860.499730169773 
1297.0 -3057.799947977066 
11971.0 -13093.199777245522 
31129.0 -27294.099535644054 
26369.0 -25876.999559760094 
16723.0 -18043.69969302416 
14139.0 -15195.199741482735 
9250.0 -11020.59981250763 
1917.0 -3917.699933350086 
7147.0 -9000.499846875668 
15099.0 -16189.099724590778 
13278.0 -14823.499747812748 
10751.0 -12110.799793958664 
7727.0 -9062.799845814705 
9586.0 -11082.199811458588 
10249.0 -11745.399800181389 
20782.0 -21418.199635624886 
20814.0 -21714.299630582333 
18388.0 -19286.79967188835 
13240.0 -14180.59975874424 
11414.0 -12773.999782681465 
7059.0 -8679.199852347374 
24975.0 -24916.299576103687 
25688.0 -25409.399567723274 
27862.0 -26793.59954416752 
27407.0 -26139.799555301666 
24298.0 -24117.599589705467 
18061.0 -19072.299675524235 
8285.0 -9974.499830305576 
8146.0 -9725.299834549427 
5032.0 -6904.799882531166 
32442.0 -27389.999534010887 
31700.0 -27301.799535512924 
33526.0 -27404.699533760548 
6396.0 -8015.999863624573 
1066.0 -2080.299964606762 
11124.0 -12367.999789595604 
10415.0 -12049.199795007706 
6977.0 -8286.499859035015 
2286.0 -4136.099929630756 
6763.0 -8172.099860966206 
13734.0 -15084.599743366241 
27500.0 -26470.899549663067 
3290.0 -4967.999915480614 
30072.0 -27214.99953699112 
24692.0 -24770.69957858324 
16221.0 -17933.099694907665 
17124.0 -18207.799690246582 
21788.0 -22387.29961913824 
27062.0 -26004.399557590485 
23008.0 -23369.6996024251 
22956.0 -23045.299607932568 
32021.0 -27376.699534237385 
15592.0 -16948.59971165657 
18595.0 -20007.099659621716 
16194.0 -17631.399700045586 
28359.0 -26924.499541938305 
18853.0 -20116.99965775013 
26007.0 -25554.299565255642 
16162.0 -17335.29970508814 
8100.0 -9319.999841451645 
24330.0 -24413.699584662914 
11393.0 -12374.299789488316 
22046.0 -22497.199617266655 
22078.0 -22793.299612224102 
10203.0 -11340.099807083607 
17220.0 -18657.899682581425 
23298.0 -23775.69959551096 
23266.0 -23479.599600553513 
22698.0 -22935.399609804153 
19815.0 -20989.499642908573 
13614.0 -14885.099746763706 
5368.0 -6966.399881482124 
29736.0 -27153.39953804016 
27758.0 -26580.79954779148 
6060.0 -7954.3998646736145 
4783.0 -6631.099887192249 
25606.0 -25039.099574029446 
12477.0 -13789.29976540804 
12708.0 -14058.099760830402 
21706.0 -22081.099624335766 
17478.0 -18767.79968070984 
33004.0 -27396.999533891678 
8848.0 -9975.899830281734 
4493.0 -6225.099894106388 
5709.0 -6986.699881136417 
7856.0 -9319.299841463566 
28695.0 -26986.099540889263 
6003.0 -7613.499870479107 
18440.0 -19640.299665868282 
14566.0 -15922.099729120731 
30504.0 -27249.299536406994 
29513.0 -27044.199539899826 
17188.0 -18361.799687623978 
21467.0 -22060.099624693394 
15850.0 -17058.499709784985 
11635.0 -13031.599778294563 
20409.0 -21160.999639987946 
2064.0 -3918.3999333381653 
17699.0 -19025.399676322937 
8899.0 -10052.899828970432 
4783.0 -6631.099887192249 
19562.0 -20435.799652338028 
25506.0 -24960.39957535267 
34125.0 -27406.099533736706 
4493.0 -6225.099894106388 
29090.0 -27015.499540388584 
34125.0 -27406.099533736706 
12696.0 -13792.099765360355 
24588.0 -24523.59958279133 
9959.0 -11339.399807095528 
5741.0 -7223.599877119064 
21209.0 -21950.19962656498 
19594.0 -20731.899647295475 
23892.0 -23947.199592590332 
6003.0 -7613.499870479107 
19741.0 -20732.599647283554 
17559.0 -18961.69967740774 
21209.0 -21950.19962656498 
33151.0 -27397.699533879757 
1298.0 -3100.4999472498894 
5741.0 -7223.599877119064 
18558.0 -19686.4996650815 
19189.0 -20178.599656701088 
27062.0 -26004.399557590485 
22336.0 -22903.199610352516 
4307.0 -5981.19989824295 
30504.0 -27249.299536406994 
14952.0 -16188.3997246027 
23892.0 -23947.199592590332 
23556.0 -23885.599593639374 
20073.0 -21099.399641036987 
15904.0 -17225.399706959724 
26111.0 -25767.09956163168 
