0.0 -0.0 
34698.0 -27406.799533724785 
0.0 -0.0 
34698.0 -27406.799533724785 
1283.0 -2095.6999643445015 
3784.0 -5906.29989951849 
1917.0 -3917.699933350086 
3573.0 -5105.899913132191 
2707.0 -4149.399929404259 
59.0 -1049.5999821424484 
346.0 -2063.499964892864 
1755.0 -3112.3999470472336 
2869.0 -4954.699915707111 
1297.0 -3057.799947977066 
15195.0 -16906.599712371826 
14230.0 -15860.499730169773 
18388.0 -19286.79967188835 
55.0 -1020.1999826431274 
30157.0 -27166.699537813663 
12288.0 -13143.599776387215 
13278.0 -14823.499747812748 
32711.0 -27396.2995339036 
14139.0 -15195.199741482735 
9250.0 -11020.59981250763 
15099.0 -16189.099724590778 
5368.0 -6966.399881482124 
32290.0 -27382.999534130096 
8881.0 -9996.199829936028 
16815.0 -18104.599691987038 
17188.0 -18361.799687623978 
9076.0 -10301.699824750423 
16162.0 -17335.29970508814 
11414.0 -12773.999782681465 
7059.0 -8679.199852347374 
13240.0 -14180.59975874424 
18595.0 -20007.099659621716 
16221.0 -17933.099694907665 
25656.0 -25113.299572765827 
5004.0 -6888.699882805347 
26726.0 -25942.799558639526 
11635.0 -13031.599778294563 
6396.0 -8015.999863624573 
12708.0 -14058.099760830402 
19594.0 -20731.899647295475 
19815.0 -20989.499642908573 
9959.0 -11339.399807095528 
26455.0 -25842.69956034422 
6977.0 -8286.499859035015 
6763.0 -8172.099860966206 
26050.0 -25732.099562227726 
27862.0 -26793.59954416752 
13734.0 -15084.599743366241 
7147.0 -9000.499846875668 
6060.0 -7954.3998646736145 
3290.0 -4967.999915480614 
16108.0 -17158.59970808029 
27500.0 -26470.899549663067 
23008.0 -23369.6996024251 
5741.0 -7223.599877119064 
28423.0 -26905.59954226017 
22967.0 -23025.999608278275 
30631.0 -27256.299536287785 
30888.0 -27257.699536263943 
8367.0 -9982.899830162525 
10415.0 -12049.199795007706 
4307.0 -5981.19989824295 
19562.0 -20435.799652338028 
21788.0 -22387.29961913824 
33526.0 -27404.699533760548 
18853.0 -20116.99965775013 
16479.0 -18042.99969303608 
24914.0 -24881.299576699734 
23556.0 -23885.599593639374 
29497.0 -27132.39953839779 
22046.0 -22497.199617266655 
23298.0 -23775.69959551096 
8100.0 -9319.999841451645 
20782.0 -21418.199635624886 
11393.0 -12374.299789488316 
23266.0 -23479.599600553513 
24298.0 -24117.599589705467 
25688.0 -25409.399567723274 
10203.0 -11340.099807083607 
20814.0 -21714.299630582333 
24330.0 -24413.699584662914 
11124.0 -12367.999789595604 
15453.0 -17016.49971050024 
13614.0 -14885.099746763706 
27325.0 -25944.199558615685 
22722.0 -22924.899609982967 
17827.0 -19090.49967521429 
24588.0 -24523.59958279133 
25946.0 -25519.29956585169 
4783.0 -6631.099887192249 
8146.0 -9725.299834549427 
34125.0 -27406.099533736706 
31626.0 -27347.299534738064 
14501.0 -15979.499728143215 
4493.0 -6225.099894106388 
20524.0 -21308.29963749647 
7856.0 -9319.299841463566 
7727.0 -9062.799845814705 
2286.0 -4136.099929630756 
21072.0 -21824.199628710747 
6003.0 -7613.499870479107 
19189.0 -20178.599656701088 
13191.0 -14081.199760437012 
635.0 -2090.099964439869 
10249.0 -11745.399800181389 
29436.0 -27097.399538993835 
22336.0 -22903.199610352516 
9586.0 -11082.199811458588 
28980.0 -27014.799540400505 
7483.0 -9062.099845826626 
27439.0 -26435.899550259113 
23942.0 -23907.299593269825 
20459.0 -21121.09964066744 
24040.0 -24007.699591577053 
25309.0 -24910.699576199055 
4783.0 -6631.099887192249 
17588.0 -18916.199678182602 
12443.0 -13400.799772024155 
18440.0 -19640.299665868282 
33978.0 -27405.399533748627 
4493.0 -6225.099894106388 
28980.0 -27014.799540400505 
5741.0 -7223.599877119064 
10868.0 -12061.799794793129 
19458.0 -20184.8996565938 
31412.0 -27307.399535417557 
14837.0 -16041.099727094173 
12634.0 -13756.399765968323 
24656.0 -24771.39957857132 
9076.0 -10301.699824750423 
22078.0 -22793.299612224102 
17220.0 -18657.899682581425 
6003.0 -7613.499870479107 
17441.0 -18915.499678194523 
17367.0 -18658.599682569504 
21770.0 -22062.19962465763 
1445.0 -3101.1999472379684 
20073.0 -21099.399641036987 
12634.0 -13756.399765968323 
12443.0 -13400.799772024155 
18440.0 -19640.299665868282 
27357.0 -26065.599556565285 
17827.0 -19090.49967521429 
33526.0 -27404.699533760548 
9586.0 -11082.199811458588 
21209.0 -21950.19962656498 
