0.0 -0.0 
34698.0 -27406.799533724785 
34698.0 -27406.799533724785 
0.0 -0.0 
1283.0 -2095.6999643445015 
3784.0 -5906.29989951849 
3573.0 -5105.899913132191 
2707.0 -4149.399929404259 
59.0 -1049.5999821424484 
346.0 -2063.499964892864 
1755.0 -3112.3999470472336 
1917.0 -3917.699933350086 
2869.0 -4954.699915707111 
32428.0 -27382.999534130096 
55.0 -1020.1999826431274 
27305.0 -26053.69955676794 
1297.0 -3057.799947977066 
9250.0 -11020.59981250763 
22956.0 -23045.299607932568 
14139.0 -15195.199741482735 
15195.0 -16906.599712371826 
14230.0 -15860.499730169773 
31681.0 -27313.69953531027 
16221.0 -17933.099694907665 
16162.0 -17335.29970508814 
26111.0 -25767.09956163168 
22336.0 -22903.199610352516 
11635.0 -13031.599778294563 
15099.0 -16189.099724590778 
7147.0 -9000.499846875668 
13278.0 -14823.499747812748 
27439.0 -26435.899550259113 
17817.0 -19071.599675536156 
5340.0 -6950.299881756306 
7727.0 -9062.799845814705 
4307.0 -5981.19989824295 
9616.0 -11077.999811530113 
10249.0 -11745.399800181389 
8146.0 -9725.299834549427 
15904.0 -17225.399706959724 
11414.0 -12773.999782681465 
7059.0 -8679.199852347374 
13240.0 -14180.59975874424 
28851.0 -26994.499540746212 
9076.0 -10301.699824750423 
33014.0 -27398.399533867836 
635.0 -2090.099964439869 
5032.0 -6904.799882531166 
19594.0 -20731.899647295475 
28389.0 -26909.799542188644 
19815.0 -20989.499642908573 
6977.0 -8286.499859035015 
6763.0 -8172.099860966206 
13734.0 -15084.599743366241 
30467.0 -27244.39953649044 
6060.0 -7954.3998646736145 
3290.0 -4967.999915480614 
5741.0 -7223.599877119064 
25506.0 -24960.39957535267 
12210.0 -13079.89977747202 
27758.0 -26580.79954779148 
29269.0 -27043.499539911747 
21706.0 -22081.099624335766 
23008.0 -23369.6996024251 
8367.0 -9982.899830162525 
25717.0 -25148.29957216978 
18268.0 -19280.49967199564 
18595.0 -20007.099659621716 
17188.0 -18361.799687623978 
11020.0 -12117.099793851376 
17559.0 -18961.69967740774 
31306.0 -27306.699535429478 
23556.0 -23885.599593639374 
16479.0 -18042.99969303608 
20409.0 -21160.999639987946 
23266.0 -23479.599600553513 
24298.0 -24117.599589705467 
25749.0 -25444.399567127228 
22078.0 -22793.299612224102 
23298.0 -23775.69959551096 
24330.0 -24413.699584662914 
10203.0 -11340.099807083607 
11393.0 -12374.299789488316 
8940.0 -10036.799829244614 
30072.0 -27214.99953699112 
26726.0 -25942.799558639526 
13614.0 -14885.099746763706 
12708.0 -14058.099760830402 
26007.0 -25554.299565255642 
4783.0 -6631.099887192249 
8100.0 -9319.999841451645 
26726.0 -25942.799558639526 
12477.0 -13789.29976540804 
20814.0 -21714.299630582333 
17494.0 -18670.499682366848 
4493.0 -6225.099894106388 
11124.0 -12367.999789595604 
20634.0 -21295.699637711048 
17220.0 -18657.899682581425 
6003.0 -7613.499870479107 
10684.0 -12055.499794900417 
12443.0 -13400.799772024155 
13152.0 -14081.199760437012 
2286.0 -4136.099929630756 
33526.0 -27404.699533760548 
16815.0 -18104.599691987038 
18440.0 -19640.299665868282 
15531.0 -16968.199711322784 
24950.0 -24846.29957729578 
22046.0 -22497.199617266655 
21478.0 -21952.999626517296 
14762.0 -15982.99972808361 
10415.0 -12049.199795007706 
29644.0 -27050.499539792538 
2191.0 -3930.2999331355095 
8668.0 -9989.199830055237 
23947.0 -23906.599593281746 
4783.0 -6631.099887192249 
29883.0 -27071.49953943491 
19562.0 -20435.799652338028 
18388.0 -19286.79967188835 
18558.0 -19686.4996650815 
24040.0 -24007.699591577053 
21788.0 -22387.29961913824 
5741.0 -7223.599877119064 
34125.0 -27406.099533736706 
34099.0 -27405.399533748627 
4493.0 -6225.099894106388 
14939.0 -16179.299724757671 
19304.0 -20325.899654209614 
18853.0 -20116.99965775013 
9959.0 -11339.399807095528 
12696.0 -13792.099765360355 
7856.0 -9319.299841463566 
6003.0 -7613.499870479107 
21105.0 -21737.399630188942 
17054.0 -18125.59969162941 
6396.0 -8015.999863624573 
24588.0 -24523.59958279133 
24692.0 -24736.399579167366 
1298.0 -3100.4999472498894 
20782.0 -21418.199635624886 
18853.0 -20116.99965775013 
19304.0 -20325.899654209614 
33420.0 -27403.99953377247 
9076.0 -10301.699824750423 
30885.0 -27293.399535655975 
12304.0 -13200.29977542162 
20073.0 -21099.399641036987 
25122.0 -24916.999576091766 
