0.0 -0.0 
34698.0 -27406.799533724785 
34698.0 -27406.799533724785 
0.0 -0.0 
2707.0 -4149.399929404259 
9076.0 -10301.699824750423 
1283.0 -2095.6999643445015 
15099.0 -16189.099724590778 
3784.0 -5906.29989951849 
9250.0 -11020.59981250763 
346.0 -2063.499964892864 
59.0 -1049.5999821424484 
3573.0 -5105.899913132191 
13240.0 -14180.59975874424 
1755.0 -3112.3999470472336 
14139.0 -15195.199741482735 
1917.0 -3917.699933350086 
1297.0 -3057.799947977066 
55.0 -1020.1999826431274 
14230.0 -15860.499730169773 
14501.0 -15979.499728143215 
16162.0 -17335.29970508814 
16221.0 -17933.099694907665 
12443.0 -13400.799772024155 
30136.0 -27207.99953711033 
27357.0 -26065.599556565285 
2869.0 -4954.699915707111 
15195.0 -16906.599712371826 
13278.0 -14823.499747812748 
24717.0 -24806.399577975273 
12708.0 -14058.099760830402 
29634.0 -27051.899539768696 
7727.0 -9062.799845814705 
9830.0 -11082.899811446667 
4307.0 -5981.19989824295 
10249.0 -11745.399800181389 
8146.0 -9725.299834549427 
25688.0 -25409.399567723274 
7059.0 -8679.199852347374 
26050.0 -25732.099562227726 
27862.0 -26793.59954416752 
25214.0 -24937.29957574606 
20556.0 -21121.09964066744 
11635.0 -13031.599778294563 
20762.0 -21360.7996366024 
7147.0 -9000.499846875668 
6396.0 -8015.999863624573 
26904.0 -25928.799558877945 
5004.0 -6888.699882805347 
32593.0 -27385.099534094334 
19594.0 -20731.899647295475 
17220.0 -18657.899682581425 
28456.0 -26965.09954124689 
27439.0 -26435.899550259113 
17441.0 -18915.499678194523 
19815.0 -20989.499642908573 
6977.0 -8286.499859035015 
34125.0 -27406.099533736706 
6763.0 -8172.099860966206 
20073.0 -21099.399641036987 
6060.0 -7954.3998646736145 
3016.0 -4955.39991569519 
31497.0 -27326.99953508377 
21788.0 -22387.29961913824 
5741.0 -7223.599877119064 
18150.0 -19234.29967278242 
29090.0 -27015.499540388584 
20814.0 -21714.299630582333 
10995.0 -12111.499793946743 
10415.0 -12049.199795007706 
33223.0 -27402.59953379631 
28298.0 -26889.49954253435 
18853.0 -20116.99965775013 
12270.0 -13093.199777245522 
16479.0 -18042.99969303608 
18425.0 -19300.099671661854 
22046.0 -22497.199617266655 
11393.0 -12374.299789488316 
10203.0 -11340.099807083607 
19562.0 -20435.799652338028 
8100.0 -9319.999841451645 
17188.0 -18361.799687623978 
23298.0 -23775.69959551096 
8367.0 -9982.899830162525 
13614.0 -14885.099746763706 
23974.0 -23934.59959280491 
25946.0 -25519.29956585169 
5368.0 -6966.399881482124 
24588.0 -24523.59958279133 
21706.0 -22081.099624335766 
4783.0 -6631.099887192249 
32021.0 -27376.699534237385 
11124.0 -12367.999789595604 
11414.0 -12773.999782681465 
16875.0 -18053.499692857265 
17827.0 -19090.49967521429 
19189.0 -20178.599656701088 
15727.0 -17029.099710285664 
25459.0 -25038.399574041367 
12088.0 -13044.199778079987 
16930.0 -18251.899689495564 
4493.0 -6225.099894106388 
7856.0 -9319.299841463566 
6003.0 -7613.499870479107 
635.0 -2090.099964439869 
10684.0 -12055.499794900417 
13734.0 -15084.599743366241 
24298.0 -24117.599589705467 
18440.0 -19640.299665868282 
23008.0 -23369.6996024251 
32954.0 -27396.2995339036 
22820.0 -23025.299608290195 
8611.0 -9983.599830150604 
18595.0 -20007.099659621716 
22483.0 -22903.899610340595 
22078.0 -22793.299612224102 
22956.0 -23045.299607932568 
18568.0 -19705.399664759636 
4783.0 -6631.099887192249 
23266.0 -23479.599600553513 
17699.0 -19025.399676322937 
4493.0 -6225.099894106388 
30660.0 -27257.699536263943 
5741.0 -7223.599877119064 
30599.0 -27222.69953685999 
31918.0 -27340.299534857273 
12634.0 -13756.399765968323 
27697.0 -26545.799548387527 
9959.0 -11339.399807095528 
23556.0 -23885.599593639374 
24187.0 -24008.399591565132 
24330.0 -24413.699584662914 
2191.0 -3930.2999331355095 
6003.0 -7613.499870479107 
33770.0 -27405.399533748627 
22336.0 -22903.199610352516 
26547.0 -25862.999559998512 
21209.0 -21950.19962656498 
2191.0 -3930.2999331355095 
1445.0 -3101.1999472379684 
12634.0 -13756.399765968323 
15904.0 -17225.399706959724 
31102.0 -27297.59953558445 
8611.0 -9983.599830150604 
5340.0 -6950.299881756306 
31102.0 -27297.59953558445 
19304.0 -20325.899654209614 
26608.0 -25897.999559402466 
21209.0 -21950.19962656498 
15453.0 -17016.49971050024 
