0.0 -0.0 
34698.0 -27406.799533724785 
0.0 -0.0 
34698.0 -27406.799533724785 
3573.0 -5105.899913132191 
346.0 -2063.499964892864 
1283.0 -2095.6999643445015 
2869.0 -4954.699915707111 
1755.0 -3112.3999470472336 
15195.0 -16906.599712371826 
1297.0 -3057.799947977066 
3784.0 -5906.29989951849 
9250.0 -11020.59981250763 
2707.0 -4149.399929404259 
1917.0 -3917.699933350086 
14230.0 -15860.499730169773 
11635.0 -13031.599778294563 
55.0 -1020.1999826431274 
27862.0 -26793.59954416752 
59.0 -1049.5999821424484 
12288.0 -13143.599776387215 
13278.0 -14823.499747812748 
6003.0 -7613.499870479107 
16221.0 -17933.099694907665 
16162.0 -17335.29970508814 
22078.0 -22793.299612224102 
25688.0 -25409.399567723274 
7147.0 -9000.499846875668 
15099.0 -16189.099724590778 
13240.0 -14180.59975874424 
14501.0 -15979.499728143215 
21706.0 -22081.099624335766 
10249.0 -11745.399800181389 
8146.0 -9725.299834549427 
20814.0 -21714.299630582333 
2286.0 -4136.099929630756 
14139.0 -15195.199741482735 
11414.0 -12773.999782681465 
9076.0 -10301.699824750423 
25656.0 -25113.299572765827 
23942.0 -23907.299593269825 
24298.0 -24117.599589705467 
5004.0 -6888.699882805347 
27357.0 -26065.599556565285 
19815.0 -20989.499642908573 
12443.0 -13400.799772024155 
6396.0 -8015.999863624573 
635.0 -2090.099964439869 
10415.0 -12049.199795007706 
17441.0 -18915.499678194523 
19594.0 -20731.899647295475 
17220.0 -18657.899682581425 
29980.0 -27199.59953725338 
27439.0 -26435.899550259113 
32336.0 -27389.299534022808 
6920.0 -8065.699862778187 
6977.0 -8286.499859035015 
7727.0 -9062.799845814705 
32867.0 -27397.699533879757 
8367.0 -9982.899830162525 
27034.0 -25959.599558353424 
8934.0 -10045.899829089642 
26665.0 -25907.799559235573 
23008.0 -23369.6996024251 
29483.0 -27068.699539482594 
5741.0 -7223.599877119064 
14952.0 -16188.3997246027 
26308.0 -25841.99956035614 
16557.0 -17994.699693858624 
23556.0 -23885.599593639374 
18595.0 -20007.099659621716 
23266.0 -23479.599600553513 
17188.0 -18361.799687623978 
19562.0 -20435.799652338028 
24330.0 -24413.699584662914 
20782.0 -21418.199635624886 
11393.0 -12374.299789488316 
18440.0 -19640.299665868282 
18278.0 -19299.399671673775 
21209.0 -21950.19962656498 
13614.0 -14885.099746763706 
15727.0 -17029.099710285664 
13734.0 -15084.599743366241 
6060.0 -7954.3998646736145 
8100.0 -9319.999841451645 
10203.0 -11340.099807083607 
12477.0 -13789.29976540804 
12708.0 -14058.099760830402 
31771.0 -27339.599534869194 
4783.0 -6631.099887192249 
20142.0 -21095.199641108513 
29125.0 -27007.099540531635 
28851.0 -26994.499540746212 
17777.0 -18977.09967714548 
25286.0 -24907.89957624674 
9959.0 -11339.399807095528 
4493.0 -6225.099894106388 
30649.0 -27241.599536538124 
20524.0 -21308.29963749647 
16815.0 -18104.599691987038 
7856.0 -9319.299841463566 
4307.0 -5981.19989824295 
18011.0 -19027.499676287174 
5368.0 -6966.399881482124 
12966.0 -14167.999758958817 
21788.0 -22387.29961913824 
24656.0 -24771.39957857132 
26050.0 -25732.099562227726 
29878.0 -27098.099538981915 
10751.0 -12110.799793958664 
33526.0 -27404.699533760548 
9959.0 -11339.399807095528 
23298.0 -23775.69959551096 
28456.0 -26965.09954124689 
22967.0 -23025.999608278275 
22336.0 -22903.199610352516 
18568.0 -19705.399664759636 
4120.0 -5967.899898469448 
4783.0 -6631.099887192249 
28456.0 -26965.09954124689 
18150.0 -19234.29967278242 
33526.0 -27404.699533760548 
34125.0 -27406.099533736706 
4493.0 -6225.099894106388 
21788.0 -22387.29961913824 
11124.0 -12367.999789595604 
19304.0 -20325.899654209614 
18853.0 -20116.99965775013 
5741.0 -7223.599877119064 
31161.0 -27265.399536132812 
7059.0 -8679.199852347374 
9250.0 -11020.59981250763 
34125.0 -27406.099533736706 
24588.0 -24523.59958279133 
27697.0 -26545.799548387527 
12696.0 -13792.099765360355 
30649.0 -27241.599536538124 
21209.0 -21950.19962656498 
31161.0 -27265.399536132812 
32639.0 -27391.399533987045 
31679.0 -27324.199535131454 
18853.0 -20116.99965775013 
19304.0 -20325.899654209614 
15904.0 -17225.399706959724 
26050.0 -25732.099562227726 
9076.0 -10301.699824750423 
7059.0 -8679.199852347374 
22820.0 -23025.299608290195 
5368.0 -6966.399881482124 
24930.0 -24783.999578356743 
