34698.0 -27406.799533724785 
0.0 -0.0 
34698.0 -27406.799533724785 
0.0 -0.0 
3573.0 -5105.899913132191 
346.0 -2063.499964892864 
1283.0 -2095.6999643445015 
1755.0 -3112.3999470472336 
14230.0 -15860.499730169773 
2707.0 -4149.399929404259 
15195.0 -16906.599712371826 
55.0 -1020.1999826431274 
15099.0 -16189.099724590778 
3784.0 -5906.29989951849 
2869.0 -4954.699915707111 
9250.0 -11020.59981250763 
13278.0 -14823.499747812748 
1917.0 -3917.699933350086 
59.0 -1049.5999821424484 
1297.0 -3057.799947977066 
6003.0 -7613.499870479107 
16162.0 -17335.29970508814 
30010.0 -27184.89953750372 
9076.0 -10301.699824750423 
7147.0 -9000.499846875668 
7727.0 -9062.799845814705 
15453.0 -17016.49971050024 
6396.0 -8015.999863624573 
5556.0 -6954.49988168478 
11020.0 -12117.099793851376 
8146.0 -9725.299834549427 
26111.0 -25767.09956163168 
13240.0 -14180.59975874424 
20524.0 -21308.29963749647 
28419.0 -26903.499542295933 
28725.0 -26971.399541139603 
14139.0 -15195.199741482735 
11414.0 -12773.999782681465 
7059.0 -8679.199852347374 
32999.0 -27390.699533998966 
24040.0 -24007.699591577053 
16221.0 -17933.099694907665 
8367.0 -9982.899830162525 
12288.0 -13143.599776387215 
27149.0 -26029.899557173252 
10415.0 -12049.199795007706 
635.0 -2090.099964439869 
16930.0 -18251.899689495564 
17220.0 -18657.899682581425 
17441.0 -18915.499678194523 
25398.0 -25003.399574637413 
24975.0 -24916.299576103687 
18408.0 -19344.199670910835 
6769.0 -8273.199859261513 
31823.0 -27315.099535286427 
25688.0 -25409.399567723274 
6060.0 -7954.3998646736145 
24588.0 -24523.59958279133 
26007.0 -25554.299565255642 
27697.0 -26545.799548387527 
27862.0 -26793.59954416752 
9830.0 -11082.899811446667 
29766.0 -27065.1995395422 
19562.0 -20435.799652338028 
23008.0 -23369.6996024251 
32514.0 -27377.399534225464 
21788.0 -22387.29961913824 
22956.0 -23045.299607932568 
11635.0 -13031.599778294563 
18223.0 -19079.599675416946 
16739.0 -17946.399694681168 
19815.0 -20989.499642908573 
18853.0 -20116.99965775013 
18595.0 -20007.099659621716 
22046.0 -22497.199617266655 
23266.0 -23479.599600553513 
24330.0 -24413.699584662914 
8100.0 -9319.999841451645 
24298.0 -24117.599589705467 
11393.0 -12374.299789488316 
22078.0 -22793.299612224102 
20782.0 -21418.199635624886 
25656.0 -25113.299572765827 
23298.0 -23775.69959551096 
6977.0 -8286.499859035015 
17188.0 -18361.799687623978 
10203.0 -11340.099807083607 
22727.0 -22924.19960999489 
11904.0 -13037.899778187275 
2286.0 -4136.099929630756 
12708.0 -14058.099760830402 
13610.0 -14929.899746000767 
30736.0 -27250.699536383152 
27439.0 -26435.899550259113 
20814.0 -21714.299630582333 
29392.0 -26991.699540793896 
12477.0 -13789.29976540804 
21736.0 -22066.399624586105 
4783.0 -6631.099887192249 
13734.0 -15084.599743366241 
26665.0 -25907.799559235573 
4493.0 -6225.099894106388 
11124.0 -12367.999789595604 
9959.0 -11339.399807095528 
7856.0 -9319.299841463566 
4307.0 -5981.19989824295 
19433.0 -20179.299656689167 
30736.0 -27250.699536383152 
17699.0 -19025.399676322937 
13072.0 -14116.899759829044 
10249.0 -11745.399800181389 
5741.0 -7223.599877119064 
21549.0 -21985.199625968933 
26665.0 -25907.799559235573 
14844.0 -15938.899728834629 
20151.0 -21051.09964185953 
19189.0 -20178.599656701088 
9494.0 -11021.299812495708 
12443.0 -13400.799772024155 
2191.0 -3930.2999331355095 
21209.0 -21950.19962656498 
5032.0 -6904.799882531166 
31346.0 -27298.29953557253 
23556.0 -23885.599593639374 
18568.0 -19705.399664759636 
4120.0 -5967.899898469448 
18440.0 -19640.299665868282 
4783.0 -6631.099887192249 
24717.0 -24806.399577975273 
5741.0 -7223.599877119064 
34125.0 -27406.099533736706 
34099.0 -27405.399533748627 
4493.0 -6225.099894106388 
5004.0 -6888.699882805347 
17973.0 -19037.99967610836 
33526.0 -27404.699533760548 
15904.0 -17225.399706959724 
8994.0 -10293.299824893475 
15000.0 -15976.699728190899 
12696.0 -13792.099765360355 
3016.0 -4955.39991569519 
19594.0 -20731.899647295475 
19741.0 -20732.599647283554 
13992.0 -15194.499741494656 
8881.0 -9996.199829936028 
31346.0 -27298.29953557253 
16495.0 -17945.69969469309 
8833.0 -9991.999830007553 
22336.0 -22903.199610352516 
33526.0 -27404.699533760548 
