0.0 -0.0 
34698.0 -27406.799533724785 
34698.0 -27406.799533724785 
0.0 -0.0 
9250.0 -11020.59981250763 
346.0 -2063.499964892864 
1283.0 -2095.6999643445015 
1917.0 -3917.699933350086 
3784.0 -5906.29989951849 
3573.0 -5105.899913132191 
1755.0 -3112.3999470472336 
2707.0 -4149.399929404259 
2869.0 -4954.699915707111 
55.0 -1020.1999826431274 
20782.0 -21418.199635624886 
9959.0 -11339.399807095528 
14230.0 -15860.499730169773 
15099.0 -16189.099724590778 
59.0 -1049.5999821424484 
13278.0 -14823.499747812748 
1297.0 -3057.799947977066 
16221.0 -17933.099694907665 
8899.0 -10052.899828970432 
13734.0 -15084.599743366241 
8285.0 -9974.499830305576 
15195.0 -16906.599712371826 
5478.0 -6922.999882221222 
17441.0 -18915.499678194523 
7147.0 -9000.499846875668 
21736.0 -22062.89962464571 
10888.0 -12051.999794960022 
13240.0 -14180.59975874424 
16162.0 -17335.29970508814 
9076.0 -10301.699824750423 
2286.0 -4136.099929630756 
14139.0 -15195.199741482735 
11414.0 -12773.999782681465 
17827.0 -19090.49967521429 
10415.0 -12049.199795007706 
26821.0 -25931.59955883026 
18595.0 -20007.099659621716 
8146.0 -9725.299834549427 
27357.0 -26065.599556565285 
31871.0 -27315.799535274506 
27801.0 -26758.599544763565 
11635.0 -13031.599778294563 
17220.0 -18657.899682581425 
19594.0 -20731.899647295475 
27439.0 -26435.899550259113 
28881.0 -26986.799540877342 
6977.0 -8286.499859035015 
25438.0 -24930.999575853348 
6763.0 -8172.099860966206 
32686.0 -27390.699533998966 
15453.0 -17016.49971050024 
11124.0 -12367.999789595604 
33467.0 -27403.29953378439 
7727.0 -9062.799845814705 
6060.0 -7954.3998646736145 
18235.0 -19120.59967470169 
3290.0 -4967.999915480614 
24692.0 -24770.69957858324 
19304.0 -20325.899654209614 
18408.0 -19344.199670910835 
22959.0 -23037.599608063698 
25656.0 -25113.299572765827 
15965.0 -17022.799710392952 
29405.0 -27116.99953866005 
30782.0 -27265.399536132812 
23556.0 -23885.599593639374 
24588.0 -24523.59958279133 
19815.0 -20989.499642908573 
22046.0 -22497.199617266655 
25688.0 -25409.399567723274 
17188.0 -18361.799687623978 
23266.0 -23479.599600553513 
10203.0 -11340.099807083607 
8100.0 -9319.999841451645 
11393.0 -12374.299789488316 
24330.0 -24413.699584662914 
24298.0 -24117.599589705467 
22078.0 -22793.299612224102 
5004.0 -6888.699882805347 
21209.0 -21950.19962656498 
14488.0 -15970.399728298187 
33198.0 -27396.999533891678 
22698.0 -22935.399609804153 
16479.0 -18042.99969303608 
27697.0 -26545.799548387527 
26050.0 -25732.099562227726 
25946.0 -25519.29956585169 
28440.0 -26822.29954367876 
4250.0 -5915.399899363518 
5741.0 -7223.599877119064 
30258.0 -27215.6995369792 
12477.0 -13789.29976540804 
11971.0 -13098.799777150154 
4783.0 -6631.099887192249 
16930.0 -18251.899689495564 
28400.0 -26759.999544739723 
19097.0 -20117.69965773821 
16862.0 -18044.399693012238 
26308.0 -25841.99956035614 
7856.0 -9319.299841463566 
21053.0 -21735.299630224705 
6003.0 -7613.499870479107 
12277.0 -13105.099777042866 
29178.0 -26987.49954086542 
12443.0 -13400.799772024155 
12952.0 -14058.799760818481 
635.0 -2090.099964439869 
10249.0 -11745.399800181389 
23008.0 -23369.6996024251 
29800.0 -27146.39953815937 
20220.0 -21100.099641025066 
21788.0 -22387.29961913824 
34099.0 -27405.399533748627 
24975.0 -24916.299576103687 
5741.0 -7223.599877119064 
18853.0 -20116.99965775013 
31412.0 -27307.399535417557 
23947.0 -23906.599593281746 
4454.0 -5981.8998982310295 
19562.0 -20435.799652338028 
23298.0 -23775.69959551096 
26611.0 -25844.099560320377 
4783.0 -6631.099887192249 
20814.0 -21714.299630582333 
34125.0 -27406.099533736706 
4493.0 -6225.099894106388 
12708.0 -14058.099760830402 
16108.0 -17158.59970808029 
30660.0 -27257.699536263943 
7059.0 -8679.199852347374 
12696.0 -13792.099765360355 
20220.0 -21100.099641025066 
4493.0 -6225.099894106388 
6003.0 -7613.499870479107 
30044.0 -27147.09953814745 
20054.0 -21010.499642550945 
13992.0 -15194.499741494656 
12344.0 -13350.399772882462 
6396.0 -8015.999863624573 
18440.0 -19640.299665868282 
1298.0 -3100.4999472498894 
31412.0 -27307.399535417557 
22336.0 -22903.199610352516 
18440.0 -19640.299665868282 
9076.0 -10301.699824750423 
7059.0 -8679.199852347374 
