0.0 -0.0 
34698.0 -27406.799533724785 
34698.0 -27406.799533724785 
0.0 -0.0 
2869.0 -4954.699915707111 
1283.0 -2095.6999643445015 
346.0 -2063.499964892864 
3573.0 -5105.899913132191 
1755.0 -3112.3999470472336 
2707.0 -4149.399929404259 
59.0 -1049.5999821424484 
13240.0 -14180.59975874424 
3784.0 -5906.29989951849 
14139.0 -15195.199741482735 
1917.0 -3917.699933350086 
14230.0 -15860.499730169773 
9250.0 -11020.59981250763 
55.0 -1020.1999826431274 
12298.0 -13156.199776172638 
19815.0 -20989.499642908573 
20683.0 -21173.59963977337 
1297.0 -3057.799947977066 
16221.0 -17933.099694907665 
16162.0 -17335.29970508814 
10415.0 -12049.199795007706 
33349.0 -27392.099533975124 
22820.0 -23025.299608290195 
24588.0 -24523.59958279133 
15195.0 -16906.599712371826 
15099.0 -16189.099724590778 
24950.0 -24846.29957729578 
13278.0 -14823.499747812748 
14501.0 -15979.499728143215 
20814.0 -21714.299630582333 
6396.0 -8015.999863624573 
10995.0 -12111.499793946743 
7483.0 -9062.099845826626 
4250.0 -5915.399899363518 
23298.0 -23775.69959551096 
27388.0 -26050.899556815624 
11414.0 -12773.999782681465 
26111.0 -25767.09956163168 
27697.0 -26545.799548387527 
9076.0 -10301.699824750423 
8367.0 -9982.899830162525 
22496.0 -22842.299611389637 
24239.0 -24055.99959075451 
23008.0 -23369.6996024251 
28874.0 -27014.099540412426 
18408.0 -19344.199670910835 
11635.0 -13031.599778294563 
29344.0 -27081.999539256096 
12443.0 -13400.799772024155 
17569.0 -18980.599677085876 
16930.0 -18251.899689495564 
19594.0 -20731.899647295475 
7856.0 -9319.299841463566 
24330.0 -24413.699584662914 
18127.0 -19091.89967519045 
27500.0 -26470.899549663067 
34125.0 -27406.099533736706 
6769.0 -8273.199859261513 
26635.0 -25816.799560785294 
6060.0 -7954.3998646736145 
13734.0 -15084.599743366241 
22078.0 -22793.299612224102 
25946.0 -25519.29956585169 
9830.0 -11082.899811446667 
14952.0 -16188.3997246027 
32619.0 -27380.89953416586 
18595.0 -20007.099659621716 
30265.0 -27228.29953676462 
21788.0 -22387.29961913824 
15904.0 -17225.399706959724 
29740.0 -27105.799538850784 
23830.0 -23898.199593424797 
12477.0 -13789.29976540804 
18853.0 -20116.99965775013 
25688.0 -25409.399567723274 
10203.0 -11340.099807083607 
19562.0 -20435.799652338028 
8100.0 -9319.999841451645 
17188.0 -18361.799687623978 
23266.0 -23479.599600553513 
11393.0 -12374.299789488316 
6977.0 -8286.499859035015 
22046.0 -22497.199617266655 
33770.0 -27405.399533748627 
2286.0 -4136.099929630756 
5478.0 -6922.999882221222 
21209.0 -21950.19962656498 
4493.0 -6225.099894106388 
12708.0 -14058.099760830402 
25214.0 -24937.29957574606 
28059.0 -26868.49954289198 
7147.0 -9000.499846875668 
21770.0 -22062.19962465763 
4783.0 -6631.099887192249 
8146.0 -9725.299834549427 
11124.0 -12367.999789595604 
31412.0 -27307.399535417557 
27150.0 -25889.599559545517 
30752.0 -27273.099536001682 
15727.0 -17029.099710285664 
19189.0 -20178.599656701088 
21467.0 -22060.099624693394 
17817.0 -19071.599675536156 
25656.0 -25113.299572765827 
9959.0 -11339.399807095528 
21105.0 -21737.399630188942 
6003.0 -7613.499870479107 
15453.0 -17016.49971050024 
31412.0 -27307.399535417557 
4493.0 -6225.099894106388 
635.0 -2090.099964439869 
30096.0 -27131.69953840971 
10249.0 -11745.399800181389 
25459.0 -25038.399574041367 
32051.0 -27361.999534487724 
9494.0 -11021.299812495708 
8809.0 -10024.19982945919 
2191.0 -3930.2999331355095 
5709.0 -6986.699881136417 
18558.0 -19686.4996650815 
8934.0 -10045.899829089642 
4783.0 -6631.099887192249 
20347.0 -21111.99964082241 
23947.0 -23906.599593281746 
26881.0 -25883.299559652805 
5004.0 -6888.699882805347 
32513.0 -27380.19953417778 
28515.0 -26932.899541795254 
7059.0 -8679.199852347374 
18440.0 -19640.299665868282 
12645.0 -13883.799763798714 
5741.0 -7223.599877119064 
17220.0 -18657.899682581425 
17367.0 -18658.599682569504 
6003.0 -7613.499870479107 
16479.0 -18042.99969303608 
28395.0 -26930.099541842937 
32051.0 -27361.999534487724 
30752.0 -27273.099536001682 
1298.0 -3100.4999472498894 
5741.0 -7223.599877119064 
5032.0 -6904.799882531166 
9076.0 -10301.699824750423 
13699.0 -14836.79974758625 
20347.0 -21111.99964082241 
7059.0 -8679.199852347374 
