0.0 -0.0 
34698.0 -27406.799533724785 
0.0 -0.0 
34698.0 -27406.799533724785 
346.0 -2063.499964892864 
3573.0 -5105.899913132191 
22336.0 -22903.199610352516 
1755.0 -3112.3999470472336 
3784.0 -5906.29989951849 
2707.0 -4149.399929404259 
59.0 -1049.5999821424484 
9250.0 -11020.59981250763 
1917.0 -3917.699933350086 
1283.0 -2095.6999643445015 
15195.0 -16906.599712371826 
55.0 -1020.1999826431274 
2869.0 -4954.699915707111 
13278.0 -14823.499747812748 
1297.0 -3057.799947977066 
16162.0 -17335.29970508814 
16221.0 -17933.099694907665 
24330.0 -24413.699584662914 
15099.0 -16189.099724590778 
24656.0 -24771.39957857132 
13240.0 -14180.59975874424 
9076.0 -10301.699824750423 
9889.0 -11084.299811422825 
10751.0 -12110.799793958664 
19189.0 -20178.599656701088 
20409.0 -21160.999639987946 
14488.0 -15970.399728298187 
32139.0 -27354.299534618855 
10249.0 -11745.399800181389 
14230.0 -15860.499730169773 
27500.0 -26470.899549663067 
26050.0 -25732.099562227726 
14139.0 -15195.199741482735 
11414.0 -12773.999782681465 
7059.0 -8679.199852347374 
23703.0 -23886.299593627453 
5368.0 -6966.399881482124 
28120.0 -26903.499542295933 
27062.0 -26004.399557590485 
25311.0 -24977.899575054646 
27407.0 -26139.799555301666 
8285.0 -9974.499830305576 
18595.0 -20007.099659621716 
8146.0 -9725.299834549427 
8858.0 -9975.199830293655 
6396.0 -8015.999863624573 
1096.0 -2090.799964427948 
11124.0 -12367.999789595604 
10415.0 -12049.199795007706 
32849.0 -27396.2995339036 
19594.0 -20731.899647295475 
17220.0 -18657.899682581425 
23298.0 -23775.69959551096 
19815.0 -20989.499642908573 
6977.0 -8286.499859035015 
6763.0 -8172.099860966206 
25656.0 -25113.299572765827 
24914.0 -24881.299576699734 
18163.0 -19152.09967416525 
3016.0 -4955.39991569519 
18408.0 -19344.199670910835 
14939.0 -16179.299724757671 
24151.0 -23947.199592590332 
12659.0 -13773.8997656703 
7671.0 -9050.199846029282 
21788.0 -22387.29961913824 
13992.0 -15194.499741494656 
30904.0 -27270.999536037445 
23008.0 -23369.6996024251 
29928.0 -27182.799537539482 
28785.0 -26937.099541723728 
12275.0 -13134.499776542187 
11635.0 -13031.599778294563 
29147.0 -27007.099540531635 
17441.0 -18915.499678194523 
23008.0 -23369.6996024251 
15453.0 -17016.49971050024 
20073.0 -21099.399641036987 
18853.0 -20116.99965775013 
26610.0 -25781.09956139326 
12708.0 -14058.099760830402 
10203.0 -11340.099807083607 
11393.0 -12374.299789488316 
8100.0 -9319.999841451645 
22046.0 -22497.199617266655 
23266.0 -23479.599600553513 
22078.0 -22793.299612224102 
5741.0 -7223.599877119064 
2286.0 -4136.099929630756 
33526.0 -27404.699533760548 
20814.0 -21714.299630582333 
7856.0 -9319.299841463566 
25991.0 -25411.49956768751 
11904.0 -13037.899778187275 
24298.0 -24117.599589705467 
6060.0 -7954.3998646736145 
30228.0 -27223.39953684807 
12641.0 -13417.599771738052 
19562.0 -20435.799652338028 
20782.0 -21418.199635624886 
7147.0 -9000.499846875668 
30615.0 -27238.09953659773 
21706.0 -22081.099624335766 
4783.0 -6631.099887192249 
31416.0 -27277.299535930157 
21209.0 -21950.19962656498 
12344.0 -13350.399772882462 
16815.0 -18104.599691987038 
15789.0 -17078.0997094512 
25688.0 -25409.399567723274 
4493.0 -6225.099894106388 
5713.0 -7207.499877393246 
15904.0 -17225.399706959724 
4307.0 -5981.19989824295 
16930.0 -18251.899689495564 
21126.0 -21756.299629867077 
6003.0 -7613.499870479107 
33334.0 -27397.699533879757 
12966.0 -14167.999758958817 
28024.0 -26520.59954881668 
13610.0 -14929.899746000767 
21467.0 -22060.099624693394 
2191.0 -3930.2999331355095 
9959.0 -11339.399807095528 
17188.0 -18361.799687623978 
4120.0 -5967.899898469448 
4783.0 -6631.099887192249 
31416.0 -27277.299535930157 
34099.0 -27405.399533748627 
34125.0 -27406.099533736706 
4493.0 -6225.099894106388 
5004.0 -6888.699882805347 
29497.0 -27132.39953839779 
9076.0 -10301.699824750423 
7391.0 -9001.199846863747 
28094.0 -26642.39954674244 
17643.0 -18970.09967726469 
26644.0 -25903.5995593071 
6003.0 -7613.499870479107 
18440.0 -19640.299665868282 
1298.0 -3100.4999472498894 
13610.0 -14929.899746000767 
18440.0 -19640.299665868282 
16479.0 -18042.99969303608 
5032.0 -6904.799882531166 
32413.0 -27366.899534404278 
