0.0 -0.0 
34698.0 -27406.799533724785 
0.0 -0.0 
34698.0 -27406.799533724785 
3573.0 -5105.899913132191 
2869.0 -4954.699915707111 
346.0 -2063.499964892864 
1283.0 -2095.6999643445015 
3784.0 -5906.29989951849 
2707.0 -4149.399929404259 
59.0 -1049.5999821424484 
9076.0 -10301.699824750423 
14139.0 -15195.199741482735 
1755.0 -3112.3999470472336 
1917.0 -3917.699933350086 
23298.0 -23775.69959551096 
15195.0 -16906.599712371826 
55.0 -1020.1999826431274 
16221.0 -17933.099694907665 
9250.0 -11020.59981250763 
26111.0 -25767.09956163168 
1297.0 -3057.799947977066 
13278.0 -14823.499747812748 
26726.0 -25942.799558639526 
19815.0 -20989.499642908573 
16162.0 -17335.29970508814 
18150.0 -19234.29967278242 
27862.0 -26793.59954416752 
30498.0 -27227.599536776543 
7483.0 -9062.099845826626 
19122.0 -20123.29965764284 
20342.0 -21105.6996409297 
16673.0 -17998.899693787098 
10249.0 -11745.399800181389 
11414.0 -12773.999782681465 
14230.0 -15860.499730169773 
18595.0 -20007.099659621716 
7059.0 -8679.199852347374 
12708.0 -14058.099760830402 
15099.0 -16189.099724590778 
11635.0 -13031.599778294563 
8285.0 -9974.499830305576 
22754.0 -22952.19960951805 
12634.0 -13756.399765968323 
5004.0 -6888.699882805347 
31010.0 -27236.69953662157 
29242.0 -27015.499540388584 
16930.0 -18251.899689495564 
10415.0 -12049.199795007706 
17220.0 -18657.899682581425 
19594.0 -20731.899647295475 
7856.0 -9319.299841463566 
11124.0 -12367.999789595604 
6977.0 -8286.499859035015 
29393.0 -27017.59954035282 
13240.0 -14180.59975874424 
25219.0 -24886.899576604366 
27062.0 -26004.399557590485 
6763.0 -8172.099860966206 
27407.0 -26139.799555301666 
13734.0 -15084.599743366241 
7147.0 -9000.499846875668 
6060.0 -7954.3998646736145 
28511.0 -26924.499541938305 
24588.0 -24523.59958279133 
24040.0 -24007.699591577053 
12344.0 -13350.399772882462 
25946.0 -25519.29956585169 
5741.0 -7223.599877119064 
24717.0 -24806.399577975273 
21788.0 -22387.29961913824 
21736.0 -22066.399624586105 
14756.0 -15915.79972922802 
17441.0 -18915.499678194523 
32265.0 -27377.399534225464 
18425.0 -19300.099671661854 
22046.0 -22497.199617266655 
8100.0 -9319.999841451645 
25688.0 -25409.399567723274 
11368.0 -12368.699789583683 
24330.0 -24413.699584662914 
25656.0 -25113.299572765827 
17188.0 -18361.799687623978 
12588.0 -13351.09977287054 
10203.0 -11340.099807083607 
23266.0 -23479.599600553513 
27439.0 -26435.899550259113 
24298.0 -24117.599589705467 
20782.0 -21418.199635624886 
2286.0 -4136.099929630756 
23008.0 -23369.6996024251 
13614.0 -14885.099746763706 
30041.0 -27122.599538564682 
9959.0 -11339.399807095528 
28511.0 -26924.499541938305 
33014.0 -27398.399533867836 
8833.0 -9991.999830007553 
4783.0 -6631.099887192249 
20814.0 -21714.299630582333 
25398.0 -25003.399574637413 
15789.0 -17078.0997094512 
4493.0 -6225.099894106388 
4307.0 -5981.19989824295 
32157.0 -27322.799535155296 
22078.0 -22793.299612224102 
21105.0 -21737.399630188942 
6003.0 -7613.499870479107 
5368.0 -6966.399881482124 
14978.0 -16054.399726867676 
13187.0 -14158.19975912571 
635.0 -2090.099964439869 
21209.0 -21950.19962656498 
10751.0 -12110.799793958664 
18440.0 -19640.299665868282 
12001.0 -13121.899776756763 
8146.0 -9725.299834549427 
31645.0 -27316.499535262585 
2191.0 -3930.2999331355095 
22352.0 -22805.899612009525 
8947.0 -10045.199829101562 
9774.0 -11070.299811661243 
18568.0 -19705.399664759636 
4120.0 -5967.899898469448 
4783.0 -6631.099887192249 
31412.0 -27300.399535536766 
34125.0 -27406.099533736706 
34099.0 -27405.399533748627 
4493.0 -6225.099894106388 
14390.0 -15870.29973000288 
30041.0 -27122.599538564682 
5741.0 -7223.599877119064 
9668.0 -11069.599811673164 
19304.0 -20325.899654209614 
33526.0 -27404.699533760548 
17643.0 -18970.09967726469 
24040.0 -24007.699591577053 
6003.0 -7613.499870479107 
33014.0 -27398.399533867836 
17643.0 -18970.09967726469 
6396.0 -8015.999863624573 
1298.0 -3100.4999472498894 
20524.0 -21308.29963749647 
33526.0 -27404.699533760548 
27697.0 -26545.799548387527 
19562.0 -20435.799652338028 
27758.0 -26580.79954779148 
15453.0 -17016.49971050024 
5368.0 -6966.399881482124 
12001.0 -13121.899776756763 
10751.0 -12110.799793958664 
