0.0 -0.0 
34698.0 -27406.799533724785 
34698.0 -27406.799533724785 
0.0 -0.0 
346.0 -2063.499964892864 
15099.0 -16189.099724590778 
1283.0 -2095.6999643445015 
1917.0 -3917.699933350086 
3573.0 -5105.899913132191 
1755.0 -3112.3999470472336 
2869.0 -4954.699915707111 
59.0 -1049.5999821424484 
9076.0 -10301.699824750423 
13240.0 -14180.59975874424 
3784.0 -5906.29989951849 
9250.0 -11020.59981250763 
2707.0 -4149.399929404259 
55.0 -1020.1999826431274 
1297.0 -3057.799947977066 
12201.0 -13105.099777042866 
15195.0 -16906.599712371826 
10415.0 -12049.199795007706 
13278.0 -14823.499747812748 
18101.0 -19103.099674999714 
12443.0 -13400.799772024155 
32286.0 -27354.999534606934 
9586.0 -11082.199811458588 
20524.0 -21308.29963749647 
20073.0 -21099.399641036987 
11020.0 -12117.099793851376 
4307.0 -5981.19989824295 
10249.0 -11745.399800181389 
8146.0 -9725.299834549427 
19543.0 -20346.899653851986 
14230.0 -15860.499730169773 
19594.0 -20731.899647295475 
2286.0 -4136.099929630756 
14139.0 -15195.199741482735 
33526.0 -27404.699533760548 
11414.0 -12773.999782681465 
27439.0 -26435.899550259113 
12708.0 -14058.099760830402 
25398.0 -25003.399574637413 
26726.0 -25942.799558639526 
23556.0 -23885.599593639374 
24040.0 -24007.699591577053 
24914.0 -24881.299576699734 
30543.0 -27244.39953649044 
8367.0 -9982.899830162525 
5032.0 -6904.799882531166 
19189.0 -20178.599656701088 
7147.0 -9000.499846875668 
16194.0 -17631.399700045586 
16786.0 -17982.79969406128 
19815.0 -20989.499642908573 
26468.0 -25832.899560511112 
22078.0 -22793.299612224102 
6769.0 -8273.199859261513 
26050.0 -25732.099562227726 
3290.0 -4967.999915480614 
15789.0 -17078.0997094512 
11635.0 -13031.599778294563 
22336.0 -22903.199610352516 
27758.0 -26580.79954779148 
29118.0 -27014.799540400505 
23008.0 -23369.6996024251 
5713.0 -7207.499877393246 
18558.0 -19686.4996650815 
18595.0 -20007.099659621716 
28389.0 -26909.799542188644 
18853.0 -20116.99965775013 
15439.0 -16907.299712359905 
13734.0 -15084.599743366241 
20782.0 -21418.199635624886 
23266.0 -23479.599600553513 
10203.0 -11340.099807083607 
22027.0 -22408.299618780613 
23298.0 -23775.69959551096 
8100.0 -9319.999841451645 
6977.0 -8286.499859035015 
24298.0 -24117.599589705467 
11393.0 -12374.299789488316 
25688.0 -25409.399567723274 
25656.0 -25113.299572765827 
24330.0 -24413.699584662914 
22754.0 -22952.19960951805 
27862.0 -26793.59954416752 
18278.0 -19299.399671673775 
13648.0 -14829.09974771738 
27210.0 -26064.899556577206 
22956.0 -23045.299607932568 
16148.0 -17226.099706947803 
24588.0 -24523.59958279133 
24656.0 -24771.39957857132 
31826.0 -27324.899535119534 
25946.0 -25519.29956585169 
20814.0 -21714.299630582333 
6060.0 -7954.3998646736145 
4783.0 -6631.099887192249 
31093.0 -27264.699536144733 
14488.0 -15970.399728298187 
17220.0 -18657.899682581425 
21788.0 -22387.29961913824 
32849.0 -27396.2995339036 
6003.0 -7613.499870479107 
21736.0 -22066.399624586105 
30136.0 -27207.99953711033 
12477.0 -13789.29976540804 
4493.0 -6225.099894106388 
27357.0 -26065.599556565285 
11124.0 -12367.999789595604 
21209.0 -21950.19962656498 
29118.0 -27014.799540400505 
32955.0 -27396.999533891678 
635.0 -2090.099964439869 
34125.0 -27406.099533736706 
28386.0 -26843.299543321133 
21600.0 -21971.19962620735 
6396.0 -8015.999863624573 
7565.0 -9049.499846041203 
16930.0 -18251.899689495564 
5368.0 -6966.399881482124 
4783.0 -6631.099887192249 
8899.0 -10052.899828970432 
16930.0 -18251.899689495564 
16368.0 -17933.799694895744 
31093.0 -27264.699536144733 
18526.0 -19390.399670124054 
8833.0 -9991.999830007553 
17220.0 -18657.899682581425 
34019.0 -27405.399533748627 
17559.0 -18961.69967740774 
4493.0 -6225.099894106388 
5713.0 -7207.499877393246 
29674.0 -27123.29953855276 
7059.0 -8679.199852347374 
12696.0 -13792.099765360355 
6003.0 -7613.499870479107 
9959.0 -11339.399807095528 
29949.0 -27149.899538099766 
7856.0 -9319.299841463566 
16221.0 -17933.099694907665 
16102.0 -17088.599709272385 
13992.0 -15194.499741494656 
31826.0 -27324.899535119534 
14488.0 -15970.399728298187 
1298.0 -3100.4999472498894 
7059.0 -8679.199852347374 
7727.0 -9062.799845814705 
6396.0 -8015.999863624573 
