0.0 -0.0 
34698.0 -27406.799533724785 
0.0 -0.0 
34698.0 -27406.799533724785 
346.0 -2063.499964892864 
1283.0 -2095.6999643445015 
3784.0 -5906.29989951849 
3573.0 -5105.899913132191 
2707.0 -4149.399929404259 
2869.0 -4954.699915707111 
59.0 -1049.5999821424484 
1917.0 -3917.699933350086 
1755.0 -3112.3999470472336 
25459.0 -25038.399574041367 
15099.0 -16189.099724590778 
1297.0 -3057.799947977066 
15195.0 -16906.599712371826 
55.0 -1020.1999826431274 
21209.0 -21950.19962656498 
14230.0 -15860.499730169773 
9250.0 -11020.59981250763 
18595.0 -20007.099659621716 
16162.0 -17335.29970508814 
16221.0 -17933.099694907665 
24298.0 -24117.599589705467 
13278.0 -14823.499747812748 
26965.0 -25963.7995582819 
18536.0 -19409.29966980219 
21741.0 -22072.699624478817 
5556.0 -6954.49988168478 
10751.0 -12110.799793958664 
9586.0 -11082.199811458588 
10249.0 -11745.399800181389 
26407.0 -25797.89956110716 
13240.0 -14180.59975874424 
27439.0 -26435.899550259113 
9076.0 -10301.699824750423 
17220.0 -18657.899682581425 
11414.0 -12773.999782681465 
23298.0 -23775.69959551096 
31497.0 -27326.99953508377 
22967.0 -23025.999608278275 
14139.0 -15195.199741482735 
28456.0 -26965.09954124689 
16930.0 -18251.899689495564 
6396.0 -8015.999863624573 
635.0 -2090.099964439869 
11124.0 -12367.999789595604 
10415.0 -12049.199795007706 
11635.0 -13031.599778294563 
33223.0 -27402.59953379631 
32846.0 -27395.59953391552 
9959.0 -11339.399807095528 
12443.0 -13400.799772024155 
6977.0 -8286.499859035015 
8285.0 -9974.499830305576 
6763.0 -8172.099860966206 
32295.0 -27389.299534022808 
28198.0 -26855.199543118477 
20814.0 -21714.299630582333 
34125.0 -27406.099533736706 
33796.0 -27403.29953378439 
6060.0 -7954.3998646736145 
3290.0 -4967.999915480614 
25946.0 -25519.29956585169 
23008.0 -23369.6996024251 
14947.0 -15980.199728131294 
5032.0 -6904.799882531166 
14566.0 -15922.099729120731 
7565.0 -9049.499846041203 
11971.0 -13093.199777245522 
12350.0 -13147.799776315689 
17827.0 -19090.49967521429 
13734.0 -15084.599743366241 
21788.0 -22387.29961913824 
22078.0 -22793.299612224102 
30015.0 -27191.19953739643 
19304.0 -20325.899654209614 
20073.0 -21099.399641036987 
30539.0 -27240.899536550045 
10203.0 -11340.099807083607 
17169.0 -18272.899689137936 
8100.0 -9319.999841451645 
19562.0 -20435.799652338028 
23266.0 -23479.599600553513 
24330.0 -24413.699584662914 
19815.0 -20989.499642908573 
18150.0 -19234.29967278242 
2286.0 -4136.099929630756 
12708.0 -14058.099760830402 
13614.0 -14885.099746763706 
24588.0 -24523.59958279133 
11393.0 -12374.299789488316 
27697.0 -26545.799548387527 
24656.0 -24771.39957857132 
4307.0 -5981.19989824295 
23795.0 -23906.599593281746 
4783.0 -6631.099887192249 
22580.0 -22903.899610340595 
12477.0 -13789.29976540804 
7147.0 -9000.499846875668 
8899.0 -10052.899828970432 
25688.0 -25409.399567723274 
29375.0 -27044.199539899826 
20464.0 -21120.39964067936 
27210.0 -26064.899556577206 
8751.0 -9983.599830150604 
17441.0 -18915.499678194523 
6003.0 -7613.499870479107 
13072.0 -14116.899759829044 
18853.0 -20116.99965775013 
5741.0 -7223.599877119064 
15904.0 -17225.399706959724 
23795.0 -23906.599593281746 
27801.0 -26758.599544763565 
8146.0 -9725.299834549427 
2191.0 -3930.2999331355095 
22473.0 -22822.699611723423 
4783.0 -6631.099887192249 
22046.0 -22497.199617266655 
26111.0 -25767.09956163168 
18424.0 -19246.899672567844 
24950.0 -24846.29957729578 
5741.0 -7223.599877119064 
4493.0 -6225.099894106388 
16479.0 -18042.99969303608 
20814.0 -21714.299630582333 
30265.0 -27228.29953676462 
7856.0 -9319.299841463566 
7059.0 -8679.199852347374 
20524.0 -21308.29963749647 
12696.0 -13792.099765360355 
15874.0 -17029.799710273743 
28980.0 -27014.799540400505 
31996.0 -27340.999534845352 
19594.0 -20731.899647295475 
4493.0 -6225.099894106388 
6003.0 -7613.499870479107 
19741.0 -20732.599647283554 
14134.0 -15142.999742388725 
15453.0 -17016.49971050024 
31010.0 -27282.19953584671 
24950.0 -24846.29957729578 
20524.0 -21308.29963749647 
31010.0 -27282.19953584671 
1481.0 -3099.7999472618103 
19127.0 -20129.599657535553 
16479.0 -18042.99969303608 
4454.0 -5981.8998982310295 
9076.0 -10301.699824750423 
