0.0 -0.0 
34698.0 -27406.799533724785 
34698.0 -27406.799533724785 
0.0 -0.0 
346.0 -2063.499964892864 
1283.0 -2095.6999643445015 
3784.0 -5906.29989951849 
9250.0 -11020.59981250763 
3573.0 -5105.899913132191 
2869.0 -4954.699915707111 
2707.0 -4149.399929404259 
59.0 -1049.5999821424484 
7147.0 -9000.499846875668 
15195.0 -16906.599712371826 
1297.0 -3057.799947977066 
1917.0 -3917.699933350086 
55.0 -1020.1999826431274 
7856.0 -9319.299841463566 
14230.0 -15860.499730169773 
1755.0 -3112.3999470472336 
15099.0 -16189.099724590778 
13278.0 -14823.499747812748 
16162.0 -17335.29970508814 
11635.0 -13031.599778294563 
20814.0 -21714.299630582333 
8367.0 -9982.899830162525 
32701.0 -27394.89953392744 
14139.0 -15195.199741482735 
21736.0 -22062.89962464571 
4307.0 -5981.19989824295 
15727.0 -17029.099710285664 
8899.0 -10052.899828970432 
19097.0 -20117.69965773821 
10249.0 -11745.399800181389 
8146.0 -9725.299834549427 
30107.0 -27152.699538052082 
23298.0 -23775.69959551096 
16930.0 -18251.899689495564 
9076.0 -10301.699824750423 
18595.0 -20007.099659621716 
11414.0 -12773.999782681465 
31223.0 -27287.099535763264 
34125.0 -27406.099533736706 
25393.0 -24965.299575269222 
24330.0 -24413.699584662914 
32010.0 -27333.99953496456 
16221.0 -17933.099694907665 
14488.0 -15970.399728298187 
17220.0 -18657.899682581425 
24914.0 -24881.299576699734 
6396.0 -8015.999863624573 
26665.0 -25907.799559235573 
635.0 -2090.099964439869 
9889.0 -11084.299811422825 
24297.0 -23929.699592888355 
19594.0 -20731.899647295475 
27439.0 -26435.899550259113 
19815.0 -20989.499642908573 
6977.0 -8286.499859035015 
28906.0 -26934.299541771412 
13240.0 -14180.59975874424 
28395.0 -26930.099541842937 
18388.0 -19286.79967188835 
6763.0 -8172.099860966206 
12443.0 -13400.799772024155 
6060.0 -7954.3998646736145 
3290.0 -4967.999915480614 
27121.0 -25972.199558138847 
12708.0 -14058.099760830402 
14978.0 -16054.399726867676 
12201.0 -13105.099777042866 
23008.0 -23369.6996024251 
19304.0 -20325.899654209614 
22967.0 -23025.999608278275 
21788.0 -22387.29961913824 
25656.0 -25113.299572765827 
18223.0 -19079.599675416946 
31822.0 -27288.499535739422 
26308.0 -25841.99956035614 
11054.0 -12112.899793922901 
23830.0 -23898.199593424797 
5441.0 -6904.799882531166 
10415.0 -12049.199795007706 
21209.0 -21950.19962656498 
15904.0 -17225.399706959724 
12477.0 -13789.29976540804 
17931.0 -18978.49967712164 
11393.0 -12374.299789488316 
24656.0 -24771.39957857132 
8100.0 -9319.999841451645 
23266.0 -23479.599600553513 
25688.0 -25409.399567723274 
10203.0 -11340.099807083607 
19562.0 -20435.799652338028 
22046.0 -22497.199617266655 
20773.0 -21370.59963643551 
17174.0 -18252.599689483643 
22336.0 -22903.199610352516 
29405.0 -27116.99953866005 
13614.0 -14885.099746763706 
22698.0 -22935.399609804153 
24624.0 -24475.299583613873 
26050.0 -25732.099562227726 
25946.0 -25519.29956585169 
5004.0 -6888.699882805347 
29868.0 -27131.69953840971 
28059.0 -26868.49954289198 
4783.0 -6631.099887192249 
29297.0 -26955.299541413784 
17514.0 -18760.799680829048 
33664.0 -27404.699533760548 
27357.0 -26065.599556565285 
30793.0 -27273.099536001682 
5709.0 -6986.699881136417 
4493.0 -6225.099894106388 
13734.0 -15084.599743366241 
2286.0 -4136.099929630756 
6003.0 -7613.499870479107 
17559.0 -18961.69967740774 
13187.0 -14158.19975912571 
18440.0 -19640.299665868282 
11124.0 -12367.999789595604 
33092.0 -27396.2995339036 
27697.0 -26545.799548387527 
9959.0 -11339.399807095528 
22078.0 -22793.299612224102 
18558.0 -19686.4996650815 
12304.0 -13200.29977542162 
4783.0 -6631.099887192249 
16460.0 -17954.099694550037 
4493.0 -6225.099894106388 
20073.0 -21099.399641036987 
7059.0 -8679.199852347374 
30793.0 -27273.099536001682 
12645.0 -13883.799763798714 
5741.0 -7223.599877119064 
6003.0 -7613.499870479107 
13987.0 -15142.299742400646 
21209.0 -21950.19962656498 
20524.0 -21308.29963749647 
1445.0 -3101.1999472379684 
5741.0 -7223.599877119064 
20073.0 -21099.399641036987 
20524.0 -21308.29963749647 
23951.0 -23914.999593138695 
27697.0 -26545.799548387527 
16460.0 -17954.099694550037 
9076.0 -10301.699824750423 
7059.0 -8679.199852347374 
28059.0 -26868.49954289198 
