0.0 -0.0 
34698.0 -27406.799533724785 
0.0 -0.0 
34698.0 -27406.799533724785 
346.0 -2063.499964892864 
1283.0 -2095.6999643445015 
1917.0 -3917.699933350086 
3573.0 -5105.899913132191 
1755.0 -3112.3999470472336 
3784.0 -5906.29989951849 
2707.0 -4149.399929404259 
2869.0 -4954.699915707111 
9076.0 -10301.699824750423 
9250.0 -11020.59981250763 
14139.0 -15195.199741482735 
15099.0 -16189.099724590778 
15195.0 -16906.599712371826 
55.0 -1020.1999826431274 
27407.0 -26139.799555301666 
20342.0 -21105.6996409297 
59.0 -1049.5999821424484 
11932.0 -13098.799777150154 
16221.0 -17933.099694907665 
13278.0 -14823.499747812748 
10415.0 -12049.199795007706 
26726.0 -25942.799558639526 
19815.0 -20989.499642908573 
1297.0 -3057.799947977066 
16162.0 -17335.29970508814 
14230.0 -15860.499730169773 
8367.0 -9982.899830162525 
7147.0 -9000.499846875668 
13240.0 -14180.59975874424 
12443.0 -13400.799772024155 
11010.0 -12110.799793958664 
7727.0 -9062.799845814705 
16557.0 -17994.699693858624 
24267.0 -23940.19959270954 
10249.0 -11745.399800181389 
8146.0 -9725.299834549427 
16930.0 -18251.899689495564 
2286.0 -4136.099929630756 
5368.0 -6966.399881482124 
24330.0 -24413.699584662914 
31800.0 -27329.099535048008 
32867.0 -27397.699533879757 
20814.0 -21714.299630582333 
18440.0 -19640.299665868282 
27862.0 -26793.59954416752 
18595.0 -20007.099659621716 
21788.0 -22387.29961913824 
6396.0 -8015.999863624573 
635.0 -2090.099964439869 
12966.0 -14167.999758958817 
30062.0 -27186.999537467957 
23298.0 -23775.69959551096 
13734.0 -15084.599743366241 
19594.0 -20731.899647295475 
17220.0 -18657.899682581425 
6977.0 -8286.499859035015 
12645.0 -13883.799763798714 
11635.0 -13031.599778294563 
24717.0 -24806.399577975273 
6763.0 -8172.099860966206 
25061.0 -24881.999576687813 
6060.0 -7954.3998646736145 
3290.0 -4967.999915480614 
31235.0 -27294.799535632133 
25479.0 -24930.999575853348 
14932.0 -15965.499728381634 
8899.0 -10052.899828970432 
14566.0 -15922.099729120731 
25656.0 -25113.299572765827 
22078.0 -22793.299612224102 
17188.0 -18361.799687623978 
23266.0 -23479.599600553513 
10203.0 -11340.099807083607 
11393.0 -12374.299789488316 
22046.0 -22497.199617266655 
8100.0 -9319.999841451645 
5741.0 -7223.599877119064 
27439.0 -26435.899550259113 
25688.0 -25409.399567723274 
19562.0 -20435.799652338028 
22471.0 -22797.499612152576 
29708.0 -27119.099538624287 
31046.0 -27221.99953687191 
13648.0 -14829.09974771738 
29532.0 -26981.19954097271 
25946.0 -25519.29956585169 
17441.0 -18915.499678194523 
4783.0 -6631.099887192249 
11414.0 -12773.999782681465 
29115.0 -26967.19954121113 
20626.0 -21369.89963644743 
21614.0 -22060.799624681473 
11124.0 -12367.999789595604 
32465.0 -27343.09953480959 
28267.0 -26904.199542284012 
4493.0 -6225.099894106388 
4307.0 -5981.19989824295 
9830.0 -11082.899811446667 
7856.0 -9319.299841463566 
9959.0 -11339.399807095528 
5713.0 -7207.499877393246 
21150.0 -21775.89962953329 
6003.0 -7613.499870479107 
21209.0 -21950.19962656498 
17938.0 -19046.39967596531 
32221.0 -27342.39953482151 
23008.0 -23369.6996024251 
33440.0 -27398.399533867836 
33526.0 -27404.699533760548 
17569.0 -18980.599677085876 
18101.0 -19103.099674999714 
22729.0 -22907.39961028099 
9586.0 -11082.199811458588 
23694.0 -23898.899593412876 
26111.0 -25767.09956163168 
4120.0 -5967.899898469448 
4783.0 -6631.099887192249 
24588.0 -24523.59958279133 
18278.0 -19299.399671673775 
22959.0 -23037.599608063698 
34125.0 -27406.099533736706 
34099.0 -27405.399533748627 
4493.0 -6225.099894106388 
5004.0 -6888.699882805347 
15904.0 -17225.399706959724 
19304.0 -20325.899654209614 
15453.0 -17016.49971050024 
18853.0 -20116.99965775013 
28841.0 -26954.599541425705 
7059.0 -8679.199852347374 
12443.0 -13400.799772024155 
27697.0 -26545.799548387527 
12645.0 -13883.799763798714 
23755.0 -23933.89959281683 
6003.0 -7613.499870479107 
30574.0 -27193.29953736067 
21595.0 -21971.89962619543 
1298.0 -3100.4999472498894 
20626.0 -21369.89963644743 
18853.0 -20116.99965775013 
15453.0 -17016.49971050024 
15904.0 -17225.399706959724 
19304.0 -20325.899654209614 
18408.0 -19344.199670910835 
7059.0 -8679.199852347374 
26516.0 -25877.699559748173 
