0.0 -0.0 
34698.0 -27406.799533724785 
0.0 -0.0 
34698.0 -27406.799533724785 
3573.0 -5105.899913132191 
2869.0 -4954.699915707111 
346.0 -2063.499964892864 
1283.0 -2095.6999643445015 
9076.0 -10301.699824750423 
15099.0 -16189.099724590778 
3784.0 -5906.29989951849 
1755.0 -3112.3999470472336 
2707.0 -4149.399929404259 
59.0 -1049.5999821424484 
21788.0 -22387.29961913824 
9250.0 -11020.59981250763 
55.0 -1020.1999826431274 
22078.0 -22793.299612224102 
12659.0 -13773.8997656703 
13278.0 -14823.499747812748 
1917.0 -3917.699933350086 
1297.0 -3057.799947977066 
14230.0 -15860.499730169773 
12532.0 -13144.299776375294 
30228.0 -27223.39953684807 
23716.0 -23824.699594676495 
15195.0 -16906.599712371826 
22530.0 -22859.099611103535 
5368.0 -6966.399881482124 
30890.0 -27273.099536001682 
21467.0 -22060.099624693394 
23004.0 -22980.899609029293 
17827.0 -19090.49967521429 
15453.0 -17016.49971050024 
15904.0 -17225.399706959724 
8703.0 -10044.499829113483 
9586.0 -11082.199811458588 
10249.0 -11745.399800181389 
17220.0 -18657.899682581425 
8146.0 -9725.299834549427 
16221.0 -17933.099694907665 
11414.0 -12773.999782681465 
7059.0 -8679.199852347374 
13240.0 -14180.59975874424 
31782.0 -27355.699534595013 
16162.0 -17335.29970508814 
5004.0 -6888.699882805347 
14139.0 -15195.199741482735 
31258.0 -27305.9995354414 
6396.0 -8015.999863624573 
635.0 -2090.099964439869 
8367.0 -9982.899830162525 
14635.0 -15971.099728286266 
32203.0 -27368.999534368515 
17174.0 -18252.599689483643 
24297.0 -23929.699592888355 
29854.0 -27146.39953815937 
9959.0 -11339.399807095528 
6977.0 -8286.499859035015 
18558.0 -19686.4996650815 
25398.0 -25003.399574637413 
27062.0 -26004.399557590485 
11635.0 -13031.599778294563 
6763.0 -8172.099860966206 
27407.0 -26139.799555301666 
26726.0 -25942.799558639526 
25946.0 -25519.29956585169 
28851.0 -26994.499540746212 
23008.0 -23369.6996024251 
23298.0 -23775.69959551096 
7727.0 -9062.799845814705 
11020.0 -12117.099793851376 
5741.0 -7223.599877119064 
32715.0 -27375.299534261227 
33014.0 -27398.399533867836 
26407.0 -25797.89956110716 
26111.0 -25767.09956163168 
19815.0 -20989.499642908573 
16962.0 -18105.299691975117 
20151.0 -21051.09964185953 
18853.0 -20116.99965775013 
8100.0 -9319.999841451645 
11393.0 -12374.299789488316 
23266.0 -23479.599600553513 
10203.0 -11340.099807083607 
25760.0 -25326.099569141865 
24330.0 -24413.699584662914 
19562.0 -20435.799652338028 
27439.0 -26435.899550259113 
10415.0 -12049.199795007706 
2286.0 -4136.099929630756 
13696.0 -14872.499746978283 
24588.0 -24523.59958279133 
25656.0 -25113.299572765827 
27697.0 -26545.799548387527 
18547.0 -19305.699671566486 
6060.0 -7954.3998646736145 
4250.0 -5915.399899363518 
11932.0 -13098.799777150154 
24656.0 -24771.39957857132 
21209.0 -21950.19962656498 
20814.0 -21714.299630582333 
7147.0 -9000.499846875668 
4783.0 -6631.099887192249 
17441.0 -18915.499678194523 
19239.0 -20138.69965738058 
18268.0 -19280.49967199564 
29436.0 -27097.399538993835 
29269.0 -27043.499539911747 
20524.0 -21308.29963749647 
19304.0 -20325.899654209614 
11124.0 -12367.999789595604 
7856.0 -9319.299841463566 
21113.0 -21747.19963002205 
6003.0 -7613.499870479107 
10659.0 -12049.899794995785 
28515.0 -26932.899541795254 
24975.0 -24916.299576103687 
18595.0 -20007.099659621716 
7391.0 -9001.199846863747 
12281.0 -13118.399776816368 
24298.0 -24117.599589705467 
2191.0 -3930.2999331355095 
4454.0 -5981.8998982310295 
20782.0 -21418.199635624886 
4783.0 -6631.099887192249 
17559.0 -18961.69967740774 
33526.0 -27404.699533760548 
34125.0 -27406.099533736706 
4493.0 -6225.099894106388 
5741.0 -7223.599877119064 
34125.0 -27406.099533736706 
13734.0 -15084.599743366241 
12708.0 -14058.099760830402 
19594.0 -20731.899647295475 
4493.0 -6225.099894106388 
6003.0 -7613.499870479107 
19741.0 -20732.599647283554 
16557.0 -17994.699693858624 
13973.0 -15105.599743008614 
16626.0 -18043.69969302416 
14543.0 -15870.99972999096 
20459.0 -21121.09964066744 
13152.0 -14081.199760437012 
28328.0 -26874.79954278469 
27801.0 -26758.599544763565 
1298.0 -3100.4999472498894 
33526.0 -27404.699533760548 
24956.0 -24827.399577617645 
12855.0 -14058.799760818481 
