0.0 -0.0 
34698.0 -27406.799533724785 
34698.0 -27406.799533724785 
0.0 -0.0 
3573.0 -5105.899913132191 
2869.0 -4954.699915707111 
346.0 -2063.499964892864 
1283.0 -2095.6999643445015 
1755.0 -3112.3999470472336 
13278.0 -14823.499747812748 
3784.0 -5906.29989951849 
2707.0 -4149.399929404259 
59.0 -1049.5999821424484 
9250.0 -11020.59981250763 
27396.0 -26065.599556565285 
14139.0 -15195.199741482735 
26705.0 -25938.599558711052 
18163.0 -19152.09967416525 
55.0 -1020.1999826431274 
15195.0 -16906.599712371826 
1917.0 -3917.699933350086 
1297.0 -3057.799947977066 
22848.0 -22909.499610245228 
20626.0 -21369.89963644743 
6003.0 -7613.499870479107 
8899.0 -10052.899828970432 
28059.0 -26868.49954289198 
27439.0 -26435.899550259113 
8285.0 -9974.499830305576 
27936.0 -26566.7995480299 
5368.0 -6966.399881482124 
13240.0 -14180.59975874424 
23008.0 -23369.6996024251 
11635.0 -13031.599778294563 
6396.0 -8015.999863624573 
10751.0 -12110.799793958664 
19189.0 -20178.599656701088 
10249.0 -11745.399800181389 
14230.0 -15860.499730169773 
19562.0 -20435.799652338028 
9076.0 -10301.699824750423 
11414.0 -12773.999782681465 
7059.0 -8679.199852347374 
15099.0 -16189.099724590778 
20312.0 -21120.39964067936 
25584.0 -25004.099574625492 
25688.0 -25409.399567723274 
31918.0 -27340.299534857273 
5004.0 -6888.699882805347 
29364.0 -27001.499540627003 
21788.0 -22387.29961913824 
635.0 -2090.099964439869 
11124.0 -12367.999789595604 
14726.0 -15931.899728953838 
28664.0 -26936.39954173565 
33526.0 -27404.699533760548 
17441.0 -18915.499678194523 
13734.0 -15084.599743366241 
6769.0 -8273.199859261513 
22336.0 -22903.199610352516 
26407.0 -25797.89956110716 
24330.0 -24413.699584662914 
6060.0 -7954.3998646736145 
32422.0 -27350.09953469038 
7727.0 -9062.799845814705 
5741.0 -7223.599877119064 
16930.0 -18251.899689495564 
25286.0 -24907.89957624674 
15766.0 -17026.999710321426 
23556.0 -23885.599593639374 
29833.0 -27193.999537348747 
16194.0 -17631.399700045586 
26050.0 -25732.099562227726 
12443.0 -13400.799772024155 
18853.0 -20116.99965775013 
30406.0 -27194.699537336826 
18595.0 -20007.099659621716 
16221.0 -17933.099694907665 
10203.0 -11340.099807083607 
23266.0 -23479.599600553513 
22046.0 -22497.199617266655 
6977.0 -8286.499859035015 
17188.0 -18361.799687623978 
8100.0 -9319.999841451645 
11393.0 -12374.299789488316 
16162.0 -17335.29970508814 
22078.0 -22793.299612224102 
23298.0 -23775.69959551096 
2286.0 -4136.099929630756 
15904.0 -17225.399706959724 
24656.0 -24771.39957857132 
24588.0 -24523.59958279133 
25946.0 -25519.29956585169 
18440.0 -19640.299665868282 
7147.0 -9000.499846875668 
21614.0 -22060.799624681473 
4783.0 -6631.099887192249 
31214.0 -27289.89953571558 
15469.0 -16919.19971215725 
33030.0 -27357.09953457117 
10415.0 -12049.199795007706 
9823.0 -11021.299812495708 
16718.0 -18063.99969267845 
4493.0 -6225.099894106388 
4307.0 -5981.19989824295 
7856.0 -9319.299841463566 
14952.0 -16188.3997246027 
30676.0 -27268.19953608513 
21053.0 -21735.299630224705 
12966.0 -14167.999758958817 
34125.0 -27406.099533736706 
20814.0 -21714.299630582333 
12477.0 -13789.29976540804 
20059.0 -20990.199642896652 
12708.0 -14058.099760830402 
8146.0 -9725.299834549427 
19815.0 -20989.499642908573 
12417.0 -13195.699775516987 
9959.0 -11339.399807095528 
12185.0 -13044.199778079987 
17827.0 -19090.49967521429 
18568.0 -19705.399664759636 
4120.0 -5967.899898469448 
24314.0 -24020.299591362476 
4783.0 -6631.099887192249 
17699.0 -19025.399676322937 
31214.0 -27289.89953571558 
34019.0 -27405.399533748627 
4493.0 -6225.099894106388 
17220.0 -18657.899682581425 
5741.0 -7223.599877119064 
14390.0 -15870.29973000288 
12658.0 -13892.899763643742 
33091.0 -27392.099533975124 
19594.0 -20731.899647295475 
19741.0 -20732.599647283554 
21467.0 -22060.099624693394 
13881.0 -15085.29974335432 
9889.0 -11084.299811422825 
2191.0 -3930.2999331355095 
21209.0 -21950.19962656498 
1298.0 -3100.4999472498894 
29095.0 -26995.19954073429 
32162.0 -27340.999534845352 
24914.0 -24881.299576699734 
24226.0 -24008.399591565132 
28851.0 -26994.499540746212 
23933.0 -23919.89959305525 
9076.0 -10301.699824750423 
29833.0 -27193.999537348747 
