0.6256540911204251 8.001422438115508E-4 7.764675238909603E-5 0.45861809348938887 533.0
0.6257541170340798 8.140000020475967E-4 7.935614718104996E-5 0.46867139740299724 492.799991607666
0.6258089660257353 8.250032685326794E-4 7.846707189514025E-5 0.4582239234853556 495.0
0.625740414623117 8.098911077102717E-4 7.578620403862424E-5 0.4362085973556363 450.0
0.6256116970680018 8.123192222688432E-4 7.836757889821616E-5 0.5047792046455866 479.7999918460846
0.6255842811079236 8.306280098195829E-4 7.896743401437284E-5 0.45122999195599767 466.49999207258224
0.6256291989380611 8.231659781734002E-4 8.096083945757867E-5 0.4577978514617106 495.0
0.6256855021336559 8.182020534540296E-4 7.695272926227426E-5 0.4433621629474971 563.0
0.6258730680015023 8.13052654092828E-4 7.573248625968794E-5 0.4340060285364809 470.0
0.6256064142584215 8.207430512502847E-4 7.805916566108518E-5 0.4646156108584002 601.599989771843
0.6255904004230766 8.394552600517149E-4 7.774545129844911E-5 0.46773280065432227 515.4999912381172
0.6254889928595343 8.25727038815851E-4 7.914207884653154E-5 0.4868603022577687 520.0
0.6256493282642055 8.30926361911623E-4 8.047301273154265E-5 0.4574128026693554 453.89999228715897
0.6256552315827153 8.25011522698124E-4 7.907082439423722E-5 0.4856544006465375 528.0999910235405
0.6257020651729879 8.021918300946327E-4 7.81304921477025E-5 0.4919130891843217 574.0
0.6256431931266551 8.308576978673297E-4 7.971552079903076E-5 0.4615801604028718 567.6999903321266
0.6258056044933252 8.201288949357901E-4 7.481296042105024E-5 0.44598861775649795 497.0
0.6258501000109681 8.116919027220597E-4 7.62994511132022E-5 0.4586993591707287 495.0
0.6257606002645435 8.229638263366811E-4 7.932782728273543E-5 0.46666297470603213 506.0
0.6257892730648592 8.320892426116404E-4 7.902206661999253E-5 0.4481574881027217 495.0
