0.6259039497969471 8.184483837964548E-4 7.731746377794966E-5 0.39966695620213455 506.0
0.6261803806413059 7.896474833205248E-4 7.196138904176854E-5 0.4034317554197275 495.0
0.6260356267663764 7.923781194654073E-4 7.314886334135422E-5 0.4385350591035842 492.799991607666
0.6258410861325406 8.166908826224161E-4 7.612986129219708E-5 0.40426939547000734 495.0
0.6258703462355518 8.163870422193948E-4 7.423237703531607E-5 0.40407929552532074 495.0
0.6258961230152704 8.111282691874879E-4 8.11404782566793E-5 0.42071341382874433 538.2999908328056
0.6258728746975105 8.016336533417404E-4 7.329338661389383E-5 0.43731891771613857 477.0
0.6258998860412074 8.150923997151185E-4 7.426255377366095E-5 0.3920572841048383 555.0999905467033
0.6257876034888482 8.047943898651704E-4 7.940550571016658E-5 0.4366743476451847 530.0
0.6258155230593972 8.221304663634382E-4 7.759085901500016E-5 0.41761700215298775 455.69999223947525
0.6257265854247426 8.094374841295496E-4 7.740097927558941E-5 0.45621750052141624 567.6999903321266
0.6258421315563163 8.046576290751772E-4 7.507821292006956E-5 0.4269425195564252 466.49999207258224
0.6260588568675398 7.931678375405454E-4 7.558271508003136E-5 0.42337810805056586 495.0
0.6258718787187473 8.084239296229215E-4 7.792899681758812E-5 0.43457250736227954 470.0
0.625914702786679 7.971811437654762E-4 7.678796481263523E-5 0.4115564260707716 495.0
0.6257327916590254 8.117071569958963E-4 7.506625833167063E-5 0.4284976806654053 492.799991607666
0.6257533994047294 8.248704721165995E-4 7.568133535629304E-5 0.4391224927061478 504.0
0.6257834075327589 8.213871024555393E-4 7.952605998207466E-5 0.4459476089700136 461.0
0.625689141495005 8.230240465564733E-4 7.756594870456545E-5 0.4213245601657607 541.0999907851219
0.6258235551159412 8.246306964561464E-4 7.727088979383521E-5 0.4200543293166748 495.0
