0.6231371434951732 0.0010755140268632938 1.0282219580816855E-4 0.4331546093556889 650.9999889135361
0.6231501305668479 0.0010444549073930524 9.896456964535042E-5 0.4684586037316989 692.0
0.6235539425977005 0.0010191051005213406 1.0032301771880514E-4 0.4692729976831 650.9999889135361
0.6239226521024711 0.0010186824416125054 9.978703682333577E-5 0.4542634311957073 618.0
0.6232344599260435 0.0010819629498736339 9.960782771774299E-5 0.4101028146028534 762.0
0.6237525610400454 0.0010455596626025296 9.834246575556014E-5 0.40184838654137667 638.3999891281128
0.6233746162472755 0.001122323900957389 9.981858189068318E-5 0.39766871130411013 625.0
0.6236733577237031 0.0010334363388645898 1.0334517095315295E-4 0.45301787126556986 650.9999889135361
0.6233289055272713 0.001085378519382621 1.0291042777645348E-4 0.40754702984314295 602.6999897360802
0.6234605514764746 0.0010556627522387855 9.444345403372749E-5 0.40694010561118754 707.6999879479408
0.6236484028762845 0.0010737482336280221 9.450351356741468E-5 0.4272498297578415 602.6999897360802
0.623970013765512 0.0010295901007021451 9.678906571108425E-5 0.43997845001459396 650.9999889135361
0.6232288169485655 0.0010889646201090574 1.028048518291281E-4 0.4560301670534982 692.0
0.6230792318271912 0.0010757082484352393 1.0332966104726067E-4 0.47304116138316815 672.6999885439873
0.6229325385625981 0.0010817885453809919 9.879836540331877E-5 0.47028550224606613 728.0
0.6237505252586275 0.001063699878540109 9.856135994743238E-5 0.4066544251515026 650.9999889135361
0.6237082076117639 0.0010173091839153746 9.660304520588131E-5 0.4444096163687352 650.9999889135361
0.6234655701976387 0.001035804078190404 9.369164907052361E-5 0.43623383796450566 703.0
0.6236081401642891 0.001110514997997042 1.015918927524737E-4 0.41196644522421744 691.0
0.6237692247390231 0.0010315029067856326 9.137009365979817E-5 0.3887570438252077 650.9999889135361
