0.6255524957699129 8.304680199004991E-4 7.923862983870994E-5 0.42853547137411224 506.09999138116837
0.6259822509239007 8.023800767419383E-4 7.792539136550409E-5 0.4384366687906892 504.0
0.6256943359281218 7.955494465597178E-4 7.492242402883029E-5 0.48892525933346886 541.0999907851219
0.6257408890870849 8.16559230142929E-4 8.207128835473746E-5 0.4352258311989252 495.0
0.6256419278547202 8.206160105487215E-4 8.085055959767289E-5 0.40854128728326156 495.0
0.6260694806756691 7.91422185485513E-4 8.529906238750782E-5 0.4539768089150206 495.0
0.6258080569661137 8.082052815977273E-4 7.98962409650554E-5 0.47768918490123063 530.0
0.6390568795446383 1.2640067130984174E-4 5.103848084795744E-5 0.47386623104088194 212.7999963760376
0.6254532287071103 8.390097965486995E-4 8.044445994006321E-5 0.4492237922761977 495.0
0.6261147222405319 8.026780199259286E-4 7.601310315105713E-5 0.44823683469576975 461.0
0.6257580280827835 8.105011617569218E-4 7.709588277837004E-5 0.47390883771369846 470.0
0.6257311473780228 8.337727090360271E-4 7.874781425323292E-5 0.44807867013205926 504.0
0.6258254235129643 8.18176578103656E-4 8.136605507804613E-5 0.41165336644275574 495.0
0.6256339240078554 8.120492237954361E-4 7.614234848020843E-5 0.4819137377777064 495.0
0.6259739292756963 8.170595806065229E-4 8.1327657165604E-5 0.4354738641458458 495.0
0.6256806138432486 8.158120734254571E-4 8.236988025151898E-5 0.4634885637183397 495.0
0.6258671820668249 8.104670295858802E-4 7.899648427157995E-5 0.4694388134527501 569.0
0.6256167506608868 8.156179156437685E-4 7.654982751846883E-5 0.44419745266563787 541.0999907851219
0.6256757298207328 8.086289566463116E-4 7.758264619417224E-5 0.47072952158978915 541.0999907851219
0.6258401823817498 8.219272115186847E-4 7.674719889184443E-5 0.43511542465575676 567.6999903321266
