0.6237492061697266 0.001023559180392465 9.263083040335078E-5 0.4305674506441373 650.9999889135361
0.6229452844466953 0.001130038113985171 9.75660631930563E-5 0.3806393262668515 650.299988925457
0.6236551560245165 0.0010600589465308494 9.925021860617476E-5 0.38335435347506375 600.0
0.6236421657258719 0.0010868561347761208 9.734914924358012E-5 0.3621481889911459 642.1999890804291
0.6235951320654636 0.0010579206691922296 9.28162646311968E-5 0.4247549880418869 650.9999889135361
0.6242018682105902 0.001047640706443408 1.0144535165056189E-4 0.4184982165868291 602.6999897360802
0.6230879825540487 0.0010404602276325497 9.99437672840614E-5 0.39861015224047264 686.6999883055687
0.6235832755670375 0.0010610587935204322 9.956542735932048E-5 0.39145173855637994 620.4999894499779
0.6233721643990646 0.0010404432980734768 1.001578872911742E-4 0.4637821894669029 750.6999872326851
0.6237865573509976 0.001049937867809208 9.654644338010317E-5 0.38256559995713235 650.9999889135361
0.6239633518043075 0.0010485011549897633 9.766184965089424E-5 0.4373091966728173 650.9999889135361
0.6240590974451345 9.898083592902317E-4 9.434657653302131E-5 0.4705361144351112 650.299988925457
0.624050566254155 9.95311935988478E-4 9.926720389576575E-5 0.40012228207913564 600.0
0.623536464669417 0.0011189283345064696 9.53844176447771E-5 0.3693722614375411 636.9999891519547
0.6239775780201731 0.00102920980670332 9.921645553395803E-5 0.45690710192268613 650.9999889135361
0.6234423462380487 0.001093031001673423 9.540878063898843E-5 0.3748549752877977 650.9999889135361
0.6234516561620209 0.0010324766266685069 1.0203230452011312E-4 0.47017947802537824 674.0
0.6235898762164012 0.0010604745459098295 9.88705101195447E-5 0.35737465277524977 714.0
0.6234670536521869 0.0010463130336163546 9.525509201770041E-5 0.4010699173392181 601.9999897480011
0.6227115364136576 0.0011432519653318853 1.015366639673466E-4 0.39669393988810847 700.0
