0.623762587136004 0.0010283894312627397 9.614823384136287E-5 0.3920368194131505 601.9999897480011
0.6237280023773145 0.0010262853563660396 9.528335577768874E-5 0.4174314192849077 628.0
0.6233193306821464 0.0010292986267358176 9.796524741706359E-5 0.43909428332706574 650.9999889135361
0.6244735225623606 9.63565204975488E-4 8.899481175877304E-5 0.4100592423981279 650.9999889135361
0.623479130206983 0.0010365310135653292 1.0826540263266116E-4 0.4056980392782722 650.9999889135361
0.6232860599117276 0.0010612990546611447 9.548996359228216E-5 0.4486614902506831 682.0999884009361
0.623820102515202 9.524689835697751E-4 9.35224850919054E-5 0.4854593877817349 760.8999870419502
0.6238901932712774 0.001020298452545444 9.64597838385929E-5 0.41665011934999385 600.0
0.6237196944696546 0.0010456671362413126 9.70108701359134E-5 0.4120823955497962 711.8999878764153
0.6243967360142757 9.735151066297272E-4 9.462438367038688E-5 0.40339287175041966 589.3999899625778
0.6233056100545941 0.001029084885306348 9.554162205245399E-5 0.44293506825556217 650.9999889135361
0.623467583598676 0.0010657102141372343 1.0149438528379695E-4 0.4782379014937851 650.9999889135361
0.6237717511190884 0.0010059603611021328 9.582639553180108E-5 0.42582568492149053 685.9999883174896
0.6237113588727505 0.0010329196856000138 9.720472478669483E-5 0.4561727165379769 671.0
0.6236678415336403 0.0010022824127952233 9.331541308614137E-5 0.4096934620671292 641.0
0.6237979076365275 0.001011278154624028 9.638910025830493E-5 0.41487767524397406 650.9999889135361
0.6237165194750531 0.001042696986796237 9.426346605788794E-5 0.46363798834414055 650.9999889135361
0.6238295949172853 9.890671357072583E-4 9.633158072954992E-5 0.4382506781902717 650.9999889135361
0.6239529544023181 9.732744685089264E-4 9.720256787675621E-5 0.44264863369408425 650.9999889135361
0.6239274345284922 0.0010455899420399263 9.819889083731182E-5 0.4066622669160435 650.9999889135361
