0.6236024313988836 0.0010550690713189597 9.726529202643821E-5 0.4305754275772725 650.9999889135361
0.6239208060858407 0.0010237184310505386 9.520569751279325E-5 0.3842489072861709 650.9999889135361
0.6241222955660184 9.919101104308734E-4 9.067035623442143E-5 0.4295642370882349 650.9999889135361
0.6237124676902212 9.742025819169293E-4 1.0314028697918562E-4 0.4476090869499273 650.9999889135361
0.6240059781962906 0.0010436364791367822 9.332863267414292E-5 0.3762240257653834 650.9999889135361
0.6239340595360321 0.0010436943599469205 8.940677256581687E-5 0.38544137945362045 650.9999889135361
0.6236015691819098 0.0010471141880908467 9.288089513120156E-5 0.35327822047402097 625.0
0.6244593806632935 9.518415018993767E-4 8.950023415562496E-5 0.4192901253860899 650.9999889135361
0.6238355145786603 0.0010182570392168755 9.202583065510049E-5 0.3695090024998208 640.0
0.6235385099234592 0.0010153246620369192 9.364434769962758E-5 0.42136613934771 638.3999891281128
0.6234825835509514 9.995817178716506E-4 9.510497290362945E-5 0.43937735732804467 712.5999878644943
0.6238668294083373 0.0010448782328444028 9.660869899305756E-5 0.3827039791164126 645.0
0.6229036977533243 0.0011250869931074985 9.69089745444821E-5 0.40958859060465275 753.8999871611595
0.6373546523297209 2.475234478881713E-4 6.642017013776624E-5 0.3029184058935723 344.39999413490295
0.6234586231208763 9.891347771228752E-4 9.566190520737303E-5 0.4042994920554255 650.9999889135361
0.6233651500770642 0.0010621171268316374 1.0379763890365526E-4 0.4004033596019633 644.6999890208244
0.6238021281589806 0.0010783156334011714 9.540299186214388E-5 0.398714292569991 640.49998909235
0.623589531246337 0.0010576303353867088 9.094236396134884E-5 0.39991809422751956 749.0
0.6233833994516818 0.0010286159093423454 9.88354771061158E-5 0.40323167840720925 622.0
0.6237847335065113 0.0010279296745903123 8.917545887123651E-5 0.4002140155815501 644.6999890208244
