0.6257241989480358 8.125930649275361E-4 7.556148942247576E-5 0.4370086318818758 507.0
0.6257625415279134 8.210100153709983E-4 7.538204148734935E-5 0.4331671635622749 495.0
0.625725021400824 8.065719933920933E-4 7.812658634784445E-5 0.4563231202236712 495.0
0.6257066437814589 8.048307550589753E-4 7.966979643651468E-5 0.4712597382094657 540.0
0.6259037454589026 8.115537753054387E-4 7.551620860486514E-5 0.4558746242862731 470.0
0.6253329464716746 8.325491497343688E-4 7.721904416026257E-5 0.46458649386824435 575.3999902009964
0.6258848650617944 7.925986799805902E-4 7.84839899527446E-5 0.47601358641253233 495.0
0.6257433951686626 8.094143486109031E-4 7.582771294807099E-5 0.43127585878392355 600.8999897837639
0.6257628438191365 8.269225517948975E-4 8.314390384676536E-5 0.45302660740930945 470.0
0.6255526992751885 8.173926711878781E-4 8.152545429329689E-5 0.4455906050105054 495.0
0.6257926338686088 8.093209082654688E-4 7.98653387617145E-5 0.4471196252782321 495.0
0.625938235907716 8.049857642113893E-4 7.332920051628401E-5 0.4007123690093733 461.0
0.6255904719361987 8.261590802898798E-4 7.951174838623199E-5 0.47648686878776797 567.6999903321266
0.625867956740113 7.882912671196941E-4 7.226134090399373E-5 0.44362741547249424 541.0999907851219
0.6256998761640693 8.118399123767929E-4 7.790371279166368E-5 0.43450663808523987 461.0
0.6255670623756507 8.226582427281171E-4 7.914482601739896E-5 0.4646566388822305 576.0999901890755
0.6258504891172187 8.10375490436493E-4 7.300583662405944E-5 0.4179629958092088 495.0
0.6258019820994271 7.943812935693438E-4 7.757664781212049E-5 0.4764059303831545 470.0
0.6259835202555332 7.989634466867691E-4 7.818984820669717E-5 0.4232345956698064 469.29999202489853
0.6257294122223136 8.215075243507595E-4 8.029365896688555E-5 0.4447173400807396 492.799991607666
