0.0 -0.0 
34698.0 -27406.799533724785 
34698.0 -27406.799533724785 
0.0 -0.0 
3784.0 -5906.29989951849 
1917.0 -3917.699933350086 
2707.0 -4149.399929404259 
346.0 -2063.499964892864 
1283.0 -2095.6999643445015 
9076.0 -10301.699824750423 
3573.0 -5105.899913132191 
2869.0 -4954.699915707111 
8146.0 -9725.299834549427 
11460.0 -12429.599788546562 
9250.0 -11020.59981250763 
13278.0 -14823.499747812748 
30497.0 -27229.69953674078 
12443.0 -13400.799772024155 
5004.0 -6888.699882805347 
31766.0 -27333.299534976482 
15099.0 -16189.099724590778 
12708.0 -14058.099760830402 
1297.0 -3057.799947977066 
16051.0 -17226.099706947803 
17661.0 -18761.499680817127 
5713.0 -7207.499877393246 
59.0 -1049.5999821424484 
18268.0 -19280.49967199564 
15195.0 -16906.599712371826 
24040.0 -24007.699591577053 
24477.0 -24414.399584650993 
27500.0 -26470.899549663067 
21827.0 -22387.29961913824 
13240.0 -14180.59975874424 
10751.0 -12110.799793958664 
10267.0 -11343.599807024002 
1755.0 -3112.3999470472336 
16221.0 -17933.099694907665 
18595.0 -20007.099659621716 
10134.0 -11078.699811518192 
14230.0 -15860.499730169773 
55.0 -1020.1999826431274 
17335.0 -18362.499687612057 
22078.0 -22793.299612224102 
13992.0 -15194.499741494656 
27001.0 -25969.39955818653 
32756.0 -27361.299534499645 
6060.0 -7954.3998646736145 
11932.0 -13098.799777150154 
29045.0 -26951.09954148531 
18213.0 -19038.69967609644 
16930.0 -18251.899689495564 
15719.0 -16956.29971152544 
25749.0 -25444.399567127228 
19304.0 -20325.899654209614 
22898.0 -23002.599608659744 
10415.0 -12049.199795007706 
34551.0 -27406.099533736706 
30068.0 -27084.099539220333 
7059.0 -8679.199852347374 
29542.0 -27024.599540233612 
7483.0 -9062.099845826626 
26308.0 -25841.99956035614 
4922.0 -6313.299892604351 
25667.0 -24977.899575054646 
33482.0 -27402.59953379631 
20073.0 -21099.399641036987 
19119.0 -20056.79965877533 
16479.0 -18042.99969303608 
21072.0 -21824.199628710747 
22655.0 -22807.999611973763 
14139.0 -15195.199741482735 
26280.0 -25488.49956637621 
11635.0 -13031.599778294563 
28120.0 -26903.499542295933 
20524.0 -21308.29963749647 
8367.0 -9982.899830162525 
32278.0 -27339.599534869194 
19815.0 -20989.499642908573 
28395.0 -26930.099541842937 
6396.0 -8015.999863624573 
6961.0 -8205.999860405922 
7147.0 -9000.499846875668 
27895.0 -26500.299549162388 
23110.0 -23431.299601376057 
23257.0 -23431.999601364136 
25250.0 -24942.899575650692 
20814.0 -21714.299630582333 
23497.0 -23823.999594688416 
26873.0 -25943.499558627605 
4493.0 -6225.099894106388 
14664.0 -15882.899729788303 
4493.0 -6225.099894106388 
21467.0 -22060.099624693394 
6763.0 -8172.099860966206 
20773.0 -21370.59963643551 
23556.0 -23885.599593639374 
19627.0 -20645.09964877367 
5713.0 -7207.499877393246 
7483.0 -9062.099845826626 
