0.0 -0.0 
34698.0 -27406.799533724785 
34698.0 -27406.799533724785 
0.0 -0.0 
346.0 -2063.499964892864 
3784.0 -5906.29989951849 
24131.0 -23968.199592232704 
1283.0 -2095.6999643445015 
3573.0 -5105.899913132191 
2869.0 -4954.699915707111 
32828.0 -27373.19953429699 
1917.0 -3917.699933350086 
6060.0 -7954.3998646736145 
12208.0 -13032.299778282642 
15099.0 -16189.099724590778 
5741.0 -7223.599877119064 
13278.0 -14823.499747812748 
21341.0 -21830.49962860346 
13240.0 -14180.59975874424 
1755.0 -3112.3999470472336 
23354.0 -23431.999601364136 
1297.0 -3057.799947977066 
59.0 -1049.5999821424484 
22078.0 -22793.299612224102 
10154.0 -11028.2998123765 
9076.0 -10301.699824750423 
20814.0 -21714.299630582333 
31047.0 -27268.19953608513 
26541.0 -25678.199563145638 
16221.0 -17933.099694907665 
12634.0 -13756.399765968323 
20618.0 -21158.49964004755 
7856.0 -9319.299841463566 
10415.0 -12049.199795007706 
16969.0 -18251.899689495564 
25688.0 -25409.399567723274 
25525.0 -24963.199575304985 
24914.0 -24881.299576699734 
7059.0 -8679.199852347374 
15195.0 -16906.599712371826 
4783.0 -6631.099887192249 
9250.0 -11020.59981250763 
55.0 -1020.1999826431274 
27185.0 -26029.199557185173 
13978.0 -15085.29974335432 
14230.0 -15860.499730169773 
14488.0 -15970.399728298187 
8146.0 -9725.299834549427 
28431.0 -26929.39954185486 
29269.0 -27043.499539911747 
27500.0 -26470.899549663067 
6060.0 -7954.3998646736145 
4493.0 -6225.099894106388 
22698.0 -22935.399609804153 
16051.0 -17226.099706947803 
18552.0 -19485.599668502808 
8899.0 -10052.899828970432 
19801.0 -20456.7996519804 
11286.0 -12110.799793958664 
26386.0 -25428.99956738949 
17259.0 -18657.899682581425 
2707.0 -4149.399929404259 
8285.0 -9974.499830305576 
18595.0 -20007.099659621716 
30375.0 -27228.9995367527 
16639.0 -17982.0996940732 
12658.0 -13892.899763643742 
11635.0 -13031.599778294563 
18130.0 -19092.599675178528 
7483.0 -9062.099845826626 
15453.0 -17016.49971050024 
5478.0 -6922.999882221222 
19092.0 -20137.999657392502 
19304.0 -20325.899654209614 
11469.0 -12727.799783468246 
2545.0 -4056.2999309897423 
10249.0 -11745.399800181389 
29269.0 -27043.499539911747 
5032.0 -6904.799882531166 
31831.0 -27317.199535250664 
24330.0 -24413.699584662914 
23034.0 -22996.99960875511 
17569.0 -18980.599677085876 
7059.0 -8679.199852347374 
14139.0 -15195.199741482735 
21788.0 -22387.29961913824 
33770.0 -27405.399533748627 
11368.0 -12368.699789583683 
21788.0 -22387.29961913824 
33770.0 -27405.399533748627 
18278.0 -19299.399671673775 
9558.0 -11024.799812436104 
27997.0 -26601.799547433853 
7147.0 -9000.499846875668 
30375.0 -27228.9995367527 
20276.0 -20927.899643957615 
24748.0 -24462.69958382845 
27459.0 -26041.799556970596 
23182.0 -23382.29960221052 
15904.0 -17225.399706959724 
