0.0 -0.0 
34698.0 -27406.799533724785 
34698.0 -27406.799533724785 
0.0 -0.0 
346.0 -2063.499964892864 
2707.0 -4149.399929404259 
1917.0 -3917.699933350086 
9076.0 -10301.699824750423 
1283.0 -2095.6999643445015 
3573.0 -5105.899913132191 
2869.0 -4954.699915707111 
6060.0 -7954.3998646736145 
12708.0 -14058.099760830402 
4829.0 -6286.699893057346 
3784.0 -5906.29989951849 
25398.0 -25003.399574637413 
24656.0 -24771.39957857132 
15099.0 -16189.099724590778 
1297.0 -3057.799947977066 
28890.0 -26994.499540746212 
1755.0 -3112.3999470472336 
23497.0 -23823.999594688416 
8367.0 -9982.899830162525 
11635.0 -13031.599778294563 
17987.0 -19029.59967625141 
16415.0 -17888.999695658684 
59.0 -1049.5999821424484 
12344.0 -13350.399772882462 
24040.0 -24007.699591577053 
23146.0 -23382.9996021986 
24402.0 -24364.69958549738 
8146.0 -9725.299834549427 
13240.0 -14180.59975874424 
28059.0 -26868.49954289198 
33526.0 -27404.699533760548 
11124.0 -12367.999789595604 
7901.0 -9111.09984499216 
10159.0 -11082.899811446667 
15195.0 -16906.599712371826 
19594.0 -20731.899647295475 
32425.0 -27340.299534857273 
10249.0 -11745.399800181389 
27348.0 -25951.499558508396 
18555.0 -19344.899670898914 
5004.0 -6888.699882805347 
55.0 -1020.1999826431274 
22078.0 -22793.299612224102 
17206.0 -18105.999691963196 
11414.0 -12773.999782681465 
7147.0 -9000.499846875668 
27439.0 -26435.899550259113 
26665.0 -25907.799559235573 
30381.0 -27192.59953737259 
14709.0 -15878.699729859829 
15780.0 -16936.699711859226 
17220.0 -18657.899682581425 
20555.0 -21083.999641299248 
25688.0 -25409.399567723274 
23004.0 -22962.29960936308 
9250.0 -11020.59981250763 
6961.0 -8205.999860405922 
17441.0 -18915.499678194523 
6722.0 -7957.89986461401 
31427.0 -27284.999535799026 
33257.0 -27340.999534845352 
28004.0 -26485.599549412727 
30646.0 -27272.399536013603 
26294.0 -25732.799562215805 
13278.0 -14823.499747812748 
22616.0 -22814.999611854553 
19815.0 -20989.499642908573 
18568.0 -19705.399664759636 
10751.0 -12110.799793958664 
5677.0 -6948.899881780148 
16051.0 -17226.099706947803 
21788.0 -22387.29961913824 
31818.0 -27305.9995354414 
16759.0 -17954.799694538116 
19469.0 -20090.399658203125 
26091.0 -25446.499567091465 
14139.0 -15195.199741482735 
9586.0 -11082.199811458588 
29625.0 -27065.899539530277 
5713.0 -7207.499877393246 
10415.0 -12049.199795007706 
14230.0 -15860.499730169773 
4307.0 -5981.19989824295 
21209.0 -21950.19962656498 
7483.0 -9062.099845826626 
20286.0 -21077.699641406536 
21788.0 -22387.29961913824 
20847.0 -21627.499632060528 
29596.0 -27036.499540030956 
18839.0 -20007.799659609795 
13734.0 -15084.599743366241 
13552.0 -14836.099747598171 
21209.0 -21950.19962656498 
20988.0 -21692.59963095188 
12344.0 -13350.399772882462 
16051.0 -17226.099706947803 
