0.0 -0.0 
34698.0 -27406.799533724785 
34698.0 -27406.799533724785 
0.0 -0.0 
346.0 -2063.499964892864 
1917.0 -3917.699933350086 
2707.0 -4149.399929404259 
1283.0 -2095.6999643445015 
7147.0 -9000.499846875668 
16221.0 -17933.099694907665 
3573.0 -5105.899913132191 
9076.0 -10301.699824750423 
6977.0 -8286.499859035015 
31604.0 -27273.099536001682 
4307.0 -5981.19989824295 
7856.0 -9319.299841463566 
29918.0 -27145.69953817129 
15195.0 -16906.599712371826 
5741.0 -7223.599877119064 
31039.0 -27223.39953684807 
3784.0 -5906.29989951849 
11635.0 -13031.599778294563 
2869.0 -4954.699915707111 
1755.0 -3112.3999470472336 
1297.0 -3057.799947977066 
19304.0 -20325.899654209614 
16930.0 -18251.899689495564 
14230.0 -15860.499730169773 
13278.0 -14823.499747812748 
59.0 -1049.5999821424484 
10340.0 -11380.699806392193 
26407.0 -25797.89956110716 
8146.0 -9725.299834549427 
18526.0 -19390.399670124054 
12708.0 -14058.099760830402 
21556.0 -21946.299626648426 
13240.0 -14180.59975874424 
17335.0 -18362.499687612057 
20597.0 -21153.599640130997 
9250.0 -11020.59981250763 
12546.0 -13141.499776422977 
14139.0 -15195.199741482735 
33526.0 -27404.699533760548 
16051.0 -17226.099706947803 
32765.0 -27375.999534249306 
17559.0 -18961.69967740774 
6060.0 -7954.3998646736145 
6478.0 -8003.3998638391495 
13734.0 -15084.599743366241 
55.0 -1020.1999826431274 
14775.0 -15992.099727928638 
23182.0 -23347.999602794647 
27210.0 -26064.899556577206 
15871.0 -17065.499709665775 
18595.0 -20007.099659621716 
27439.0 -26435.899550259113 
15099.0 -16189.099724590778 
19788.0 -20687.799648046494 
28206.0 -26869.19954288006 
20814.0 -21714.299630582333 
25098.0 -24695.0995798707 
24666.0 -24475.299583613873 
20073.0 -21099.399641036987 
18853.0 -20116.99965775013 
5498.0 -6913.899882376194 
18175.0 -19092.599675178528 
26050.0 -25732.099562227726 
29389.0 -27016.199540376663 
25621.0 -24896.699576437473 
5032.0 -6904.799882531166 
4783.0 -6631.099887192249 
22078.0 -22793.299612224102 
11124.0 -12367.999789595604 
21053.0 -21735.299630224705 
24212.0 -23805.09959501028 
23436.0 -23788.999595284462 
24330.0 -24413.699584662914 
10378.0 -11728.599800467491 
22820.0 -23025.299608290195 
12641.0 -13417.599771738052 
11124.0 -12367.999789595604 
24227.0 -23935.999592781067 
8604.0 -9975.199830293655 
21788.0 -22387.29961913824 
10928.0 -12056.199794888496 
9586.0 -11082.199811458588 
4783.0 -6631.099887192249 
25688.0 -25409.399567723274 
27844.0 -26546.499548375607 
23298.0 -23775.69959551096 
20057.0 -20694.099647939205 
8604.0 -9975.199830293655 
29029.0 -26980.49954098463 
17817.0 -19071.599675536156 
25434.0 -24756.69957882166 
22967.0 -23025.999608278275 
25749.0 -25444.399567127228 
21788.0 -22387.29961913824 
10415.0 -12049.199795007706 
9586.0 -11082.199811458588 
