0.0 -0.0 
34698.0 -27406.799533724785 
34698.0 -27406.799533724785 
0.0 -0.0 
346.0 -2063.499964892864 
7147.0 -9000.499846875668 
26308.0 -25841.99956035614 
1283.0 -2095.6999643445015 
15195.0 -16906.599712371826 
31925.0 -27314.399535298347 
1917.0 -3917.699933350086 
6769.0 -8273.199859261513 
27324.0 -26007.1995575428 
5627.0 -6952.399881720543 
9959.0 -11339.399807095528 
22078.0 -22793.299612224102 
3784.0 -5906.29989951849 
17699.0 -19025.399676322937 
1297.0 -3057.799947977066 
17220.0 -18657.899682581425 
23198.0 -23058.59960770607 
13278.0 -14823.499747812748 
9076.0 -10301.699824750423 
4783.0 -6631.099887192249 
9250.0 -11020.59981250763 
15904.0 -17225.399706959724 
16221.0 -17933.099694907665 
24656.0 -24771.39957857132 
3573.0 -5105.899913132191 
13240.0 -14180.59975874424 
27475.0 -26435.199550271034 
20750.0 -21148.399640202522 
2707.0 -4149.399929404259 
28754.0 -26953.899541437626 
14139.0 -15195.199741482735 
1755.0 -3112.3999470472336 
22727.0 -22924.19960999489 
29883.0 -27154.09953802824 
21868.0 -22130.0996235013 
19343.0 -20325.899654209614 
8367.0 -9982.899830162525 
11020.0 -12117.099793851376 
55.0 -1020.1999826431274 
29364.0 -27028.099540174007 
18595.0 -20007.099659621716 
10249.0 -11745.399800181389 
8274.0 -9368.2998406291 
14230.0 -15860.499730169773 
23298.0 -23775.69959551096 
13734.0 -15084.599743366241 
2869.0 -4954.699915707111 
19594.0 -20731.899647295475 
15099.0 -16189.099724590778 
4546.0 -6002.199897885323 
11393.0 -12374.299789488316 
23947.0 -23906.599593281746 
25305.0 -24902.299576342106 
59.0 -1049.5999821424484 
25688.0 -25409.399567723274 
18268.0 -19280.49967199564 
5032.0 -6904.799882531166 
18555.0 -19344.899670898914 
10415.0 -12049.199795007706 
12613.0 -13356.699772775173 
16930.0 -18251.899689495564 
30627.0 -27173.699537694454 
19061.0 -20016.199659466743 
27862.0 -26793.59954416752 
32756.0 -27380.19953417778 
6526.0 -7963.499864518642 
8917.0 -9995.499829947948 
30917.0 -27247.199536442757 
32954.0 -27396.2995339036 
28137.0 -26820.199543714523 
2541.0 -4027.5999314785004 
11609.0 -12676.699784338474 
12708.0 -14058.099760830402 
20814.0 -21714.299630582333 
14566.0 -15922.099729120731 
12696.0 -13792.099765360355 
24330.0 -24413.699584662914 
11635.0 -13031.599778294563 
19815.0 -20989.499642908573 
25688.0 -25409.399567723274 
6060.0 -7954.3998646736145 
12288.0 -13143.599776387215 
3016.0 -4955.39991569519 
6031.0 -7629.5998702049255 
33831.0 -27399.799533843994 
4307.0 -5981.19989824295 
34343.0 -27406.099533736706 
14954.0 -16066.999726653099 
21463.0 -21845.19962835312 
24330.0 -24413.699584662914 
7856.0 -9319.299841463566 
20073.0 -21099.399641036987 
6031.0 -7629.5998702049255 
23730.0 -23863.899594008923 
12046.0 -13090.399777293205 
7856.0 -9319.299841463566 
