0.0 -0.0 
34698.0 -27406.799533724785 
34698.0 -27406.799533724785 
0.0 -0.0 
24656.0 -24771.39957857132 
6060.0 -7954.3998646736145 
3784.0 -5906.29989951849 
2707.0 -4149.399929404259 
1917.0 -3917.699933350086 
9076.0 -10301.699824750423 
10415.0 -12049.199795007706 
346.0 -2063.499964892864 
8367.0 -9982.899830162525 
21931.0 -22027.899625241756 
20558.0 -21278.19963800907 
4493.0 -6225.099894106388 
3573.0 -5105.899913132191 
15195.0 -16906.599712371826 
19701.0 -20184.8996565938 
5741.0 -7223.599877119064 
19815.0 -20989.499642908573 
1297.0 -3057.799947977066 
1755.0 -3112.3999470472336 
31533.0 -27284.299535810947 
1283.0 -2095.6999643445015 
59.0 -1049.5999821424484 
28094.0 -26642.39954674244 
14139.0 -15195.199741482735 
29375.0 -27044.199539899826 
26111.0 -25767.09956163168 
24267.0 -23940.19959270954 
9250.0 -11020.59981250763 
23298.0 -23775.69959551096 
13240.0 -14180.59975874424 
23102.0 -23219.899604976177 
13278.0 -14823.499747812748 
17169.0 -18272.899689137936 
22078.0 -22793.299612224102 
15975.0 -16935.299711883068 
16162.0 -17335.29970508814 
30094.0 -27140.799538254738 
12621.0 -13130.999776601791 
2869.0 -4954.699915707111 
25545.0 -25004.099574625492 
15099.0 -16189.099724590778 
20994.0 -21628.199632048607 
21329.0 -21812.299628913403 
27325.0 -25944.199558615685 
26726.0 -25942.799558639526 
11609.0 -12676.699784338474 
4783.0 -6631.099887192249 
7639.0 -8929.099848091602 
16612.0 -17934.499694883823 
10267.0 -11343.599807024002 
8192.0 -9380.899840414524 
13816.0 -14929.899746000767 
14230.0 -15860.499730169773 
18513.0 -19485.599668502808 
55.0 -1020.1999826431274 
27500.0 -26470.899549663067 
12634.0 -13756.399765968323 
25835.0 -25410.099567711353 
6769.0 -8273.199859261513 
17931.0 -18978.49967712164 
18428.0 -19109.399674892426 
16221.0 -17933.099694907665 
33223.0 -27402.59953379631 
5032.0 -6904.799882531166 
23755.0 -23933.89959281683 
34343.0 -27406.099533736706 
22760.0 -22989.299608886242 
18595.0 -20007.099659621716 
12708.0 -14058.099760830402 
7856.0 -9319.299841463566 
33526.0 -27404.699533760548 
17625.0 -18768.499680697918 
5579.0 -6936.999881982803 
9668.0 -11069.599811673164 
11124.0 -12367.999789595604 
17220.0 -18657.899682581425 
28486.0 -26960.899541318417 
11932.0 -13098.799777150154 
28725.0 -26981.89954096079 
894.0 -2090.099964439869 
30884.0 -27239.499536573887 
9959.0 -11339.399807095528 
32409.0 -27349.3995347023 
22336.0 -22903.199610352516 
30645.0 -27228.29953676462 
19092.0 -20137.999657392502 
7267.0 -8692.499852120876 
6769.0 -8273.199859261513 
32409.0 -27349.3995347023 
3143.0 -4967.299915492535 
11124.0 -12367.999789595604 
14837.0 -16041.099727094173 
11830.0 -12934.299779951572 
14488.0 -15970.399728298187 
25814.0 -25010.399574518204 
7267.0 -8692.499852120876 
