0.0 -0.0 
34698.0 -27406.799533724785 
34698.0 -27406.799533724785 
0.0 -0.0 
19815.0 -20989.499642908573 
346.0 -2063.499964892864 
9076.0 -10301.699824750423 
14230.0 -15860.499730169773 
9250.0 -11020.59981250763 
3573.0 -5105.899913132191 
10470.0 -12002.999795794487 
2869.0 -4954.699915707111 
8285.0 -9974.499830305576 
7147.0 -9000.499846875668 
6060.0 -7954.3998646736145 
24975.0 -24916.299576103687 
25957.0 -25059.39957368374 
5741.0 -7223.599877119064 
5032.0 -6904.799882531166 
3784.0 -5906.29989951849 
20524.0 -21308.29963749647 
24040.0 -24007.699591577053 
1917.0 -3917.699933350086 
15099.0 -16189.099724590778 
1297.0 -3057.799947977066 
15195.0 -16906.599712371826 
32307.0 -27366.1995344162 
16051.0 -17226.099706947803 
31010.0 -27263.299536168575 
1755.0 -3112.3999470472336 
23094.0 -23037.89960807562 
23298.0 -23775.69959551096 
2707.0 -4149.399929404259 
59.0 -1049.5999821424484 
19304.0 -20325.899654209614 
9959.0 -11339.399807095528 
11903.0 -13021.799778461456 
7856.0 -9319.299841463566 
18268.0 -19280.49967199564 
1283.0 -2095.6999643445015 
31971.0 -27304.59953546524 
6737.0 -8003.3998638391495 
55.0 -1020.1999826431274 
13240.0 -14180.59975874424 
16368.0 -17933.799694895744 
29266.0 -26960.199541330338 
17441.0 -18915.499678194523 
17832.0 -18916.89967817068 
28593.0 -26884.599542617798 
24330.0 -24413.699584662914 
24748.0 -24462.69958382845 
33578.0 -27398.399533867836 
27439.0 -26435.899550259113 
15870.0 -16969.599711298943 
13536.0 -14933.399745941162 
8192.0 -9380.899840414524 
13278.0 -14823.499747812748 
18440.0 -19640.299665868282 
17387.0 -18242.799689650536 
22078.0 -22793.299612224102 
18595.0 -20007.099659621716 
11179.0 -12321.799790382385 
17124.0 -18207.799690246582 
21696.0 -21985.899625957012 
26129.0 -25519.29956585169 
11123.0 -12081.399794459343 
4307.0 -5981.19989824295 
5478.0 -6922.999882221222 
12708.0 -14058.099760830402 
12707.0 -13601.699768602848 
11414.0 -12773.999782681465 
2286.0 -4136.099929630756 
27972.0 -26566.09954804182 
4493.0 -6225.099894106388 
26707.0 -25853.899560153484 
28183.0 -26688.599545955658 
14139.0 -15195.199741482735 
7105.0 -8334.799858212471 
30218.0 -27137.299538314342 
16607.0 -17954.799694538116 
1066.0 -2080.299964606762 
30426.0 -27172.999537706375 
14134.0 -15142.999742388725 
19304.0 -20325.899654209614 
9959.0 -11339.399807095528 
20847.0 -21627.499632060528 
22336.0 -22903.199610352516 
27439.0 -26435.899550259113 
4493.0 -6225.099894106388 
21209.0 -21950.19962656498 
26707.0 -25853.899560153484 
11683.0 -12780.299782574177 
21788.0 -22387.29961913824 
12443.0 -13400.799772024155 
7068.0 -8273.199859261513 
34099.0 -27405.399533748627 
29158.0 -26934.299541771412 
12443.0 -13400.799772024155 
26407.0 -25797.89956110716 
26371.0 -25618.699564158916 
