0.0 -0.0 
34698.0 -27406.799533724785 
34698.0 -27406.799533724785 
0.0 -0.0 
1917.0 -3917.699933350086 
346.0 -2063.499964892864 
1283.0 -2095.6999643445015 
3573.0 -5105.899913132191 
7989.0 -9255.59984254837 
6722.0 -7957.89986461401 
6060.0 -7954.3998646736145 
5741.0 -7223.599877119064 
4783.0 -6631.099887192249 
12634.0 -13756.399765968323 
3784.0 -5906.29989951849 
2707.0 -4149.399929404259 
1297.0 -3057.799947977066 
7059.0 -8679.199852347374 
18742.0 -20007.799659609795 
1755.0 -3112.3999470472336 
5498.0 -6913.899882376194 
7147.0 -9000.499846875668 
14230.0 -15860.499730169773 
59.0 -1049.5999821424484 
16051.0 -17226.099706947803 
15099.0 -16189.099724590778 
9250.0 -11020.59981250763 
23298.0 -23775.69959551096 
9076.0 -10301.699824750423 
18440.0 -19640.299665868282 
13278.0 -14823.499747812748 
30742.0 -27147.79953813553 
22225.0 -22793.99961221218 
13240.0 -14180.59975874424 
22752.0 -22910.199610233307 
17358.0 -18544.499684512615 
27291.0 -25992.49955779314 
19815.0 -20989.499642908573 
25545.0 -25004.099574625492 
25688.0 -25409.399567723274 
10388.0 -11427.59980559349 
13810.0 -14945.999745726585 
33310.0 -27355.699534595013 
16221.0 -17933.099694907665 
2869.0 -4954.699915707111 
11635.0 -13031.599778294563 
27808.0 -26437.29955023527 
4493.0 -6225.099894106388 
8146.0 -9725.299834549427 
55.0 -1020.1999826431274 
10415.0 -12049.199795007706 
14762.0 -15982.99972808361 
15342.0 -16907.299712359905 
19304.0 -20325.899654209614 
17569.0 -18980.599677085876 
20814.0 -21714.299630582333 
26382.0 -25415.699567615986 
31381.0 -27270.299536049366 
18434.0 -19012.799676537514 
12275.0 -13134.499776542187 
29761.0 -26993.099540770054 
29903.0 -27133.099538385868 
28283.0 -26806.89954394102 
14139.0 -15195.199741482735 
8367.0 -9982.899830162525 
15195.0 -16906.599712371826 
9959.0 -11339.399807095528 
12539.0 -13253.09977453947 
32316.0 -27313.69953531027 
20810.0 -21306.899637520313 
26802.0 -25827.29956060648 
10881.0 -12058.299794852734 
9698.0 -11065.39981174469 
8899.0 -10052.899828970432 
16460.0 -17954.099694550037 
19573.0 -20332.199654102325 
21209.0 -21950.19962656498 
25074.0 -24820.399577736855 
22032.0 -22352.999619722366 
23102.0 -23219.899604976177 
32463.0 -27314.399535298347 
21467.0 -22060.099624693394 
34099.0 -27405.399533748627 
16930.0 -18251.899689495564 
24717.0 -24806.399577975273 
26407.0 -25797.89956110716 
21919.0 -22197.599622368813 
27439.0 -26435.899550259113 
28989.0 -26923.799541950226 
23965.0 -23792.499595224857 
11124.0 -12367.999789595604 
18035.0 -18989.699676930904 
3016.0 -4955.39991569519 
24604.0 -24426.299584448338 
33705.0 -27385.099534094334 
4307.0 -5981.19989824295 
24330.0 -24413.699584662914 
11393.0 -12374.299789488316 
17077.0 -18252.599689483643 
31269.0 -27196.099537312984 
