0.0 -0.0 
34698.0 -27406.799533724785 
0.0 -0.0 
34698.0 -27406.799533724785 
5741.0 -7223.599877119064 
3784.0 -5906.29989951849 
5004.0 -6888.699882805347 
22078.0 -22793.299612224102 
9076.0 -10301.699824750423 
22956.0 -23045.299607932568 
16162.0 -17335.29970508814 
19815.0 -20989.499642908573 
20626.0 -21369.89963644743 
33091.0 -27392.099533975124 
346.0 -2063.499964892864 
1283.0 -2095.6999643445015 
23703.0 -23886.299593627453 
1917.0 -3917.699933350086 
12613.0 -13356.699772775173 
1297.0 -3057.799947977066 
2869.0 -4954.699915707111 
3573.0 -5105.899913132191 
1755.0 -3112.3999470472336 
12708.0 -14058.099760830402 
7147.0 -9000.499846875668 
2707.0 -4149.399929404259 
59.0 -1049.5999821424484 
26154.0 -25554.99956524372 
31405.0 -27311.59953534603 
17441.0 -18915.499678194523 
6060.0 -7954.3998646736145 
8285.0 -9974.499830305576 
14139.0 -15195.199741482735 
13278.0 -14823.499747812748 
13240.0 -14180.59975874424 
7856.0 -9319.299841463566 
4829.0 -6286.699893057346 
10415.0 -12049.199795007706 
15453.0 -17016.49971050024 
30730.0 -27167.399537801743 
32817.0 -27379.4995341897 
15195.0 -16906.599712371826 
9250.0 -11020.59981250763 
24692.0 -24770.69957858324 
4681.0 -5937.099898993969 
13970.0 -14824.899747788906 
25719.0 -24935.8995757699 
18440.0 -19640.299665868282 
55.0 -1020.1999826431274 
27250.0 -25992.49955779314 
12174.0 -13070.099777638912 
15099.0 -16189.099724590778 
30157.0 -27166.699537813663 
23294.0 -23368.29960244894 
21506.0 -22060.099624693394 
14726.0 -15931.899728953838 
27500.0 -26470.899549663067 
25229.0 -24772.0995785594 
29220.0 -26980.49954098463 
16221.0 -17933.099694907665 
26726.0 -25942.799558639526 
19627.0 -20645.09964877367 
8604.0 -9975.199830293655 
28120.0 -26903.499542295933 
10267.0 -11343.599807024002 
28515.0 -26932.899541795254 
11658.0 -12774.699782669544 
29497.0 -27132.39953839779 
27758.0 -26580.79954779148 
21252.0 -21738.09963017702 
6722.0 -7957.89986461401 
16870.0 -18063.99969267845 
9715.0 -11065.39981174469 
10833.0 -12098.19979417324 
20814.0 -21714.299630582333 
2286.0 -4136.099929630756 
21882.0 -22237.49962168932 
24330.0 -24413.699584662914 
23298.0 -23775.69959551096 
11393.0 -12374.299789488316 
24330.0 -24413.699584662914 
17188.0 -18361.799687623978 
18016.0 -18963.79967737198 
18853.0 -20116.99965775013 
635.0 -2090.099964439869 
6769.0 -8273.199859261513 
14230.0 -15860.499730169773 
18244.0 -19084.4996753335 
11179.0 -12321.799790382385 
9959.0 -11339.399807095528 
11756.0 -13021.099778473377 
19627.0 -20645.09964877367 
7856.0 -9319.299841463566 
16479.0 -18042.99969303608 
7147.0 -9000.499846875668 
6769.0 -8273.199859261513 
31405.0 -27311.59953534603 
25724.0 -25408.699567735195 
18853.0 -20116.99965775013 
17188.0 -18361.799687623978 
