0.0 -0.0 
34698.0 -27406.799533724785 
34698.0 -27406.799533724785 
0.0 -0.0 
346.0 -2063.499964892864 
9076.0 -10301.699824750423 
14139.0 -15195.199741482735 
1283.0 -2095.6999643445015 
13278.0 -14823.499747812748 
21788.0 -22387.29961913824 
3573.0 -5105.899913132191 
2869.0 -4954.699915707111 
7565.0 -9049.499846041203 
6769.0 -8273.199859261513 
8279.0 -9661.599835634232 
32655.0 -27347.999534726143 
3784.0 -5906.29989951849 
14230.0 -15860.499730169773 
1917.0 -3917.699933350086 
7147.0 -9000.499846875668 
5880.0 -7134.399878621101 
1297.0 -3057.799947977066 
11635.0 -13031.599778294563 
1755.0 -3112.3999470472336 
18591.0 -19599.699666559696 
18595.0 -20007.099659621716 
2707.0 -4149.399929404259 
59.0 -1049.5999821424484 
8285.0 -9974.499830305576 
29650.0 -27101.59953892231 
15195.0 -16906.599712371826 
24330.0 -24413.699584662914 
13240.0 -14180.59975874424 
12432.0 -13179.999775767326 
20638.0 -21098.69964104891 
19334.0 -20321.69965428114 
22820.0 -23025.299608290195 
21592.0 -21831.49962860346 
28120.0 -26903.499542295933 
15871.0 -17065.499709665775 
9250.0 -11020.59981250763 
6060.0 -7954.3998646736145 
23237.0 -23413.79960167408 
16162.0 -17335.29970508814 
25459.0 -25038.399574041367 
26308.0 -25841.99956035614 
55.0 -1020.1999826431274 
15099.0 -16189.099724590778 
12634.0 -13756.399765968323 
10388.0 -11427.59980559349 
30528.0 -27193.29953736067 
19852.0 -20841.79964542389 
4660.0 -6151.999895334244 
14919.0 -16028.49972730875 
4783.0 -6631.099887192249 
34425.0 -27400.499533832073 
27305.0 -26053.69955676794 
27006.0 -25861.599560022354 
20814.0 -21714.299630582333 
24118.0 -23984.999591946602 
10415.0 -12049.199795007706 
27500.0 -26470.899549663067 
25688.0 -25409.399567723274 
24686.0 -24767.199578642845 
4307.0 -5981.19989824295 
5556.0 -6954.49988168478 
5004.0 -6888.699882805347 
31644.0 -27327.69953507185 
19695.0 -20346.899653851986 
27931.0 -26521.29954880476 
26007.0 -25554.299565255642 
16221.0 -17933.099694907665 
12708.0 -14058.099760830402 
31644.0 -27327.69953507185 
24944.0 -24877.09957677126 
6478.0 -8003.3998638391495 
9849.0 -11021.999812483788 
10881.0 -12058.299794852734 
16626.0 -18043.69969302416 
20276.0 -20927.899643957615 
23328.0 -23771.499595582485 
2286.0 -4136.099929630756 
11124.0 -12367.999789595604 
23769.0 -23863.899594008923 
9959.0 -11339.399807095528 
33440.0 -27398.399533867836 
30502.0 -27165.299537837505 
11932.0 -13098.799777150154 
17514.0 -18760.799680829048 
17359.0 -18340.099687993526 
22469.0 -22814.299611866474 
29120.0 -27000.799540638924 
21117.0 -21716.39963054657 
11124.0 -12367.999789595604 
22469.0 -22814.299611866474 
17788.0 -18773.39968061447 
18134.0 -19044.299676001072 
33440.0 -27398.399533867836 
28851.0 -26994.499540746212 
16930.0 -18251.899689495564 
