0.0 -0.0 
34698.0 -27406.799533724785 
34698.0 -27406.799533724785 
0.0 -0.0 
346.0 -2063.499964892864 
1283.0 -2095.6999643445015 
9076.0 -10301.699824750423 
9250.0 -11020.59981250763 
2869.0 -4954.699915707111 
1917.0 -3917.699933350086 
6769.0 -8273.199859261513 
3784.0 -5906.29989951849 
20347.0 -21111.99964082241 
27117.0 -25963.7995582819 
21478.0 -21952.999626517296 
6060.0 -7954.3998646736145 
15195.0 -16906.599712371826 
3573.0 -5105.899913132191 
14139.0 -15195.199741482735 
7147.0 -9000.499846875668 
5032.0 -6904.799882531166 
12708.0 -14058.099760830402 
15099.0 -16189.099724590778 
12588.0 -13351.09977287054 
1297.0 -3057.799947977066 
8367.0 -9982.899830162525 
22352.0 -22805.899612009525 
10110.0 -11131.899810612202 
5741.0 -7223.599877119064 
4783.0 -6631.099887192249 
59.0 -1049.5999821424484 
11414.0 -12773.999782681465 
14230.0 -15860.499730169773 
13240.0 -14180.59975874424 
11298.0 -12065.999794721603 
18578.0 -19300.799671649933 
2707.0 -4149.399929404259 
27439.0 -26435.899550259113 
1755.0 -3112.3999470472336 
10388.0 -11427.59980559349 
17961.0 -18974.299677193165 
26369.0 -25876.999559760094 
23693.0 -23805.09959501028 
16194.0 -17631.399700045586 
24305.0 -23887.69959360361 
13278.0 -14823.499747812748 
55.0 -1020.1999826431274 
28847.0 -26986.099540889263 
12222.0 -13112.099776923656 
18595.0 -20007.099659621716 
8146.0 -9725.299834549427 
24975.0 -24916.299576103687 
13808.0 -14838.899747550488 
20847.0 -21627.499632060528 
4546.0 -6002.199897885323 
14709.0 -15960.59972846508 
33526.0 -27404.699533760548 
24599.0 -24419.999584555626 
26273.0 -25494.099566280842 
17505.0 -18334.499688088894 
16460.0 -17954.099694550037 
17559.0 -18961.69967740774 
19594.0 -20731.899647295475 
23465.0 -23418.699601590633 
11635.0 -13031.599778294563 
19815.0 -20989.499642908573 
31241.0 -27265.399536132812 
31636.0 -27294.799535632133 
25688.0 -25409.399567723274 
16193.0 -17038.19971013069 
32375.0 -27334.69953495264 
23008.0 -23369.6996024251 
15830.0 -16968.199711322784 
19488.0 -20262.899655282497 
32711.0 -27396.2995339036 
6526.0 -7963.499864518642 
17051.0 -17957.599694490433 
22078.0 -22793.299612224102 
2541.0 -4027.5999314785004 
28012.0 -26436.599550247192 
30372.0 -27184.89953750372 
10415.0 -12049.199795007706 
28100.0 -26758.599544763565 
20994.0 -21628.199632048607 
28454.0 -26913.29954212904 
24975.0 -24916.299576103687 
24330.0 -24413.699584662914 
29583.0 -27102.999538898468 
17328.0 -18140.99969136715 
10659.0 -12049.899794995785 
7856.0 -9319.299841463566 
4307.0 -5981.19989824295 
21788.0 -22387.29961913824 
29583.0 -27102.999538898468 
33420.0 -27403.99953377247 
21788.0 -22387.29961913824 
25688.0 -25409.399567723274 
30493.0 -27228.29953676462 
19052.0 -20056.09965878725 
5741.0 -7223.599877119064 
