224.29999619722366
224.29999619722366
224.29999619722366
224.29999619722366
224.29999619722366
224.29999619722366
224.29999619722366
224.29999619722366
224.29999619722366
224.29999619722366
224.29999619722366
224.29999619722366
224.29999619722366
224.29999619722366
224.29999619722366
224.29999619722366
224.29999619722366
224.29999619722366
224.29999619722366
224.29999619722366
224.29999619722366
224.29999619722366
224.29999619722366
224.29999619722366
224.29999619722366
224.29999619722366
224.29999619722366
224.29999619722366
224.29999619722366
224.29999619722366
224.29999619722366
224.29999619722366
224.29999619722366
0.0
224.29999619722366
224.29999619722366
224.29999619722366
224.29999619722366
224.29999619722366
224.29999619722366
224.29999619722366
224.29999619722366
224.29999619722366
224.29999619722366
224.29999619722366
224.29999619722366
224.29999619722366
224.29999619722366
224.29999619722366
224.29999619722366
