0.0 -0.0 
17101.0 -6809.299884736538 
0.0 -0.0 
17101.0 -6809.299884736538 
455.0 -1085.299981534481 
285.0 -539.2999908328056 
15966.0 -6738.99988591671 
2844.0 -2353.1999599933624 
15966.0 -6738.99988591671 
14945.0 -6668.699887096882 
14945.0 -6668.699887096882 
13987.0 -6598.399888277054 
1664.0 -1624.5999723672867 
1302.0 -1267.8999784588814 
1587.0 -1345.799977183342 
4807.0 -3474.6999409794807 
5646.0 -3923.299933373928 
2797.0 -2038.1999653577805 
2055.0 -1813.8999691605568 
6879.0 -4462.599924206734 
2055.0 -1813.8999691605568 
4559.0 -3250.399944782257 
2462.0 -1988.8999661803246 
1302.0 -1267.8999784588814 
455.0 -1085.299981534481 
4018.0 -2935.399950146675 
285.0 -539.2999908328056 
4559.0 -3250.399944782257 
5398.0 -3698.9999371767044 
5205.0 -3544.999939799309 
7277.0 -4532.899923026562 
13987.0 -6598.399888277054 
13597.0 -6528.099889457226 
6748.0 -4287.599927186966 
1664.0 -1624.5999723672867 
3265.0 -2389.3999594449997 
13597.0 -6528.099889457226 
13235.0 -6457.799890637398 
6040.0 -4013.9999318122864 
4309.0 -3026.0999485850334 
175.0 -364.2999938130379 
2462.0 -1988.8999661803246 
3932.0 -2801.7999523878098 
3770.0 -2711.0999539494514 
105.0 -70.29999881982803 
5646.0 -3923.299933373928 
13235.0 -6457.799890637398 
12938.0 -6387.49989181757 
175.0 -364.2999938130379 
2781.0 -2025.0999656319618 
5398.0 -3698.9999371767044 
4323.0 -3110.399947166443 
115.0 -224.29999619722366 
8379.0 -4897.1999168396 
9301.0 -5248.69991093874 
7981.0 -4826.899918019772 
4807.0 -3474.6999409794807 
7801.0 -4743.799919486046 
12938.0 -6387.49989181757 
11600.0 -5952.899899184704 
3770.0 -2711.0999539494514 
10329.0 -5529.899906218052 
11383.0 -5882.599900364876 
9132.0 -5178.399912118912 
8903.0 -5108.099913299084 
6040.0 -4013.9999318122864 
9557.0 -5318.999909758568 
10116.0 -5459.599907398224 
11498.0 -5951.69989913702 
11170.0 -5812.299901545048 
11990.0 -6092.299896776676 
10165.0 -5517.099906504154 
11019.0 -5741.99990272522 
12121.0 -6106.299896538258 
11267.0 -5881.399900317192 
10837.0 -5740.799902677536 
3586.0 -2577.499956190586 
8903.0 -5108.099913299084 
6361.0 -4134.199929833412 
8696.0 -5037.799914479256 
7594.0 -4673.499920666218 
5374.0 -3615.299938619137 
4323.0 -3110.399947166443 
115.0 -224.29999619722366 
7801.0 -4743.799919486046 
9557.0 -5318.999909758568 
6213.0 -4063.899931013584 
9301.0 -5248.69991093874 
7446.0 -4603.19992184639 
5205.0 -3544.999939799309 
9132.0 -5178.399912118912 
8455.0 -4954.69991594553 
7277.0 -4532.899923026562 
12203.0 -6162.599895596504 
11050.0 -5811.099901497364 
11908.0 -6035.99989771843 
7594.0 -4673.499920666218 
6361.0 -4134.199929833412 
8696.0 -5037.799914479256 
10806.0 -5671.699903905392 
7446.0 -4603.19992184639 
7981.0 -4826.899918019772 
8199.0 -4884.399917125702 
10632.0 -5657.69990414381 
4018.0 -2935.399950146675 
3932.0 -2801.7999523878098 
9948.0 -5446.799907684326 
6879.0 -4462.599924206734 
3448.0 -2437.499958574772 
10546.0 -5600.19990503788 
10396.0 -5587.399905323982 
3534.0 -2571.0999563336372 
6568.0 -4204.49992865324 
3520.0 -2486.799957752228 
11734.0 -6021.999897956848 
3265.0 -2389.3999594449997 
6213.0 -4063.899931013584 
1587.0 -1345.799977183342 
12702.0 -6317.199892997742 
8548.0 -4967.499915659428 
6748.0 -4287.599927186966 
8199.0 -4884.399917125702 
4309.0 -3026.0999485850334 
6568.0 -4204.49992865324 
12702.0 -6317.199892997742 
9809.0 -5389.299908578396 
9735.0 -5376.499908864498 
12272.0 -6176.599895358086 
9735.0 -5376.499908864498 
11836.0 -6023.199898004532 
10689.0 -5670.499903857708 
12485.0 -6246.899894177914 
12420.0 -6232.899894416332 
12656.0 -6303.19989323616 
12485.0 -6246.899894177914 
6631.0 -4238.29992800951 
5374.0 -3615.299938619137 
3586.0 -2577.499956190586 
3448.0 -2437.499958574772 
12656.0 -6303.19989323616 
6631.0 -4238.29992800951 
105.0 -70.29999881982803 
12420.0 -6232.899894416332 
12272.0 -6176.599895358086 
8548.0 -4967.499915659428 
9948.0 -5446.799907684326 
9809.0 -5389.299908578396 
2844.0 -2353.1999599933624 
3520.0 -2486.799957752228 
11734.0 -6021.999897956848 
