0.6453847475331244
0.645173447583282
0.645173447583282
0.645173447583282
0.645173447583282
0.6452615898480734
0.645173447583282
0.6451732277385884
0.645173447583282
0.645173447583282
0.6451732277385884
0.645173447583282
0.645173447583282
0.6452483081369405
0.6452483081369405
0.645173447583282
0.6451748765737904
0.6452497371274488
0.645173447583282
0.6451748765737904
0.6452497371274488
0.6452483081369405
0.645173447583282
0.645173447583282
0.645173447583282
0.6451748765737904
0.6451732277385884
0.645173447583282
0.645173447583282
0.645173447583282
0.645173447583282
0.645173447583282
0.6452483081369405
0.6637120343881799
0.645173447583282
0.6451748765737904
0.645173447583282
0.645173447583282
0.645173447583282
0.6452483081369405
0.645173447583282
0.6451732277385884
0.645173447583282
0.645173447583282
0.6451748765737904
0.645177050975225
0.6451732277385884
0.6452483081369405
0.6451732277385884
0.645173447583282
