9.46403197556391E-5
9.447632883142679E-5
9.447632883142679E-5
9.447632883142679E-5
9.447632883142679E-5
9.437059852687764E-5
9.447632883142679E-5
9.447632883142679E-5
9.447632883142679E-5
9.447632883142679E-5
9.447632883142679E-5
9.447632883142679E-5
9.447632883142679E-5
9.445787948270431E-5
9.445787948270431E-5
9.447632883142679E-5
9.447632883142679E-5
9.445787948270431E-5
9.447632883142679E-5
9.447632883142679E-5
9.445787948270431E-5
9.445787948270431E-5
9.447632883142679E-5
9.447632883142679E-5
9.447632883142679E-5
9.447632883142679E-5
9.447632883142679E-5
9.447632883142679E-5
9.447632883142679E-5
9.447632883142679E-5
9.447632883142679E-5
9.447632883142679E-5
9.445787948270431E-5
0.0
9.447632883142679E-5
9.447632883142679E-5
9.447632883142679E-5
9.447632883142679E-5
9.447632883142679E-5
9.445787948270431E-5
9.447632883142679E-5
9.447632883142679E-5
9.447632883142679E-5
9.447632883142679E-5
9.447632883142679E-5
9.447632883142679E-5
9.447632883142679E-5
9.445787948270431E-5
9.447632883142679E-5
9.447632883142679E-5
