1.0134511014044545
1.0158754551487674
1.0158754551487674
1.0158754551487674
1.0158754551487674
1.0152229772555186
1.0158754551487674
1.0158144372426243
1.0158754551487674
1.0158754551487674
1.0158144372426243
1.0158754551487674
1.0158754551487674
1.0153213987821288
1.0153213987821288
1.0158754551487674
1.016370590380173
1.0158474038568068
1.0158754551487674
1.016370590380173
1.0158474038568068
1.0153213987821288
1.0158754551487674
1.0158754551487674
1.0158754551487674
1.016370590380173
1.0158144372426243
1.0158754551487674
1.0158754551487674
1.0158754551487674
1.0158754551487674
1.0158754551487674
1.0153213987821288
0.9571351607207667
1.0158754551487674
1.016370590380173
1.0158754551487674
1.0158754551487674
1.0158754551487674
1.0153213987821288
1.0158754551487674
1.0158144372426243
1.0158754551487674
1.0158754551487674
1.016370590380173
1.013936301012273
1.0158144372426243
1.0153213987821288
1.0158144372426243
1.0158754551487674
