97388.0 -64923.49889546633 
0.0 -0.0 
0.0 -0.0 
97388.0 -64923.49889546633 
12142.0 -12230.799791932106 
75223.0 -57702.89901834726 
14739.0 -13267.799774289131 
32929.0 -28669.099512279034 
93069.0 -64795.39889764786 
4741.0 -6067.299896776676 
53673.0 -43253.89926415682 
17506.0 -15523.79973590374 
82256.0 -61179.99895918369 
11376.0 -10663.599818587303 
91454.0 -64386.59890460968 
35716.0 -30024.599489212036 
62745.0 -49811.499152600765 
86661.0 -62705.59893321991 
6421.0 -7689.099869191647 
64484.0 -50224.09914559126 
19155.0 -17073.499709546566 
81050.0 -60067.69897812605 
25841.0 -21429.39963543415 
85302.0 -62046.898944437504 
65362.0 -51081.59913098812 
77126.0 -58816.898999392986 
15945.0 -14218.69975811243 
47733.0 -38250.89934927225 
1085.0 -2933.8999500870705 
23733.0 -21092.699641168118 
26802.0 -23904.79959332943 
88122.0 -63189.59892499447 
9033.0 -9697.999835014343 
44032.0 -36248.999383330345 
56738.0 -44888.29923635721 
18003.0 -16353.59972178936 
46863.0 -36850.999373078346 
58429.0 -47063.79919934273 
3030.0 -4914.799916386604 
43464.0 -35479.399396419525 
96375.0 -64903.898895800114 
10253.0 -10209.299826323986 
35598.0 -29278.099501907825 
19855.0 -18111.89969187975 
70436.0 -54216.399077653885 
72787.0 -54902.699065983295 
26229.0 -22385.199619174004 
23661.0 -20096.999658107758 
68000.0 -52715.999103188515 
66789.0 -51580.29912251234 
51959.0 -42384.19927895069 
78469.0 -59707.598984241486 
3737.0 -5939.899898946285 
73073.0 -55889.99904918671 
48896.0 -38441.99934601784 
530.0 -1049.5999821424484 
1654.0 -3919.7999333143234 
22928.0 -19218.89967304468 
89210.0 -64194.798907876015 
39478.0 -33373.89943224192 
21748.0 -19167.79967391491 
9033.0 -9697.999835014343 
55320.0 -43667.19925713539 
28300.0 -24954.399575471878 
31253.0 -27619.499530136585 
40742.0 -34382.89941507578 
68754.0 -53585.69908839464 
47041.0 -36875.499372661114 
6598.0 -7851.499866425991 
28387.0 -24964.899575293064 
37204.0 -31343.999466776848 
66840.0 -52453.49910765886 
37723.0 -32299.09945052862 
2746.0 -4055.599931001663 
26780.0 -23259.099604308605 
40185.0 -34082.59942018986 
61509.0 -48149.79918086529 
83548.0 -61831.29894810915 
50644.0 -41208.59929895401 
30401.0 -25903.89955931902 
77699.0 -58926.09899753332 
6598.0 -7851.499866425991 
57681.0 -46144.39921498299 
51959.0 -42384.19927895069 
88812.0 -63975.698911607265 
73690.0 -56566.49903768301 
37204.0 -31343.999466776848 
39141.0 -32621.099445044994 
21034.0 -18331.699688136578 
59778.0 -47325.89919489622 
41961.0 -35089.49940305948 
60632.0 -47885.1991853714 
61704.0 -49006.19916629791 
57681.0 -46144.39921498299 
73690.0 -56566.49903768301 
31810.0 -27919.799525022507 
56676.0 -44157.89924877882 
30261.0 -25610.59956431389 
71031.0 -54784.39906799793 
41781.0 -35019.499404251575 
