0.0 -0.0 
97388.0 -64923.49889546633 
0.0 -0.0 
97388.0 -64923.49889546633 
1699.0 -3930.9999331235886 
47642.0 -37357.399364471436 
60403.0 -47946.09918433428 
58260.0 -46685.09920579195 
751.0 -1049.5999821424484 
29582.0 -25665.899563372135 
25309.0 -21878.399627804756 
44592.0 -36472.29937952757 
7115.0 -7840.299866616726 
18290.0 -16170.199724912643 
3014.0 -3986.299932181835 
7796.0 -8786.99985051155 
42427.0 -35184.699401438236 
30669.0 -26709.199545621872 
48796.0 -39320.09933108091 
19774.0 -18045.399693012238 
87648.0 -63225.2989243865 
54987.0 -43128.599266290665 
22946.0 -20043.799659013748 
12679.0 -12622.099785268307 
28847.0 -24290.499586760998 
77947.0 -59092.29899471998 
42012.0 -34273.699416935444 
19627.0 -16597.899717628956 
38553.0 -32804.79944193363 
43983.0 -36202.79938411713 
92775.0 -64509.09890252352 
63128.0 -50110.69914752245 
81608.0 -60383.69897276163 
53487.0 -42898.29927021265 
76374.0 -57831.299016177654 
21580.0 -18475.899685680866 
10498.0 -10620.89981931448 
94596.0 -64826.19889712334 
61727.0 -48962.09916704893 
80314.0 -59643.19898533821 
71371.0 -54971.599064826965 
56135.0 -44247.09924727678 
3727.0 -5876.19990003109 
11509.0 -10823.89981585741 
56237.0 -44802.899237811565 
88343.0 -63601.19891798496 
27392.0 -24191.09958845377 
12679.0 -12622.099785268307 
31470.0 -27625.799530029297 
15033.0 -14567.299752175808 
36907.0 -30763.399476647377 
34344.0 -28940.999507665634 
36103.0 -30370.699483335018 
76860.0 -58048.999012470245 
84092.0 -61940.498946249485 
69407.0 -53162.89909559488 
74914.0 -56703.69903534651 
33136.0 -28571.799513936043 
90549.0 -64106.59890937805 
82457.0 -60864.29896456003 
49943.0 -40369.69931322336 
65640.0 -51315.69912701845 
57860.0 -45560.59922492504 
26448.0 -23447.399601101875 
83263.0 -61528.89895325899 
5361.0 -6940.499881923199 
79326.0 -59339.698990523815 
23733.0 -21092.699641168118 
85691.0 -62206.49894171953 
51174.0 -41600.59929227829 
32792.0 -27716.799528479576 
14476.0 -14266.999757289886 
90382.0 -63853.89891368151 
97227.0 -64911.59889566898 
5361.0 -6940.499881923199 
16564.0 -15259.89974039793 
9133.0 -9784.099833548069 
61640.0 -48535.0991743207 
39740.0 -33119.099436581135 
40004.0 -33869.79942381382 
66595.0 -51541.09912317991 
16564.0 -15259.89974039793 
37825.0 -31578.799462795258 
24155.0 -21364.299636542797 
65088.0 -50319.99914395809 
52698.0 -42006.19928538799 
70271.0 -54187.299078166485 
9133.0 -9784.099833548069 
50740.0 -40885.19930446148 
68562.0 -53033.399097800255 
48011.0 -38444.099345982075 
85691.0 -62206.49894171953 
573.0 -879.4999850392342 
93654.0 -64722.598898887634 
70426.0 -54246.799077153206 
63835.0 -50213.59914577007 
26448.0 -23447.399601101875 
14476.0 -14266.999757289886 
68357.0 -52246.99911117554 
52314.0 -41916.59928691387 
