0.0 -0.0 
97388.0 -64923.49889546633 
97388.0 -64923.49889546633 
0.0 -0.0 
26448.0 -23447.399601101875 
55797.0 -44483.39924323559 
43322.0 -35461.19939672947 
38463.0 -32481.79944741726 
29932.0 -26113.89955574274 
60246.0 -47136.89919811487 
24498.0 -21378.29963630438 
41311.0 -34737.39940905571 
24155.0 -21364.299636542797 
61342.0 -48366.39917719364 
53611.0 -42421.99927830696 
88869.0 -63595.59891808033 
51779.0 -41826.69928842783 
40209.0 -34135.09941929579 
1073.0 -2952.0999497771263 
7131.0 -7955.099864661694 
19346.0 -16619.599717259407 
68272.0 -52825.19910132885 
86272.0 -62823.498931229115 
21425.0 -18545.899684488773 
76563.0 -57989.499013483524 
5351.0 -6876.799883008003 
3727.0 -5876.19990003109 
14448.0 -13519.799769997597 
49010.0 -39542.69932729006 
31488.0 -26524.799548745155 
91731.0 -64243.79890704155 
46798.0 -37704.599358558655 
74855.0 -57409.59902334213 
62470.0 -49338.99916064739 
66509.0 -50995.499132454395 
39791.0 -32632.29944485426 
64219.0 -50625.19913876057 
2452.0 -3997.4999319911003 
32027.0 -27578.19953083992 
94339.0 -64609.898900806904 
70093.0 -53676.69908684492 
47244.0 -38111.299351632595 
84629.0 -61978.298945605755 
82284.0 -61349.69895631075 
72436.0 -54922.59906566143 
34221.0 -29251.79950237274 
15952.0 -13976.89976221323 
91261.0 -63806.29891449213 
49010.0 -39542.69932729006 
126.0 -1049.5999821424484 
80111.0 -60494.69897085428 
973.0 -1894.099967777729 
22338.0 -19461.09966892004 
87648.0 -62999.89892822504 
13217.0 -12908.399780392647 
36417.0 -31173.899469673634 
51164.0 -40908.29930406809 
72646.0 -56142.99904489517 
57454.0 -44782.59923815727 
81406.0 -60715.89896708727 
59442.0 -46011.39921724796 
44577.0 -36536.299378454685 
6656.0 -6903.399882555008 
83720.0 -61822.8989482522 
33085.0 -28250.49951940775 
22338.0 -19461.09966892004 
70663.0 -54840.69906705618 
53611.0 -42421.99927830696 
36417.0 -31173.899469673634 
66714.0 -51781.89911907911 
57611.0 -45578.09922462702 
77963.0 -58338.79900753498 
17360.0 -15873.099729955196 
2452.0 -3997.4999319911003 
8477.0 -8745.699851214886 
16104.0 -15002.69974476099 
3727.0 -5876.19990003109 
78721.0 -59335.8989905715 
19705.0 -17356.29970473051 
19855.0 -18111.89969187975 
11580.0 -11315.59980750084 
35330.0 -30130.599487423897 
9133.0 -9784.099833548069 
51164.0 -40908.29930406809 
74703.0 -56383.79904079437 
33728.0 -28603.2995133996 
79075.0 -59729.29898387194 
61921.0 -49312.39916110039 
16778.0 -15278.099740087986 
13217.0 -12908.399780392647 
28373.0 -24934.799575805664 
96569.0 -64891.29889601469 
58837.0 -45804.89922076464 
11580.0 -11315.59980750084 
73768.0 -56366.299041092396 
35330.0 -30130.599487423897 
28373.0 -24934.799575805664 
70094.0 -54384.69907480478 
64219.0 -50625.19913876057 
11268.0 -10763.69981688261 
