0.0 -0.0 
97388.0 -64923.49889546633 
0.0 -0.0 
97388.0 -64923.49889546633 
81735.0 -60848.89896482229 
28782.0 -25212.699571073055 
1085.0 -2933.8999500870705 
23277.0 -19301.499671638012 
26632.0 -23122.899606645107 
33932.0 -28135.39952135086 
57347.0 -45447.89922684431 
23699.0 -20204.799656271935 
83563.0 -62096.59894359112 
58769.0 -47301.399195313454 
4373.0 -5887.399899840355 
5029.0 -6925.799882173538 
68137.0 -53247.59909415245 
2452.0 -3997.4999319911003 
94683.0 -64559.49890166521 
3081.0 -4901.499916613102 
37021.0 -30971.29947310686 
35019.0 -29936.399490714073 
69872.0 -53952.799082159996 
11055.0 -11187.49980968237 
14416.0 -14260.699757397175 
92469.0 -64503.498902618885 
10276.0 -10404.599822998047 
78936.0 -58871.498998463154 
31034.0 -26609.099547326565 
24845.0 -21781.099629461765 
75278.0 -57280.099025547504 
62573.0 -48800.69916981459 
51610.0 -41303.799297332764 
88289.0 -63750.998915433884 
49570.0 -40261.199315071106 
71042.0 -54443.499073803425 
636.0 -1046.7999821901321 
85989.0 -62721.69893294573 
21094.0 -18318.399688363075 
28634.0 -23986.69959193468 
55200.0 -43339.999262690544 
31735.0 -27877.799525737762 
50883.0 -40528.59931051731 
77488.0 -58777.99900007248 
74267.0 -56463.59903943539 
66406.0 -51653.099121272564 
62614.0 -49548.299157083035 
19596.0 -17283.499705970287 
46084.0 -37417.599363446236 
64288.0 -50002.59914934635 
84580.0 -62350.69893926382 
52641.0 -42017.39928519726 
53957.0 -43300.09926337004 
27415.0 -23655.59959757328 
19596.0 -17283.499705970287 
39681.0 -33502.29943007231 
96815.0 -64814.29889732599 
15678.0 -14530.199752807617 
61045.0 -47892.89918524027 
47638.0 -37697.899358689785 
86982.0 -63256.09892386198 
80176.0 -59811.89898246527 
59189.0 -47599.59919023514 
24845.0 -21781.099629461765 
47997.0 -38267.69934898615 
90932.0 -64187.098908007145 
17668.0 -16092.499726235867 
56125.0 -44303.49924629927 
6521.0 -7775.199867725372 
21094.0 -18318.399688363075 
73238.0 -55529.499055325985 
41503.0 -33721.39942634106 
16092.0 -15310.299739539623 
71705.0 -55320.19905889034 
67612.0 -52149.399112820625 
31034.0 -26609.099547326565 
38360.0 -32310.999450325966 
43307.0 -35484.99939632416 
7872.0 -8765.2998508811 
13329.0 -13217.399775147438 
12142.0 -12230.799791932106 
17373.0 -15324.999739289284 
7872.0 -8765.2998508811 
48806.0 -39306.79933130741 
80131.0 -59800.698982656 
35019.0 -29936.399490714073 
41796.0 -34752.09940880537 
6521.0 -7775.199867725372 
9078.0 -9709.199834823608 
41980.0 -35160.89940184355 
32612.0 -27962.49952429533 
43596.0 -35931.19938874245 
76889.0 -57851.59901583195 
12142.0 -12230.799791932106 
13329.0 -13217.399775147438 
76661.0 -57615.6990198493 
44812.0 -36200.69938415289 
73926.0 -55806.6990506053 
64825.0 -50373.89914304018 
48483.0 -39217.89933282137 
