0.0 -0.0 
97388.0 -64923.49889546633 
97388.0 -64923.49889546633 
0.0 -0.0 
35961.0 -30212.499486029148 
23820.0 -21103.199640989304 
38044.0 -31413.299465596676 
16736.0 -15621.09973424673 
49197.0 -39343.8993306756 
31560.0 -27720.99952840805 
54332.0 -43507.59925985336 
2715.0 -4018.4999316334724 
65448.0 -50919.899133741856 
74421.0 -57167.399027466774 
10729.0 -10664.999818563461 
22733.0 -20059.899658739567 
12841.0 -11882.599797844887 
70458.0 -54553.39907193184 
21991.0 -19158.69967406988 
95632.0 -64689.69889944792 
19942.0 -18122.399691700935 
85220.0 -62520.098936378956 
25846.0 -21716.39963054657 
91220.0 -64316.59890580177 
79206.0 -59680.2989847064 
13853.0 -13675.89976733923 
456.0 -2029.8999654650688 
56420.0 -44155.099248826504 
29268.0 -25090.49957317114 
84681.0 -61753.99894940853 
3682.0 -5864.999900221825 
34693.0 -29604.599496364594 
70336.0 -53656.39908719063 
1457.0 -2931.099950134754 
18890.0 -16588.09971779585 
11498.0 -11579.499803006649 
59410.0 -47560.39919090271 
68476.0 -53165.6990955472 
43683.0 -36160.0993848443 
80919.0 -60052.69897836447 
28251.0 -24460.899583876133 
7827.0 -8754.099851071835 
66973.0 -52225.999111533165 
25853.0 -22605.999615430832 
13827.0 -13167.699775993824 
40882.0 -34254.79941725731 
89503.0 -63603.2989179492 
76827.0 -58328.999007701874 
63471.0 -49945.89915031195 
52388.0 -42466.79927754402 
72108.0 -55588.999054312706 
30163.0 -25971.79955816269 
53599.0 -42697.39927363396 
86939.0 -63146.598925709724 
66023.0 -51458.49912458658 
92378.0 -64635.79890036583 
5029.0 -6925.799882173538 
73802.0 -55830.499050199986 
82644.0 -61452.99895453453 
46386.0 -37622.6993599534 
38390.0 -32278.79945087433 
28251.0 -24460.899583876133 
6909.0 -7780.799867630005 
58570.0 -46619.9992069006 
58505.0 -45966.89921802282 
47991.0 -38225.699349701405 
42181.0 -35141.299402177334 
51809.0 -41520.799293637276 
9026.0 -8885.6998488307 
38897.0 -33082.69943720102 
42490.0 -35365.999398350716 
33075.0 -28687.99951195717 
15630.0 -14799.69974821806 
33764.0 -28936.49950772524 
32393.0 -27836.09952646494 
56868.0 -45559.89922493696 
68085.0 -52593.49910527468 
60730.0 -47745.199187755585 
81691.0 -60562.29896968603 
1654.0 -3919.7999333143234 
15630.0 -14799.69974821806 
25853.0 -22605.999615430832 
9364.0 -9828.19983279705 
45089.0 -36177.59938454628 
30163.0 -25971.79955816269 
39716.0 -33421.799431443214 
62717.0 -49664.49915510416 
5029.0 -6925.799882173538 
45414.0 -36827.89937347174 
3682.0 -5864.999900221825 
56722.0 -44702.79923951626 
49892.0 -40382.299313008785 
75555.0 -57873.99901545048 
78011.0 -59152.49899369478 
77772.0 -58988.69899648428 
50861.0 -41362.599296331406 
40859.0 -33559.69942909479 
86939.0 -63146.598925709724 
89503.0 -63603.2989179492 
82542.0 -60897.19896399975 
