97388.0 -64923.49889546633 
0.0 -0.0 
97388.0 -64923.49889546633 
0.0 -0.0 
50524.0 -39847.89932209253 
20919.0 -18344.99968791008 
48211.0 -38829.79933941364 
8910.0 -8776.499850690365 
6653.0 -7926.399865150452 
46267.0 -37085.799369096756 
25757.0 -21620.499632179737 
91750.0 -64371.89890486002 
29987.0 -25308.599569439888 
12601.0 -11866.499798119068 
23733.0 -21092.699641168118 
14757.0 -14465.799753904343 
9409.0 -9839.399832606316 
28300.0 -24954.399575471878 
64856.0 -50456.49914163351 
78835.0 -59023.69899588823 
26026.0 -23175.799605727196 
95550.0 -64695.29889935255 
47389.0 -37920.19935488701 
77016.0 -58258.99900889397 
787.0 -1046.7999821901321 
67979.0 -52664.19910407066 
61060.0 -48109.49918156862 
88770.0 -63999.498911201954 
18182.0 -16577.599717974663 
74891.0 -56371.89904099703 
80857.0 -60734.798966765404 
34200.0 -29122.299504578114 
51330.0 -41426.99929523468 
93136.0 -64690.398899436 
83956.0 -62234.498941242695 
53922.0 -42954.299269258976 
1983.0 -2560.7999564409256 
36249.0 -29417.39949953556 
13766.0 -13665.399767518044 
3737.0 -5939.899898946285 
55509.0 -43437.999261021614 
17239.0 -14691.899750053883 
63235.0 -49920.6991507411 
69980.0 -53839.799084067345 
5029.0 -6925.799882173538 
13049.0 -12831.399781703949 
17772.0 -15123.09974271059 
69161.0 -53042.89909762144 
44110.0 -36480.69937938452 
52704.0 -42498.29927700758 
57157.0 -45831.49922031164 
19617.0 -16875.099712908268 
41985.0 -35141.99940216541 
23417.0 -18958.899677455425 
23504.0 -18969.39967727661 
2658.0 -4047.1999311447144 
66786.0 -51618.09912186861 
983.0 -2378.099959552288 
56010.0 -44781.89923816919 
79218.0 -59897.298981010914 
30918.0 -26790.399544239044 
2658.0 -4047.1999311447144 
59310.0 -47733.29918795824 
10963.0 -10723.099817574024 
6137.0 -6959.399881601334 
36293.0 -30505.79948103428 
58006.0 -45901.49921911955 
71861.0 -55292.19905936718 
41015.0 -34249.899417340755 
51937.0 -41808.499288737774 
32081.0 -27627.199530005455 
86608.0 -63003.098928153515 
10963.0 -10723.099817574024 
66786.0 -51618.09912186861 
28088.0 -23380.899602234364 
80717.0 -60029.89897876978 
43988.0 -35432.49939721823 
73504.0 -55821.39905035496 
82766.0 -61605.19895195961 
71135.0 -54348.99907541275 
37807.0 -31308.299467384815 
62140.0 -48934.79916751385 
88770.0 -63999.498911201954 
37336.0 -30766.899476587772 
85719.0 -62466.19893729687 
3737.0 -5939.899898946285 
41015.0 -34249.899417340755 
75478.0 -57475.399022221565 
55612.0 -44562.799241900444 
82766.0 -61605.19895195961 
42957.0 -35335.19939887524 
72863.0 -55818.59905040264 
58938.0 -46700.49920552969 
64516.0 -50013.79914915562 
31135.0 -26796.699544131756 
76078.0 -57824.69901627302 
34055.0 -27943.599524617195 
86608.0 -63003.098928153515 
27843.0 -23328.399603128433 
39343.0 -33192.59943532944 
