97388.0 -64923.49889546633 
0.0 -0.0 
97388.0 -64923.49889546633 
0.0 -0.0 
42458.0 -35249.79940032959 
75499.0 -57560.09902077913 
19341.0 -16394.899721086025 
90733.0 -64205.99890768528 
1130.0 -2945.0999498963356 
44440.0 -36085.89938610792 
329.0 -1049.5999821424484 
77176.0 -58734.299000799656 
8357.0 -8773.699850738049 
88435.0 -63434.9989207983 
31583.0 -26758.199544787407 
16962.0 -15610.599734425545 
92420.0 -64538.49890202284 
37006.0 -31385.299466073513 
49479.0 -40332.59931385517 
47695.0 -38766.09934049845 
20277.0 -18383.49968725443 
46578.0 -37591.199360489845 
1654.0 -3919.7999333143234 
78097.0 -59474.498988211155 
6475.0 -7901.899865567684 
57596.0 -45783.199221134186 
52405.0 -42571.79927575588 
95246.0 -64599.39890098572 
62476.0 -49300.49916130304 
63205.0 -50012.39914917946 
50949.0 -41342.99929666519 
69654.0 -53843.99908399582 
45235.0 -37138.999368190765 
14036.0 -12911.199780344963 
74206.0 -56792.59903383255 
25791.0 -21109.799640893936 
23644.0 -20138.999657392502 
64684.0 -50854.7991348505 
39639.0 -33191.89943534136 
36508.0 -30290.199484705925 
56535.0 -44464.49924355745 
49030.0 -39282.99933171272 
26103.0 -22329.199620127678 
32062.0 -27904.399525284767 
85286.0 -62955.09892898798 
61172.0 -48259.299179017544 
14838.0 -14532.299752771854 
10453.0 -10609.699819505215 
20125.0 -17357.69970470667 
84328.0 -62212.098941624165 
86989.0 -63109.098926365376 
73235.0 -56191.699044048786 
16396.0 -14942.49974578619 
35551.0 -29571.699496924877 
23784.0 -21035.999642133713 
27815.0 -22502.799617171288 
79597.0 -60377.098972857 
11515.0 -10767.899816811085 
80896.0 -61048.39896142483 
40932.0 -34265.299417078495 
65877.0 -51048.699131548405 
13049.0 -12831.399781703949 
82571.0 -61232.49895828962 
52067.0 -41629.29929178953 
21953.0 -19433.099669396877 
82895.0 -61966.39894580841 
33423.0 -28271.1995190382 
29383.0 -25237.899570643902 
58406.0 -46396.39921069145 
60387.0 -48026.59918296337 
59403.0 -47413.79919338226 
5074.0 -6936.999881982803 
40620.0 -34152.599418997765 
9088.0 -9772.899833738804 
28382.0 -24803.899578034878 
55357.0 -43414.899261415005 
6182.0 -6970.599881410599 
3100.0 -4895.899916708469 
27889.0 -23537.699599564075 
34407.0 -29266.19950211048 
55574.0 -44366.49924522638 
21953.0 -19433.099669396877 
4736.0 -5994.499898016453 
71420.0 -54682.19906973839 
96626.0 -64846.49889677763 
68321.0 -52077.99911403656 
58910.0 -47029.49919992685 
68705.0 -52867.199100613594 
33944.0 -28798.59951007366 
54505.0 -43172.699265539646 
66865.0 -51713.299120247364 
72385.0 -55444.09905678034 
3100.0 -4895.899916708469 
38529.0 -32737.9994430542 
28353.0 -24017.49959141016 
30069.0 -25809.399560928345 
12262.0 -11782.49979954958 
12262.0 -11782.49979954958 
30069.0 -25809.399560928345 
72125.0 -55303.099059164524 
