0.0 -0.0 
97388.0 -64923.49889546633 
0.0 -0.0 
97388.0 -64923.49889546633 
17186.0 -15825.49973076582 
21953.0 -19433.099669396877 
65373.0 -51111.69913047552 
26645.0 -22294.199620723724 
87524.0 -63275.39892351627 
14952.0 -14500.799753308296 
3635.0 -5384.099908411503 
51446.0 -40289.19931459427 
61068.0 -48444.7991758585 
23602.0 -20944.999643683434 
27317.0 -23755.699595868587 
67700.0 -52066.39911425114 
52143.0 -42235.09928148985 
2658.0 -4047.1999311447144 
81126.0 -60677.69896775484 
18637.0 -16920.89971214533 
73055.0 -54819.399067401886 
8251.0 -8412.499856889248 
62519.0 -49696.6991545558 
55364.0 -44087.199249982834 
28295.0 -24793.39957821369 
5492.0 -6028.099897444248 
44339.0 -36190.1993843317 
78662.0 -59632.29898554087 
92376.0 -64455.89890342951 
41637.0 -33994.399421691895 
14700.0 -13586.299768865108 
6751.0 -7957.199864625931 
20866.0 -18389.79968714714 
5935.0 -7022.39988052845 
70740.0 -54562.09907180071 
36754.0 -31220.79946887493 
37826.0 -32005.79945552349 
46255.0 -36890.89937239885 
34992.0 -28251.599519371986 
79464.0 -59985.09897953272 
39890.0 -33570.19942891598 
76046.0 -57277.99902558327 
89955.0 -64239.598907113075 
42180.0 -35128.69940239191 
11428.0 -10757.399816989899 
32462.0 -28216.899519979954 
31160.0 -25982.999557971954 
57592.0 -45719.49922221899 
96365.0 -64764.59889817238 
60148.0 -47620.59918987751 
84983.0 -62078.39894390106 
34996.0 -29228.699502766132 
167.0 -930.5999841690063 
67995.0 -52833.89910119772 
77374.0 -58239.39900922775 
64373.0 -49990.99914956093 
73853.0 -56339.69904154539 
74959.0 -57230.39902639389 
54373.0 -42635.49927467108 
13049.0 -12831.399781703949 
54398.0 -42930.19926965237 
58246.0 -46640.29920655489 
49938.0 -39950.09932035208 
82722.0 -61161.79895949364 
983.0 -2378.099959552288 
30128.0 -25067.09957355261 
44959.0 -36442.89938002825 
93865.0 -64756.89889830351 
10453.0 -10609.699819505215 
49061.0 -39793.999323010445 
48030.0 -38930.59933769703 
56259.0 -44916.299235880375 
35563.0 -30226.49948579073 
24785.0 -21182.999639630318 
19595.0 -17531.5997017622 
9161.0 -9623.799836277962 
10115.0 -9667.199835538864 
38707.0 -32652.899444520473 
86549.0 -62432.59893786907 
89955.0 -64239.598907113075 
77374.0 -58239.39900922775 
47643.0 -37570.89936083555 
71370.0 -54704.89906936884 
69045.0 -53495.69908994436 
36312.0 -30257.29948526621 
69045.0 -53495.69908994436 
12520.0 -11799.999799251556 
1552.0 -3363.999942779541 
39204.0 -32930.799439787865 
19774.0 -18045.399693012238 
56883.0 -45025.49923402071 
31356.0 -27326.199535131454 
31558.0 -27377.999534249306 
74149.0 -56343.899041473866 
47394.0 -37535.8993614316 
30448.0 -25406.1995677948 
48513.0 -38942.49933749437 
63666.0 -49974.19914984703 
24785.0 -21182.999639630318 
456.0 -2029.8999654650688 
