0.0 -0.0 
97388.0 -64923.49889546633 
0.0 -0.0 
97388.0 -64923.49889546633 
1654.0 -3919.7999333143234 
87943.0 -63551.49891883135 
8530.0 -8793.999850392342 
53467.0 -42767.399272441864 
86342.0 -62482.298937022686 
56823.0 -45689.39922273159 
78263.0 -59473.098988235 
49748.0 -40373.89931315184 
41861.0 -35132.199402332306 
3278.0 -4920.399916291237 
76987.0 -58655.8990021348 
31473.0 -27710.499528586864 
9913.0 -9796.699833333492 
48450.0 -39397.79932975769 
12564.0 -12502.399787306786 
21257.0 -18375.09968739748 
43769.0 -35922.7993888855 
15632.0 -14530.199752807617 
16433.0 -15515.399736046791 
23590.0 -20354.599653720856 
30386.0 -26667.199546337128 
75705.0 -58038.49901264906 
35428.0 -29436.599499225616 
4772.0 -5048.499914109707 
39926.0 -33887.999423503876 
52169.0 -41791.29928904772 
11960.0 -11471.699804842472 
67891.0 -53237.79909431934 
27352.0 -22199.69962233305 
28300.0 -24954.399575471878 
45925.0 -37483.39936232567 
36403.0 -31054.89947170019 
65779.0 -50854.09913486242 
74923.0 -57091.49902874231 
60816.0 -48767.49917036295 
25826.0 -22020.499625384808 
19700.0 -17010.49971061945 
81737.0 -60717.29896706343 
15632.0 -14530.199752807617 
55130.0 -43609.09925812483 
41173.0 -34363.299415409565 
38192.0 -31535.799463510513 
84942.0 -61915.29894667864 
23039.0 -19519.199667930603 
12564.0 -12502.399787306786 
66179.0 -51165.19912958145 
32687.0 -28249.49951940775 
20267.0 -17037.799710154533 
47996.0 -38446.19934594631 
6520.0 -7913.099865376949 
61947.0 -49020.89916604757 
62755.0 -49825.49915236235 
46955.0 -38010.79935336113 
82821.0 -61589.79895222187 
21676.0 -19173.399673819542 
71516.0 -55234.799060344696 
39548.0 -32616.49944514036 
993.0 -2029.8999654650688 
72759.0 -55675.09905284643 
60011.0 -47718.59918820858 
69357.0 -53667.59908699989 
90991.0 -63614.198917746544 
5979.0 -6887.999882817268 
71203.0 -54398.699074566364 
18029.0 -15946.599728703499 
96434.0 -64825.49889713526 
27730.0 -23936.999592781067 
50596.0 -41289.0992975831 
80315.0 -59946.99898016453 
45353.0 -36449.89937990904 
39042.0 -32180.79945254326 
57661.0 -46138.799215078354 
69810.0 -54175.39907836914 
29213.0 -25685.49956303835 
74496.0 -56238.199043273926 
10856.0 -10867.999815106392 
5979.0 -6887.999882817268 
92307.0 -64653.998900055885 
64065.0 -49954.299150168896 
67339.0 -52242.09911125898 
29797.0 -25884.999559640884 
83864.0 -61635.69895142317 
33853.0 -28539.599514484406 
73667.0 -56047.4990465045 
80430.0 -60601.0989690423 
10453.0 -10609.699819505215 
24770.0 -21334.899637043476 
36783.0 -31157.099469959736 
55201.0 -44153.699248850346 
58558.0 -46499.599208951 
45033.0 -36062.09938651323 
55201.0 -44153.699248850346 
59198.0 -46722.19920516014 
51383.0 -41373.79929614067 
18029.0 -15946.599728703499 
59832.0 -47204.79919695854 
