97388.0 -64923.49889546633 
0.0 -0.0 
97388.0 -64923.49889546633 
0.0 -0.0 
46985.0 -37469.39936256409 
21215.0 -18297.399688720703 
38976.0 -33120.49943655729 
1073.0 -2952.0999497771263 
63845.0 -50333.69914370775 
82005.0 -60536.69897013903 
83816.0 -61995.09894531965 
11498.0 -11579.499803006649 
29415.0 -25770.899561583996 
48285.0 -39161.199333786964 
77659.0 -58435.39900588989 
22683.0 -20056.39965879917 
13115.0 -12581.49978595972 
38721.0 -31287.999467730522 
19752.0 -17399.699703991413 
40535.0 -34157.49941891432 
62240.0 -49207.099162876606 
5074.0 -6936.999881982803 
36702.0 -31090.599471092224 
91541.0 -63796.49891465902 
3399.0 -4997.399914979935 
43368.0 -35452.09939688444 
30807.0 -26775.699544489384 
57723.0 -45188.59923124313 
51500.0 -40997.19930255413 
32160.0 -27060.599539637566 
35368.0 -30202.69948619604 
27068.0 -23733.999596238136 
93395.0 -64126.198909044266 
19311.0 -16084.099726378918 
70949.0 -54575.79907155037 
70298.0 -53374.99909198284 
44703.0 -36713.79937541485 
9239.0 -9783.39983355999 
74240.0 -56785.59903395176 
33247.0 -28103.899521887302 
72461.0 -54790.699067890644 
26101.0 -22739.699613153934 
49420.0 -39542.69932729006 
55978.0 -44967.39923501015 
17382.0 -15268.999740242958 
13766.0 -13665.399767518044 
33365.0 -28850.399509191513 
87881.0 -62620.89893466234 
89124.0 -63764.998915195465 
28620.0 -24511.699582993984 
10549.0 -10545.29982060194 
2706.0 -3983.499932229519 
35202.0 -29173.399503707886 
86712.0 -62312.19893991947 
85125.0 -62204.398941755295 
54661.0 -43686.799256801605 
24384.0 -21061.89964169264 
42435.0 -34254.79941725731 
55964.0 -43847.79925405979 
23901.0 -20179.599656701088 
15755.0 -14714.999749660492 
1702.0 -3856.099934399128 
76924.0 -57045.299029529095 
17500.0 -16015.499727547169 
94960.0 -64873.098896324635 
66829.0 -51712.599120259285 
76648.0 -56989.99903047085 
6653.0 -7926.399865150452 
80285.0 -59923.19898056984 
8223.0 -8813.599850058556 
73013.0 -55786.399050951004 
125.0 -1049.5999821424484 
78834.0 -59447.19898867607 
88435.0 -63516.498919427395 
61000.0 -48803.19916975498 
6653.0 -7926.399865150452 
58282.0 -46675.99920594692 
25218.0 -21511.299634039402 
15755.0 -14714.999749660492 
53857.0 -43029.899267971516 
42580.0 -34978.89940494299 
73947.0 -55793.399050831795 
25292.0 -22347.399619817734 
28334.0 -24141.399589300156 
94899.0 -64446.79890358448 
51857.0 -42289.69928056002 
80802.0 -60170.99897634983 
66119.0 -50922.69913369417 
125.0 -1049.5999821424484 
97343.0 -64912.29889565706 
60715.0 -48262.09917896986 
44703.0 -36713.79937541485 
69215.0 -52934.399099469185 
10402.0 -9978.299830257893 
50569.0 -40177.19931650162 
58114.0 -46661.29920619726 
4400.0 -6021.799897551537 
8223.0 -8813.599850058556 
66829.0 -51712.599120259285 
68783.0 -52748.19910264015 
