0.0 -0.0 
97388.0 -64923.49889546633 
97388.0 -64923.49889546633 
0.0 -0.0 
57062.0 -44934.49923557043 
49771.0 -39631.5993257761 
44868.0 -36430.299380242825 
10071.0 -9513.199838161469 
19774.0 -18045.399693012238 
59481.0 -47574.09919065237 
21859.0 -19000.49967676401 
25280.0 -22337.599619984627 
32884.0 -28512.29951494932 
43229.0 -35592.799394488335 
48047.0 -38480.49934536219 
34983.0 -29356.799500584602 
2979.0 -4345.69992607832 
40167.0 -33542.59942936897 
1654.0 -3919.7999333143234 
28595.0 -24681.7995800972 
52729.0 -42592.099275410175 
16803.0 -15572.799735069275 
37432.0 -31341.89946681261 
65131.0 -50732.999136924744 
10856.0 -10867.999815106392 
82048.0 -61133.798959970474 
329.0 -1049.5999821424484 
30386.0 -26667.199546337128 
38796.0 -32066.39945447445 
55508.0 -43732.6992560029 
46410.0 -37754.99935770035 
77014.0 -57184.59902715683 
50761.0 -41494.19929409027 
74659.0 -56005.099047243595 
18750.0 -16243.699723660946 
63820.0 -50129.29914718866 
89036.0 -63921.79891252518 
87043.0 -63064.298927128315 
76072.0 -56528.69903832674 
13130.0 -12897.89978057146 
83419.0 -61906.19894683361 
31594.0 -27824.599526643753 
58146.0 -46640.69920653105 
14968.0 -14511.999753117561 
29497.0 -25130.799572467804 
84594.0 -62060.898944199085 
26448.0 -23447.399601101875 
50537.0 -41189.699299275875 
3737.0 -5939.899898946285 
18768.0 -17068.599709630013 
71146.0 -54703.19906938076 
13130.0 -12897.89978057146 
89810.0 -64021.898910820484 
81337.0 -60136.698976933956 
70456.0 -53964.39908194542 
40093.0 -32507.699446976185 
73412.0 -55442.69905680418 
36569.0 -30321.399484157562 
24237.0 -21082.19964134693 
7764.0 -8676.399852395058 
16422.0 -14539.299752652645 
94760.0 -64709.99889910221 
92390.0 -64100.99890947342 
72555.0 -55033.59906375408 
80462.0 -59781.09898298979 
54613.0 -43645.8992574811 
11907.0 -11469.599804878235 
41807.0 -34709.099409520626 
22646.0 -20049.39965891838 
86552.0 -62374.09893888235 
35475.0 -30292.299484670162 
26448.0 -23447.399601101875 
983.0 -2378.099959552288 
41807.0 -34709.099409520626 
31221.0 -27012.29954046011 
5074.0 -6936.999881982803 
92724.0 -64334.79890549183 
5074.0 -6936.999881982803 
46832.0 -38026.59935307503 
6520.0 -7913.099865376949 
983.0 -2378.099959552288 
94486.0 -64585.398901224136 
24237.0 -21082.19964134693 
6520.0 -7913.099865376949 
77804.0 -58244.999009132385 
68142.0 -52745.399102687836 
66966.0 -51219.19912862778 
7764.0 -8676.399852395058 
78992.0 -59117.19899427891 
58146.0 -46640.69920653105 
79364.0 -59291.4989913106 
63004.0 -49347.39916050434 
68880.0 -53456.89909058809 
69177.0 -53613.699087917805 
22646.0 -20049.39965891838 
78294.0 -58341.5990074873 
3737.0 -5939.899898946285 
61726.0 -48633.499172627926 
11907.0 -11469.599804878235 
53268.0 -43091.499266922474 
