0.0 -0.0 
16644.0 -6584.999888539314 
16644.0 -6584.999888539314 
0.0 -0.0 
455.0 -1085.299981534481 
285.0 -539.2999908328056 
2844.0 -2353.1999599933624 
15509.0 -6514.699889719486 
15509.0 -6514.699889719486 
14551.0 -6444.399890899658 
2797.0 -2038.1999653577805 
1664.0 -1624.5999723672867 
4559.0 -3250.399944782257 
1302.0 -1267.8999784588814 
1587.0 -1345.799977183342 
5398.0 -3698.9999371767044 
6631.0 -4238.29992800951 
14551.0 -6444.399890899658 
13834.0 -6374.09989207983 
2055.0 -1813.8999691605568 
5052.0 -3320.699943602085 
2055.0 -1813.8999691605568 
4309.0 -3026.0999485850334 
2462.0 -1988.8999661803246 
1302.0 -1267.8999784588814 
3448.0 -2437.499958574772 
7124.0 -4308.599926829338 
5148.0 -3474.6999409794807 
5148.0 -3474.6999409794807 
455.0 -1085.299981534481 
285.0 -539.2999908328056 
4309.0 -3026.0999485850334 
13834.0 -6374.09989207983 
13444.0 -6303.799893260002 
6500.0 -4063.2999309897423 
1664.0 -1624.5999723672867 
13444.0 -6303.799893260002 
13082.0 -6233.499894440174 
2462.0 -1988.8999661803246 
7733.0 -4602.599921822548 
5792.0 -3789.6999356150627 
175.0 -364.2999938130379 
3770.0 -2711.0999539494514 
5792.0 -3789.6999356150627 
105.0 -70.29999881982803 
5398.0 -3698.9999371767044 
13082.0 -6233.499894440174 
12785.0 -6163.199895620346 
175.0 -364.2999938130379 
115.0 -224.29999619722366 
6060.0 -3839.5999348163605 
8226.0 -4672.899920642376 
9148.0 -5024.399914741516 
4559.0 -3250.399944782257 
7648.0 -4519.499923288822 
12785.0 -6163.199895620346 
3770.0 -2711.0999539494514 
3586.0 -2577.499956190586 
6208.0 -3909.8999336361885 
8979.0 -4954.099915921688 
8750.0 -4883.79991710186 
3586.0 -2577.499956190586 
9404.0 -5094.699913561344 
10243.0 -5363.099909126759 
11017.0 -5587.999905347824 
10012.0 -5292.7999103069305 
10684.0 -5516.499906480312 
10866.0 -5517.699906527996 
8750.0 -4883.79991710186 
7441.0 -4449.199924468994 
8543.0 -4813.499918282032 
6381.0 -4013.9999318122864 
3932.0 -2801.7999523878098 
3932.0 -2801.7999523878098 
115.0 -224.29999619722366 
9404.0 -5094.699913561344 
6208.0 -3909.8999336361885 
9148.0 -5024.399914741516 
7293.0 -4378.899925649166 
8302.0 -4730.399919748306 
8979.0 -4954.099915921688 
7124.0 -4308.599926829338 
8046.0 -4660.099920928478 
4077.0 -2892.499950826168 
10897.0 -5586.79990530014 
7441.0 -4449.199924468994 
8543.0 -4813.499918282032 
10653.0 -5447.399907708168 
7293.0 -4378.899925649166 
8046.0 -4660.099920928478 
9963.0 -5235.299911201 
9795.0 -5222.4999114871025 
10176.0 -5305.599910020828 
6631.0 -4238.29992800951 
3520.0 -2486.799957752228 
6381.0 -4013.9999318122864 
10393.0 -5375.899908840656 
11230.0 -5658.299904167652 
11114.0 -5657.099904119968 
3448.0 -2437.499958574772 
11447.0 -5728.59990298748 
11581.0 -5797.6999017596245 
11345.0 -5727.399902939796 
6060.0 -3839.5999348163605 
1587.0 -1345.799977183342 
5052.0 -3320.699943602085 
11968.0 -5881.999900341034 
11837.0 -5867.9999005794525 
12549.0 -6092.899896800518 
8395.0 -4743.199919462204 
7648.0 -4519.499923288822 
2844.0 -2353.1999599933624 
6500.0 -4063.2999309897423 
4077.0 -2892.499950826168 
7733.0 -4602.599921822548 
12549.0 -6092.899896800518 
9656.0 -5164.999912381172 
9582.0 -5152.1999126672745 
4075.0 -2886.099950969219 
11755.0 -5811.699901521206 
12119.0 -5952.299899160862 
12050.0 -5938.299899399281 
9582.0 -5152.1999126672745 
10536.0 -5446.199907660484 
11683.0 -5798.899901807308 
12332.0 -6022.59989798069 
12267.0 -6008.599898219109 
12503.0 -6078.899897038937 
12332.0 -6022.59989798069 
10479.0 -5433.399907946587 
3520.0 -2486.799957752228 
12503.0 -6078.899897038937 
105.0 -70.29999881982803 
12267.0 -6008.599898219109 
12119.0 -5952.299899160862 
8395.0 -4743.199919462204 
2797.0 -2038.1999653577805 
9795.0 -5222.4999114871025 
9656.0 -5164.999912381172 
4075.0 -2886.099950969219 
11581.0 -5797.6999017596245 
11447.0 -5728.59990298748 
10479.0 -5433.399907946587 
10393.0 -5375.899908840656 
11345.0 -5727.399902939796 
11230.0 -5658.299904167652 
11837.0 -5867.9999005794525 
12050.0 -5938.299899399281 
11968.0 -5881.999900341034 
11755.0 -5811.699901521206 
