0.0 -0.0 
34698.0 -27406.799533724785 
34698.0 -27406.799533724785 
0.0 -0.0 
1283.0 -2095.6999643445015 
1755.0 -3112.3999470472336 
2707.0 -4149.399929404259 
59.0 -1049.5999821424484 
9076.0 -10301.699824750423 
346.0 -2063.499964892864 
3573.0 -5105.899913132191 
3784.0 -5906.29989951849 
9250.0 -11020.59981250763 
1917.0 -3917.699933350086 
15195.0 -16906.599712371826 
14230.0 -15860.499730169773 
24298.0 -24117.599589705467 
55.0 -1020.1999826431274 
1297.0 -3057.799947977066 
14726.0 -15931.899728953838 
15099.0 -16189.099724590778 
22849.0 -22936.79960978031 
13278.0 -14823.499747812748 
16221.0 -17933.099694907665 
16162.0 -17335.29970508814 
2869.0 -4954.699915707111 
29269.0 -27043.499539911747 
7147.0 -9000.499846875668 
13240.0 -14180.59975874424 
33117.0 -27401.89953380823 
30885.0 -27293.399535655975 
6396.0 -8015.999863624573 
20329.0 -21002.799642682076 
10995.0 -12111.499793946743 
4307.0 -5981.19989824295 
32184.0 -27382.299534142017 
14139.0 -15195.199741482735 
5004.0 -6888.699882805347 
26577.0 -25858.799560070038 
18440.0 -19640.299665868282 
18595.0 -20007.099659621716 
635.0 -2090.099964439869 
10415.0 -12049.199795007706 
23266.0 -23479.599600553513 
32605.0 -27395.59953391552 
22336.0 -22903.199610352516 
23436.0 -23788.999595284462 
19815.0 -20989.499642908573 
25459.0 -25038.399574041367 
6769.0 -8273.199859261513 
24950.0 -24880.599576711655 
9830.0 -11082.899811446667 
7727.0 -9062.799845814705 
6060.0 -7954.3998646736145 
3016.0 -4955.39991569519 
27149.0 -26029.899557173252 
12275.0 -13134.499776542187 
8367.0 -9982.899830162525 
21788.0 -22387.29961913824 
8899.0 -10052.899828970432 
5478.0 -6922.999882221222 
24656.0 -24771.39957857132 
13734.0 -15084.599743366241 
23008.0 -23369.6996024251 
26050.0 -25732.099562227726 
19562.0 -20435.799652338028 
6977.0 -8286.499859035015 
17188.0 -18361.799687623978 
22078.0 -22793.299612224102 
10203.0 -11340.099807083607 
17220.0 -18657.899682581425 
24330.0 -24413.699584662914 
20626.0 -21369.89963644743 
2286.0 -4136.099929630756 
21736.0 -22066.399624586105 
13648.0 -14829.09974771738 
24588.0 -24523.59958279133 
11393.0 -12374.299789488316 
20814.0 -21714.299630582333 
27801.0 -26758.599544763565 
25946.0 -25519.29956585169 
27697.0 -26545.799548387527 
11971.0 -13093.199777245522 
31584.0 -27327.69953507185 
20524.0 -21308.29963749647 
17569.0 -18980.599677085876 
8100.0 -9319.999841451645 
30207.0 -27098.799538969994 
4783.0 -6631.099887192249 
8146.0 -9725.299834549427 
11124.0 -12367.999789595604 
25688.0 -25409.399567723274 
27439.0 -26435.899550259113 
11414.0 -12773.999782681465 
18408.0 -19344.199670910835 
17827.0 -19090.49967521429 
20961.0 -21714.99963057041 
4493.0 -6225.099894106388 
7856.0 -9319.299841463566 
9959.0 -11339.399807095528 
6003.0 -7613.499870479107 
26445.0 -25761.499561727047 
12966.0 -14167.999758958817 
10249.0 -11745.399800181389 
21556.0 -21946.299626648426 
23730.0 -23863.899594008923 
11635.0 -13031.599778294563 
28059.0 -26868.49954289198 
28784.0 -26939.199541687965 
2191.0 -3930.2999331355095 
5709.0 -6986.699881136417 
31584.0 -27327.69953507185 
12708.0 -14058.099760830402 
30585.0 -27237.39953660965 
22046.0 -22497.199617266655 
12443.0 -13400.799772024155 
4783.0 -6631.099887192249 
23730.0 -23863.899594008923 
33716.0 -27403.29953378439 
4493.0 -6225.099894106388 
18351.0 -19140.199674367905 
19304.0 -20325.899654209614 
16930.0 -18251.899689495564 
15904.0 -17225.399706959724 
15453.0 -17016.49971050024 
16479.0 -18042.99969303608 
18853.0 -20116.99965775013 
7059.0 -8679.199852347374 
34125.0 -27406.099533736706 
12634.0 -13756.399765968323 
28267.0 -26904.199542284012 
5741.0 -7223.599877119064 
25368.0 -24929.59957587719 
19594.0 -20731.899647295475 
30404.0 -27168.09953778982 
6003.0 -7613.499870479107 
19741.0 -20732.599647283554 
13992.0 -15194.499741494656 
29777.0 -27070.79953944683 
27210.0 -26064.899556577206 
28784.0 -26939.199541687965 
12443.0 -13400.799772024155 
17478.0 -18767.79968070984 
1298.0 -3100.4999472498894 
5741.0 -7223.599877119064 
12634.0 -13756.399765968323 
15453.0 -17016.49971050024 
18853.0 -20116.99965775013 
16479.0 -18042.99969303608 
15904.0 -17225.399706959724 
