0.0 -0.0 
34698.0 -27406.799533724785 
34698.0 -27406.799533724785 
0.0 -0.0 
346.0 -2063.499964892864 
1283.0 -2095.6999643445015 
3784.0 -5906.29989951849 
59.0 -1049.5999821424484 
13240.0 -14180.59975874424 
9250.0 -11020.59981250763 
1755.0 -3112.3999470472336 
2707.0 -4149.399929404259 
2869.0 -4954.699915707111 
15195.0 -16906.599712371826 
55.0 -1020.1999826431274 
15099.0 -16189.099724590778 
25677.0 -24928.89957588911 
26577.0 -25848.29956024885 
13278.0 -14823.499747812748 
3573.0 -5105.899913132191 
1917.0 -3917.699933350086 
14230.0 -15860.499730169773 
1297.0 -3057.799947977066 
18150.0 -19234.29967278242 
24330.0 -24413.699584662914 
21706.0 -22081.099624335766 
29545.0 -27017.59954035282 
20409.0 -21160.999639987946 
10751.0 -12110.799793958664 
9586.0 -11082.199811458588 
20782.0 -21418.199635624886 
20814.0 -21714.299630582333 
9076.0 -10301.699824750423 
14139.0 -15195.199741482735 
22336.0 -22903.199610352516 
11414.0 -12773.999782681465 
12708.0 -14058.099760830402 
29741.0 -27178.599537611008 
18440.0 -19640.299665868282 
31915.0 -27375.999534249306 
5032.0 -6904.799882531166 
6396.0 -8015.999863624573 
635.0 -2090.099964439869 
11124.0 -12367.999789595604 
14919.0 -16028.49972730875 
30740.0 -27257.699536263943 
9959.0 -11339.399807095528 
8367.0 -9982.899830162525 
27210.0 -26064.899556577206 
12443.0 -13400.799772024155 
7147.0 -9000.499846875668 
27062.0 -26004.399557590485 
6060.0 -7954.3998646736145 
24914.0 -24881.299576699734 
14517.0 -15882.199729800224 
21788.0 -22387.29961913824 
5741.0 -7223.599877119064 
25688.0 -25409.399567723274 
34125.0 -27406.099533736706 
33709.0 -27399.099533855915 
16194.0 -17631.399700045586 
27862.0 -26793.59954416752 
20073.0 -21099.399641036987 
28228.0 -26850.999543190002 
16479.0 -18042.99969303608 
18595.0 -20007.099659621716 
28456.0 -26965.09954124689 
11393.0 -12374.299789488316 
8100.0 -9319.999841451645 
22046.0 -22497.199617266655 
22078.0 -22793.299612224102 
16162.0 -17335.29970508814 
17188.0 -18361.799687623978 
19562.0 -20435.799652338028 
27439.0 -26435.899550259113 
24298.0 -24117.599589705467 
26050.0 -25732.099562227726 
19815.0 -20989.499642908573 
21209.0 -21950.19962656498 
2286.0 -4136.099929630756 
13696.0 -14872.499746978283 
22907.0 -22989.99960887432 
23298.0 -23775.69959551096 
27758.0 -26580.79954779148 
25946.0 -25519.29956585169 
4307.0 -5981.19989824295 
4783.0 -6631.099887192249 
10203.0 -11340.099807083607 
12477.0 -13789.29976540804 
24040.0 -24007.699591577053 
8146.0 -9725.299834549427 
28851.0 -26994.499540746212 
8899.0 -10052.899828970432 
23008.0 -23369.6996024251 
10415.0 -12049.199795007706 
12014.0 -13130.999776601791 
16875.0 -18053.499692857265 
15727.0 -17029.099710285664 
19189.0 -20178.599656701088 
33014.0 -27398.399533867836 
6977.0 -8286.499859035015 
24656.0 -24771.39957857132 
11635.0 -13031.599778294563 
13734.0 -15084.599743366241 
16930.0 -18251.899689495564 
19304.0 -20325.899654209614 
32593.0 -27385.099534094334 
6003.0 -7613.499870479107 
23556.0 -23885.599593639374 
15453.0 -17016.49971050024 
10249.0 -11745.399800181389 
5368.0 -6966.399881482124 
7483.0 -9062.099845826626 
17441.0 -18915.499678194523 
2191.0 -3930.2999331355095 
16221.0 -17933.099694907665 
23830.0 -23898.199593424797 
4783.0 -6631.099887192249 
8751.0 -9983.599830150604 
30306.0 -27228.29953676462 
4493.0 -6225.099894106388 
3290.0 -4967.999915480614 
31671.0 -27312.29953533411 
5741.0 -7223.599877119064 
7059.0 -8679.199852347374 
22967.0 -23025.999608278275 
31159.0 -27305.9995354414 
12696.0 -13792.099765360355 
7856.0 -9319.299841463566 
21209.0 -21950.19962656498 
23008.0 -23369.6996024251 
12014.0 -13130.999776601791 
17220.0 -18657.899682581425 
19594.0 -20731.899647295475 
4493.0 -6225.099894106388 
6003.0 -7613.499870479107 
17367.0 -18658.599682569504 
19741.0 -20732.599647283554 
17940.0 -19079.999675393105 
6763.0 -8172.099860966206 
1298.0 -3100.4999472498894 
18568.0 -19705.399664759636 
15904.0 -17225.399706959724 
27500.0 -26470.899549663067 
30306.0 -27228.29953676462 
4454.0 -5981.8998982310295 
9076.0 -10301.699824750423 
7059.0 -8679.199852347374 
18853.0 -20116.99965775013 
24656.0 -24771.39957857132 
