0.0 -0.0 
34698.0 -27406.799533724785 
34698.0 -27406.799533724785 
0.0 -0.0 
1283.0 -2095.6999643445015 
1297.0 -3057.799947977066 
2707.0 -4149.399929404259 
2869.0 -4954.699915707111 
59.0 -1049.5999821424484 
346.0 -2063.499964892864 
3784.0 -5906.29989951849 
9250.0 -11020.59981250763 
15195.0 -16906.599712371826 
1755.0 -3112.3999470472336 
1917.0 -3917.699933350086 
13278.0 -14823.499747812748 
55.0 -1020.1999826431274 
5032.0 -6904.799882531166 
27210.0 -26064.899556577206 
3573.0 -5105.899913132191 
24914.0 -24881.299576699734 
9076.0 -10301.699824750423 
14230.0 -15860.499730169773 
14139.0 -15195.199741482735 
16162.0 -17335.29970508814 
25606.0 -25039.099574029446 
16221.0 -17933.099694907665 
15099.0 -16189.099724590778 
13240.0 -14180.59975874424 
14613.0 -15875.199729919434 
9586.0 -11082.199811458588 
5709.0 -6986.699881136417 
4307.0 -5981.19989824295 
8703.0 -10044.499829113483 
15613.0 -16955.59971153736 
7727.0 -9062.799845814705 
10249.0 -11745.399800181389 
8146.0 -9725.299834549427 
19594.0 -20731.899647295475 
7059.0 -8679.199852347374 
27511.0 -26352.599551677704 
32442.0 -27389.999534010887 
30991.0 -27294.099535644054 
7147.0 -9000.499846875668 
12443.0 -13400.799772024155 
635.0 -2090.099964439869 
12658.0 -13892.899763643742 
8367.0 -9982.899830162525 
11635.0 -13031.599778294563 
12966.0 -14167.999758958817 
19815.0 -20989.499642908573 
9959.0 -11339.399807095528 
6977.0 -8286.499859035015 
27837.0 -26757.899544775486 
3290.0 -4967.999915480614 
14952.0 -16188.3997246027 
21788.0 -22387.29961913824 
12347.0 -13118.399776816368 
23008.0 -23369.6996024251 
28456.0 -26965.09954124689 
27811.0 -26408.59955072403 
11971.0 -13093.199777245522 
24330.0 -24413.699584662914 
13757.0 -14930.599745988846 
18853.0 -20116.99965775013 
20073.0 -21099.399641036987 
30357.0 -27243.69953650236 
23266.0 -23479.599600553513 
19543.0 -20346.899653851986 
11393.0 -12374.299789488316 
8100.0 -9319.999841451645 
23298.0 -23775.69959551096 
10203.0 -11340.099807083607 
24298.0 -24117.599589705467 
20782.0 -21418.199635624886 
22046.0 -22497.199617266655 
22336.0 -22903.199610352516 
22698.0 -22935.399609804153 
18150.0 -19234.29967278242 
21126.0 -21756.299629867077 
25688.0 -25409.399567723274 
16617.0 -17943.59969472885 
24666.0 -24475.299583613873 
6060.0 -7954.3998646736145 
4783.0 -6631.099887192249 
24690.0 -24741.29957908392 
26726.0 -25942.799558639526 
32021.0 -27376.699534237385 
26308.0 -25841.99956035614 
11414.0 -12773.999782681465 
17220.0 -18657.899682581425 
10415.0 -12049.199795007706 
20409.0 -21160.999639987946 
19189.0 -20178.599656701088 
4493.0 -6225.099894106388 
11020.0 -12117.099793851376 
7856.0 -9319.299841463566 
20524.0 -21308.29963749647 
6003.0 -7613.499870479107 
2286.0 -4136.099929630756 
34125.0 -27406.099533736706 
17569.0 -18980.599677085876 
12477.0 -13789.29976540804 
22956.0 -23045.299607932568 
26111.0 -25767.09956163168 
16930.0 -18251.899689495564 
2191.0 -3930.2999331355095 
21706.0 -22081.099624335766 
18595.0 -20007.099659621716 
23694.0 -23898.899593412876 
4783.0 -6631.099887192249 
17188.0 -18361.799687623978 
22078.0 -22793.299612224102 
29833.0 -27193.999537348747 
18440.0 -19640.299665868282 
34019.0 -27405.399533748627 
15904.0 -17225.399706959724 
4493.0 -6225.099894106388 
26007.0 -25554.299565255642 
30265.0 -27228.29953676462 
28877.0 -26978.399541020393 
11124.0 -12367.999789595604 
29375.0 -27044.199539899826 
28980.0 -27014.799540400505 
31792.0 -27317.199535250664 
33014.0 -27398.399533867836 
19304.0 -20325.899654209614 
5741.0 -7223.599877119064 
20814.0 -21714.299630582333 
23556.0 -23885.599593639374 
6003.0 -7613.499870479107 
26665.0 -25907.799559235573 
31523.0 -27310.899535357952 
6396.0 -8015.999863624573 
5741.0 -7223.599877119064 
33014.0 -27398.399533867836 
28120.0 -26903.499542295933 
13757.0 -14930.599745988846 
33526.0 -27404.699533760548 
6763.0 -8172.099860966206 
18568.0 -19705.399664759636 
29833.0 -27193.999537348747 
33526.0 -27404.699533760548 
9076.0 -10301.699824750423 
18408.0 -19344.199670910835 
21453.0 -21950.89962655306 
29375.0 -27044.199539899826 
21453.0 -21950.89962655306 
24040.0 -24007.699591577053 
16930.0 -18251.899689495564 
