0.0 -0.0 
34698.0 -27406.799533724785 
34698.0 -27406.799533724785 
0.0 -0.0 
3573.0 -5105.899913132191 
2869.0 -4954.699915707111 
1283.0 -2095.6999643445015 
9250.0 -11020.59981250763 
1755.0 -3112.3999470472336 
13278.0 -14823.499747812748 
59.0 -1049.5999821424484 
346.0 -2063.499964892864 
26726.0 -25942.799558639526 
3784.0 -5906.29989951849 
28394.0 -26916.099542081356 
1917.0 -3917.699933350086 
2707.0 -4149.399929404259 
14230.0 -15860.499730169773 
5004.0 -6888.699882805347 
13240.0 -14180.59975874424 
27362.0 -26008.59955751896 
55.0 -1020.1999826431274 
1297.0 -3057.799947977066 
26111.0 -25767.09956163168 
23298.0 -23775.69959551096 
14139.0 -15195.199741482735 
15195.0 -16906.599712371826 
5709.0 -6986.699881136417 
15099.0 -16189.099724590778 
14768.0 -15966.899728357792 
21788.0 -22387.29961913824 
9774.0 -11070.299811661243 
15453.0 -17016.49971050024 
9076.0 -10301.699824750423 
16221.0 -17933.099694907665 
13734.0 -15084.599743366241 
7059.0 -8679.199852347374 
12708.0 -14058.099760830402 
10415.0 -12049.199795007706 
11635.0 -13031.599778294563 
16162.0 -17335.29970508814 
12443.0 -13400.799772024155 
23974.0 -23934.59959280491 
25393.0 -24965.299575269222 
6763.0 -8172.099860966206 
24975.0 -24916.299576103687 
7147.0 -9000.499846875668 
6060.0 -7954.3998646736145 
17987.0 -19029.59967625141 
24330.0 -24413.699584662914 
29125.0 -27007.099540531635 
22956.0 -23045.299607932568 
16870.0 -18063.99969267845 
4307.0 -5981.19989824295 
25656.0 -25113.299572765827 
24314.0 -24040.999590992928 
27892.0 -26789.399544239044 
11393.0 -12374.299789488316 
18408.0 -19344.199670910835 
10203.0 -11340.099807083607 
20782.0 -21418.199635624886 
19562.0 -20435.799652338028 
11124.0 -12367.999789595604 
22336.0 -22903.199610352516 
22698.0 -22935.399609804153 
19815.0 -20989.499642908573 
12088.0 -13044.199778079987 
2286.0 -4136.099929630756 
9959.0 -11339.399807095528 
27439.0 -26435.899550259113 
8100.0 -9319.999841451645 
24588.0 -24523.59958279133 
12477.0 -13789.29976540804 
31235.0 -27294.799535632133 
4783.0 -6631.099887192249 
11414.0 -12773.999782681465 
18595.0 -20007.099659621716 
34125.0 -27406.099533736706 
20347.0 -21111.99964082241 
19274.0 -20130.299657523632 
6977.0 -8286.499859035015 
29552.0 -27117.69953864813 
23008.0 -23369.6996024251 
4493.0 -6225.099894106388 
7727.0 -9062.799845814705 
17124.0 -18207.799690246582 
21219.0 -21824.899628698826 
6003.0 -7613.499870479107 
31766.0 -27333.299534976482 
17569.0 -18980.599677085876 
635.0 -2090.099964439869 
10249.0 -11745.399800181389 
19304.0 -20325.899654209614 
17188.0 -18361.799687623978 
26007.0 -25554.299565255642 
21467.0 -22060.099624693394 
7483.0 -9062.099845826626 
29679.0 -27129.599538445473 
8146.0 -9725.299834549427 
2191.0 -3930.2999331355095 
31069.0 -27247.199536442757 
10939.0 -12098.89979416132 
8285.0 -9974.499830305576 
22046.0 -22497.199617266655 
22078.0 -22793.299612224102 
17220.0 -18657.899682581425 
20814.0 -21714.299630582333 
8604.0 -9975.199830293655 
26007.0 -25554.299565255642 
21467.0 -22060.099624693394 
4783.0 -6631.099887192249 
14952.0 -16188.3997246027 
30531.0 -27225.499536812305 
33379.0 -27403.99953377247 
33978.0 -27405.399533748627 
32331.0 -27382.999534130096 
4493.0 -6225.099894106388 
15904.0 -17225.399706959724 
10868.0 -12061.799794793129 
32331.0 -27382.999534130096 
8899.0 -10052.899828970432 
31747.0 -27301.099535524845 
12696.0 -13792.099765360355 
7856.0 -9319.299841463566 
23008.0 -23369.6996024251 
30678.0 -27226.199536800385 
5741.0 -7223.599877119064 
18853.0 -20116.99965775013 
23556.0 -23885.599593639374 
30152.0 -27160.399537920952 
19594.0 -20731.899647295475 
6003.0 -7613.499870479107 
16479.0 -18042.99969303608 
19741.0 -20732.599647283554 
21072.0 -21824.199628710747 
14008.0 -15097.199743151665 
32867.0 -27397.699533879757 
29125.0 -27007.099540531635 
25656.0 -25113.299572765827 
6396.0 -8015.999863624573 
32867.0 -27397.699533879757 
18440.0 -19640.299665868282 
17478.0 -18767.79968070984 
1298.0 -3100.4999472498894 
24588.0 -24523.59958279133 
5741.0 -7223.599877119064 
12288.0 -13143.599776387215 
15904.0 -17225.399706959724 
18150.0 -19234.29967278242 
33379.0 -27403.99953377247 
