0.0 -0.0 
34698.0 -27406.799533724785 
0.0 -0.0 
34698.0 -27406.799533724785 
2869.0 -4954.699915707111 
346.0 -2063.499964892864 
1283.0 -2095.6999643445015 
3573.0 -5105.899913132191 
3784.0 -5906.29989951849 
1755.0 -3112.3999470472336 
2707.0 -4149.399929404259 
15195.0 -16906.599712371826 
59.0 -1049.5999821424484 
55.0 -1020.1999826431274 
1917.0 -3917.699933350086 
13278.0 -14823.499747812748 
13240.0 -14180.59975874424 
18440.0 -19640.299665868282 
1297.0 -3057.799947977066 
25688.0 -25409.399567723274 
8367.0 -9982.899830162525 
5450.0 -6953.799881696701 
9250.0 -11020.59981250763 
15099.0 -16189.099724590778 
10751.0 -12110.799793958664 
9076.0 -10301.699824750423 
28695.0 -26986.099540889263 
14139.0 -15195.199741482735 
26726.0 -25942.799558639526 
11414.0 -12773.999782681465 
26308.0 -25841.99956035614 
11635.0 -13031.599778294563 
18268.0 -19280.49967199564 
11124.0 -12367.999789595604 
20626.0 -21369.89963644743 
19304.0 -20325.899654209614 
10415.0 -12049.199795007706 
24239.0 -24055.99959075451 
19815.0 -20989.499642908573 
30228.0 -27223.39953684807 
14230.0 -15860.499730169773 
19594.0 -20731.899647295475 
27439.0 -26435.899550259113 
6977.0 -8286.499859035015 
29477.0 -27014.799540400505 
6763.0 -8172.099860966206 
16194.0 -17631.399700045586 
25606.0 -25039.099574029446 
29979.0 -27116.29953867197 
7147.0 -9000.499846875668 
31676.0 -27354.999534606934 
23974.0 -23934.59959280491 
24588.0 -24523.59958279133 
30801.0 -27224.099536836147 
18595.0 -20007.099659621716 
9830.0 -11082.899811446667 
23008.0 -23369.6996024251 
8899.0 -10052.899828970432 
12101.0 -13040.699778139591 
26154.0 -25554.99956524372 
17220.0 -18657.899682581425 
24975.0 -24916.299576103687 
28120.0 -26903.499542295933 
16221.0 -17933.099694907665 
20814.0 -21714.299630582333 
23298.0 -23775.69959551096 
16178.0 -17237.999706745148 
10203.0 -11340.099807083607 
19562.0 -20435.799652338028 
23266.0 -23479.599600553513 
22078.0 -22793.299612224102 
17188.0 -18361.799687623978 
22046.0 -22497.199617266655 
22336.0 -22903.199610352516 
12307.0 -13160.399776101112 
2286.0 -4136.099929630756 
13614.0 -14885.099746763706 
5741.0 -7223.599877119064 
17569.0 -18980.599677085876 
11393.0 -12374.299789488316 
5004.0 -6888.699882805347 
27697.0 -26545.799548387527 
13734.0 -15084.599743366241 
6060.0 -7954.3998646736145 
17556.0 -18719.499681532383 
8100.0 -9319.999841451645 
12708.0 -14058.099760830402 
30801.0 -27224.099536836147 
21706.0 -22081.099624335766 
4783.0 -6631.099887192249 
8146.0 -9725.299834549427 
17866.0 -19090.49967521429 
15904.0 -17225.399706959724 
14726.0 -15931.899728953838 
32366.0 -27374.599534273148 
16626.0 -18043.69969302416 
32219.0 -27373.89953428507 
21467.0 -22060.099624693394 
24330.0 -24413.699584662914 
31676.0 -27354.999534606934 
4493.0 -6225.099894106388 
27357.0 -26065.599556565285 
7727.0 -9062.799845814705 
14952.0 -16188.3997246027 
6003.0 -7613.499870479107 
12982.0 -14070.699760615826 
635.0 -2090.099964439869 
28456.0 -26965.09954124689 
10249.0 -11745.399800181389 
15904.0 -17225.399706959724 
19000.0 -20117.69965773821 
7483.0 -9062.099845826626 
9494.0 -11021.299812495708 
32908.0 -27397.699533879757 
21788.0 -22387.29961913824 
2191.0 -3930.2999331355095 
18140.0 -19103.099674999714 
21072.0 -21824.199628710747 
27149.0 -26029.899557173252 
22698.0 -22935.399609804153 
4307.0 -5981.19989824295 
20782.0 -21418.199635624886 
22956.0 -23045.299607932568 
33526.0 -27404.699533760548 
4250.0 -5915.399899363518 
4783.0 -6631.099887192249 
24717.0 -24806.399577975273 
33526.0 -27404.699533760548 
5741.0 -7223.599877119064 
34125.0 -27406.099533736706 
4493.0 -6225.099894106388 
12443.0 -13400.799772024155 
7059.0 -8679.199852347374 
34125.0 -27406.099533736706 
12634.0 -13756.399765968323 
9959.0 -11339.399807095528 
7856.0 -9319.299841463566 
23556.0 -23885.599593639374 
32908.0 -27397.699533879757 
6003.0 -7613.499870479107 
13992.0 -15194.499741494656 
20151.0 -21051.09964185953 
21316.0 -21824.899628698826 
6396.0 -8015.999863624573 
1298.0 -3100.4999472498894 
12634.0 -13756.399765968323 
16930.0 -18251.899689495564 
25366.0 -24937.29957574606 
27862.0 -26793.59954416752 
15195.0 -16906.599712371826 
