0.0 -0.0 
34698.0 -27406.799533724785 
34698.0 -27406.799533724785 
0.0 -0.0 
346.0 -2063.499964892864 
1283.0 -2095.6999643445015 
3784.0 -5906.29989951849 
13278.0 -14823.499747812748 
2707.0 -4149.399929404259 
3573.0 -5105.899913132191 
9250.0 -11020.59981250763 
13240.0 -14180.59975874424 
1755.0 -3112.3999470472336 
1917.0 -3917.699933350086 
15099.0 -16189.099724590778 
55.0 -1020.1999826431274 
59.0 -1049.5999821424484 
1297.0 -3057.799947977066 
9076.0 -10301.699824750423 
18595.0 -20007.099659621716 
15195.0 -16906.599712371826 
16221.0 -17933.099694907665 
13734.0 -15084.599743366241 
26804.0 -25894.49955946207 
2869.0 -4954.699915707111 
21706.0 -22081.099624335766 
33258.0 -27399.099533855915 
8703.0 -10044.499829113483 
9894.0 -11086.399811387062 
20524.0 -21308.29963749647 
4307.0 -5981.19989824295 
16815.0 -18104.599691987038 
15531.0 -16968.199711322784 
14648.0 -15980.199728131294 
12708.0 -14058.099760830402 
10249.0 -11745.399800181389 
17188.0 -18361.799687623978 
2286.0 -4136.099929630756 
14139.0 -15195.199741482735 
31509.0 -27307.399535417557 
5032.0 -6904.799882531166 
24975.0 -24916.299576103687 
29833.0 -27193.999537348747 
23436.0 -23788.999595284462 
10415.0 -12049.199795007706 
27357.0 -26065.599556565285 
30107.0 -27206.59953713417 
16162.0 -17335.29970508814 
14230.0 -15860.499730169773 
6396.0 -8015.999863624573 
635.0 -2090.099964439869 
7147.0 -9000.499846875668 
11054.0 -12112.899793922901 
8367.0 -9982.899830162525 
17220.0 -18657.899682581425 
33014.0 -27398.399533867836 
25688.0 -25409.399567723274 
17441.0 -18915.499678194523 
6977.0 -8286.499859035015 
22078.0 -22793.299612224102 
6763.0 -8172.099860966206 
26050.0 -25732.099562227726 
28695.0 -26986.099540889263 
3016.0 -4955.39991569519 
7856.0 -9319.299841463566 
23008.0 -23369.6996024251 
34125.0 -27406.099533736706 
12274.0 -13095.299777209759 
31778.0 -27313.69953531027 
6060.0 -7954.3998646736145 
30752.0 -27273.099536001682 
17699.0 -19025.399676322937 
11635.0 -13031.599778294563 
28120.0 -26903.499542295933 
16479.0 -18042.99969303608 
8100.0 -9319.999841451645 
24330.0 -24413.699584662914 
24298.0 -24117.599589705467 
22046.0 -22497.199617266655 
6003.0 -7613.499870479107 
20782.0 -21418.199635624886 
23266.0 -23479.599600553513 
21209.0 -21950.19962656498 
25525.0 -24928.89957588911 
5450.0 -6953.799881696701 
19594.0 -20731.899647295475 
19559.0 -20262.19965529442 
11393.0 -12374.299789488316 
27758.0 -26580.79954779148 
27862.0 -26793.59954416752 
25946.0 -25519.29956585169 
20814.0 -21714.299630582333 
29269.0 -27043.499539911747 
22967.0 -23025.999608278275 
4783.0 -6631.099887192249 
7565.0 -9049.499846041203 
10203.0 -11340.099807083607 
24040.0 -24007.699591577053 
8146.0 -9725.299834549427 
11414.0 -12773.999782681465 
22639.0 -22905.299610316753 
4493.0 -6225.099894106388 
30752.0 -27273.099536001682 
18056.0 -19092.599675178528 
18300.0 -19093.299675166607 
11124.0 -12367.999789595604 
32354.0 -27364.09953445196 
12443.0 -13400.799772024155 
27439.0 -26435.899550259113 
21788.0 -22387.29961913824 
32295.0 -27362.699534475803 
12477.0 -13789.29976540804 
29269.0 -27043.499539911747 
4783.0 -6631.099887192249 
24656.0 -24771.39957857132 
5709.0 -6986.699881136417 
9959.0 -11339.399807095528 
19377.0 -20166.699656903744 
4493.0 -6225.099894106388 
20073.0 -21099.399641036987 
7059.0 -8679.199852347374 
15904.0 -17225.399706959724 
19815.0 -20989.499642908573 
34125.0 -27406.099533736706 
24588.0 -24523.59958279133 
12624.0 -13789.999765396118 
14390.0 -15870.29973000288 
5741.0 -7223.599877119064 
23298.0 -23775.69959551096 
21209.0 -21950.19962656498 
25606.0 -25039.099574029446 
19741.0 -20732.599647283554 
13992.0 -15194.499741494656 
24040.0 -24007.699591577053 
19092.0 -20137.999657392502 
18440.0 -19640.299665868282 
1298.0 -3100.4999472498894 
5741.0 -7223.599877119064 
20073.0 -21099.399641036987 
15904.0 -17225.399706959724 
27500.0 -26470.899549663067 
9076.0 -10301.699824750423 
18440.0 -19640.299665868282 
26468.0 -25832.899560511112 
7059.0 -8679.199852347374 
6031.0 -7629.5998702049255 
18408.0 -19344.199670910835 
22639.0 -22905.299610316753 
26468.0 -25832.899560511112 
19092.0 -20137.999657392502 
