0.0 -0.0 
34698.0 -27406.799533724785 
0.0 -0.0 
34698.0 -27406.799533724785 
346.0 -2063.499964892864 
1283.0 -2095.6999643445015 
3784.0 -5906.29989951849 
1297.0 -3057.799947977066 
2707.0 -4149.399929404259 
2869.0 -4954.699915707111 
59.0 -1049.5999821424484 
9076.0 -10301.699824750423 
1755.0 -3112.3999470472336 
1917.0 -3917.699933350086 
15195.0 -16906.599712371826 
16815.0 -18104.599691987038 
18408.0 -19344.199670910835 
9250.0 -11020.59981250763 
15099.0 -16189.099724590778 
3573.0 -5105.899913132191 
55.0 -1020.1999826431274 
6003.0 -7613.499870479107 
16221.0 -17933.099694907665 
13278.0 -14823.499747812748 
14230.0 -15860.499730169773 
16162.0 -17335.29970508814 
29039.0 -26982.599540948868 
6396.0 -8015.999863624573 
4307.0 -5981.19989824295 
10751.0 -12110.799793958664 
10249.0 -11745.399800181389 
8146.0 -9725.299834549427 
14139.0 -15195.199741482735 
11414.0 -12773.999782681465 
7059.0 -8679.199852347374 
5556.0 -6954.49988168478 
26050.0 -25732.099562227726 
21209.0 -21950.19962656498 
11635.0 -13031.599778294563 
27758.0 -26580.79954779148 
32052.0 -27345.199534773827 
30072.0 -27214.99953699112 
635.0 -2090.099964439869 
17441.0 -18915.499678194523 
10415.0 -12049.199795007706 
19594.0 -20731.899647295475 
13240.0 -14180.59975874424 
19815.0 -20989.499642908573 
12708.0 -14058.099760830402 
27147.0 -25956.09955841303 
25396.0 -24929.59957587719 
6769.0 -8273.199859261513 
22336.0 -22903.199610352516 
27439.0 -26435.899550259113 
6060.0 -7954.3998646736145 
23298.0 -23775.69959551096 
27407.0 -26139.799555301666 
21706.0 -22081.099624335766 
21788.0 -22387.29961913824 
32894.0 -27390.699533998966 
17220.0 -18657.899682581425 
30870.0 -27277.299535930157 
14550.0 -15884.99972975254 
20073.0 -21099.399641036987 
15453.0 -17016.49971050024 
16673.0 -17998.899693787098 
23146.0 -23382.9996021986 
10203.0 -11340.099807083607 
8100.0 -9319.999841451645 
6977.0 -8286.499859035015 
22078.0 -22793.299612224102 
19562.0 -20435.799652338028 
24330.0 -24413.699584662914 
18595.0 -20007.099659621716 
12046.0 -13090.399777293205 
2286.0 -4136.099929630756 
8367.0 -9982.899830162525 
12288.0 -13143.599776387215 
17817.0 -19071.599675536156 
13598.0 -14847.999747395515 
22848.0 -22909.499610245228 
30072.0 -27214.99953699112 
11393.0 -12374.299789488316 
29375.0 -27044.199539899826 
26018.0 -25435.99956727028 
25688.0 -25409.399567723274 
28423.0 -26905.59954226017 
12477.0 -13789.29976540804 
7147.0 -9000.499846875668 
22967.0 -23025.999608278275 
4783.0 -6631.099887192249 
26726.0 -25942.799558639526 
20814.0 -21714.299630582333 
17817.0 -19071.599675536156 
9668.0 -11069.599811673164 
20494.0 -21112.69964081049 
33526.0 -27404.699533760548 
4493.0 -6225.099894106388 
7727.0 -9062.799845814705 
7856.0 -9319.299841463566 
24298.0 -24117.599589705467 
31975.0 -27311.59953534603 
13219.0 -14117.599759817123 
28009.0 -26794.299544155598 
20524.0 -21308.29963749647 
5713.0 -7207.499877393246 
18931.0 -20068.699658572674 
15789.0 -17078.0997094512 
33406.0 -27396.999533891678 
12443.0 -13400.799772024155 
2191.0 -3930.2999331355095 
5032.0 -6904.799882531166 
8899.0 -10052.899828970432 
24717.0 -24806.399577975273 
25656.0 -25113.299572765827 
20782.0 -21418.199635624886 
22046.0 -22497.199617266655 
9889.0 -11084.299811422825 
14837.0 -16041.099727094173 
23008.0 -23369.6996024251 
30870.0 -27277.299535930157 
8833.0 -9991.999830007553 
4783.0 -6631.099887192249 
24588.0 -24523.59958279133 
5713.0 -7207.499877393246 
31412.0 -27307.399535417557 
34125.0 -27406.099533736706 
34099.0 -27405.399533748627 
4493.0 -6225.099894106388 
3290.0 -4967.999915480614 
5004.0 -6888.699882805347 
11124.0 -12367.999789595604 
19304.0 -20325.899654209614 
13734.0 -15084.599743366241 
12696.0 -13792.099765360355 
32894.0 -27390.699533998966 
9959.0 -11339.399807095528 
21105.0 -21737.399630188942 
29375.0 -27044.199539899826 
23977.0 -23898.899593412876 
26516.0 -25877.699559748173 
31412.0 -27307.399535417557 
17367.0 -18658.599682569504 
24975.0 -24916.299576103687 
18440.0 -19640.299665868282 
19304.0 -20325.899654209614 
28423.0 -26905.59954226017 
18440.0 -19640.299665868282 
15789.0 -17078.0997094512 
18931.0 -20068.699658572674 
