0.0 -0.0 
34698.0 -27406.799533724785 
34698.0 -27406.799533724785 
0.0 -0.0 
1283.0 -2095.6999643445015 
3784.0 -5906.29989951849 
3573.0 -5105.899913132191 
15099.0 -16189.099724590778 
346.0 -2063.499964892864 
13240.0 -14180.59975874424 
1755.0 -3112.3999470472336 
1917.0 -3917.699933350086 
16221.0 -17933.099694907665 
2707.0 -4149.399929404259 
2869.0 -4954.699915707111 
55.0 -1020.1999826431274 
28515.0 -26932.899541795254 
59.0 -1049.5999821424484 
9250.0 -11020.59981250763 
1297.0 -3057.799947977066 
15195.0 -16906.599712371826 
13278.0 -14823.499747812748 
12708.0 -14058.099760830402 
21209.0 -21950.19962656498 
21741.0 -22072.699624478817 
8881.0 -9996.199829936028 
16723.0 -18043.69969302416 
6396.0 -8015.999863624573 
4307.0 -5981.19989824295 
20312.0 -21120.39964067936 
9586.0 -11082.199811458588 
7483.0 -9062.099845826626 
10249.0 -11745.399800181389 
8146.0 -9725.299834549427 
14230.0 -15860.499730169773 
9076.0 -10301.699824750423 
14139.0 -15195.199741482735 
11414.0 -12773.999782681465 
19815.0 -20989.499642908573 
24944.0 -24877.09957677126 
5696.0 -6931.399882078171 
16162.0 -17335.29970508814 
25398.0 -25003.399574637413 
5032.0 -6904.799882531166 
30402.0 -27147.79953813553 
32290.0 -27382.999534130096 
27439.0 -26435.899550259113 
635.0 -2090.099964439869 
31766.0 -27333.299534976482 
26050.0 -25732.099562227726 
17220.0 -18657.899682581425 
11635.0 -13031.599778294563 
7856.0 -9319.299841463566 
26581.0 -25776.199561476707 
6769.0 -8273.199859261513 
30660.0 -27257.699536263943 
18388.0 -19286.79967188835 
10415.0 -12049.199795007706 
33822.0 -27403.99953377247 
24040.0 -24007.699591577053 
6060.0 -7954.3998646736145 
3290.0 -4967.999915480614 
29242.0 -27015.499540388584 
14775.0 -15992.099727928638 
12288.0 -13143.599776387215 
33223.0 -27402.59953379631 
16930.0 -18251.899689495564 
10939.0 -12098.89979416132 
21788.0 -22387.29961913824 
8367.0 -9982.899830162525 
31172.0 -27263.999536156654 
18218.0 -19091.89967519045 
18595.0 -20007.099659621716 
22078.0 -22793.299612224102 
11393.0 -12374.299789488316 
17188.0 -18361.799687623978 
25688.0 -25409.399567723274 
10203.0 -11340.099807083607 
8100.0 -9319.999841451645 
24328.0 -24113.399589776993 
19562.0 -20435.799652338028 
23110.0 -23431.299601376057 
24656.0 -24771.39957857132 
11124.0 -12367.999789595604 
2286.0 -4136.099929630756 
18853.0 -20116.99965775013 
13614.0 -14885.099746763706 
22848.0 -22909.499610245228 
24330.0 -24413.699584662914 
27697.0 -26545.799548387527 
25946.0 -25519.29956585169 
29800.0 -27146.39953815937 
4783.0 -6631.099887192249 
27397.0 -25993.19955778122 
7147.0 -9000.499846875668 
22967.0 -23025.999608278275 
26726.0 -25942.799558639526 
27250.0 -25992.49955779314 
19304.0 -20325.899654209614 
19244.0 -20118.399657726288 
15727.0 -17029.099710285664 
17441.0 -18915.499678194523 
18440.0 -19640.299665868282 
6977.0 -8286.499859035015 
4493.0 -6225.099894106388 
20524.0 -21308.29963749647 
23298.0 -23775.69959551096 
21058.0 -21714.99963057041 
6003.0 -7613.499870479107 
32696.0 -27388.59953403473 
29242.0 -27015.499540388584 
23008.0 -23369.6996024251 
20814.0 -21714.299630582333 
22336.0 -22903.199610352516 
2191.0 -3930.2999331355095 
23694.0 -23898.899593412876 
4783.0 -6631.099887192249 
22046.0 -22497.199617266655 
25656.0 -25113.299572765827 
5741.0 -7223.599877119064 
17827.0 -19090.49967521429 
12443.0 -13400.799772024155 
4493.0 -6225.099894106388 
28059.0 -26868.49954289198 
7059.0 -8679.199852347374 
34125.0 -27406.099533736706 
12634.0 -13756.399765968323 
24588.0 -24523.59958279133 
9959.0 -11339.399807095528 
9076.0 -10301.699824750423 
29800.0 -27146.39953815937 
19594.0 -20731.899647295475 
23556.0 -23885.599593639374 
6003.0 -7613.499870479107 
19741.0 -20732.599647283554 
32954.0 -27396.2995339036 
5741.0 -7223.599877119064 
12030.0 -13033.6997782588 
27801.0 -26758.599544763565 
12634.0 -13756.399765968323 
12443.0 -13400.799772024155 
13734.0 -15084.599743366241 
18568.0 -19705.399664759636 
15904.0 -17225.399706959724 
7059.0 -8679.199852347374 
1445.0 -3101.1999472379684 
17441.0 -18915.499678194523 
15453.0 -17016.49971050024 
31412.0 -27307.399535417557 
14390.0 -15870.29973000288 
