0.0 -0.0 
34698.0 -27406.799533724785 
0.0 -0.0 
34698.0 -27406.799533724785 
346.0 -2063.499964892864 
1283.0 -2095.6999643445015 
1297.0 -3057.799947977066 
3784.0 -5906.29989951849 
14139.0 -15195.199741482735 
1755.0 -3112.3999470472336 
3573.0 -5105.899913132191 
2707.0 -4149.399929404259 
15195.0 -16906.599712371826 
55.0 -1020.1999826431274 
13240.0 -14180.59975874424 
9250.0 -11020.59981250763 
2869.0 -4954.699915707111 
1917.0 -3917.699933350086 
59.0 -1049.5999821424484 
12014.0 -13130.999776601791 
13278.0 -14823.499747812748 
22967.0 -23025.999608278275 
12708.0 -14058.099760830402 
14230.0 -15860.499730169773 
16221.0 -17933.099694907665 
25459.0 -25038.399574041367 
22336.0 -22903.199610352516 
15099.0 -16189.099724590778 
27407.0 -26139.799555301666 
20376.0 -21101.499641001225 
32021.0 -27376.699534237385 
7727.0 -9062.799845814705 
8881.0 -9996.199829936028 
4307.0 -5981.19989824295 
10249.0 -11745.399800181389 
8146.0 -9725.299834549427 
19562.0 -20435.799652338028 
9076.0 -10301.699824750423 
12477.0 -13789.29976540804 
19189.0 -20178.599656701088 
29120.0 -27000.799540638924 
8367.0 -9982.899830162525 
11414.0 -12773.999782681465 
11635.0 -13031.599778294563 
7147.0 -9000.499846875668 
6396.0 -8015.999863624573 
635.0 -2090.099964439869 
21770.0 -22062.19962465763 
10415.0 -12049.199795007706 
5004.0 -6888.699882805347 
19594.0 -20731.899647295475 
24330.0 -24413.699584662914 
6763.0 -8172.099860966206 
12443.0 -13400.799772024155 
6060.0 -7954.3998646736145 
17888.0 -19070.899675548077 
3143.0 -4967.299915492535 
5741.0 -7223.599877119064 
26995.0 -25949.099558532238 
23008.0 -23369.6996024251 
31295.0 -27291.999535679817 
28120.0 -26903.499542295933 
18931.0 -20068.699658572674 
16162.0 -17335.29970508814 
32295.0 -27389.299534022808 
20626.0 -21369.89963644743 
21209.0 -21950.19962656498 
18388.0 -19286.79967188835 
11393.0 -12374.299789488316 
8100.0 -9319.999841451645 
22046.0 -22497.199617266655 
22078.0 -22793.299612224102 
23298.0 -23775.69959551096 
16108.0 -17158.59970808029 
18595.0 -20007.099659621716 
9830.0 -11082.899811446667 
29970.0 -27166.699537813663 
24588.0 -24523.59958279133 
20814.0 -21714.299630582333 
27758.0 -26580.79954779148 
25946.0 -25519.29956585169 
24239.0 -24055.99959075451 
10203.0 -11340.099807083607 
25122.0 -24916.999576091766 
13734.0 -15084.599743366241 
4783.0 -6631.099887192249 
11124.0 -12367.999789595604 
33379.0 -27403.99953377247 
25688.0 -25409.399567723274 
34125.0 -27406.099533736706 
26787.0 -25925.99955892563 
6977.0 -8286.499859035015 
28644.0 -26953.199541449547 
19962.0 -20990.199642896652 
4493.0 -6225.099894106388 
14837.0 -16041.099727094173 
10995.0 -12111.499793946743 
9959.0 -11339.399807095528 
19815.0 -20989.499642908573 
21126.0 -21756.299629867077 
6003.0 -7613.499870479107 
30357.0 -27243.69953650236 
5340.0 -6950.299881756306 
2286.0 -4136.099929630756 
26050.0 -25732.099562227726 
27500.0 -26470.899549663067 
26369.0 -25876.999559760094 
24068.0 -23891.899593532085 
21788.0 -22387.29961913824 
10751.0 -12110.799793958664 
15531.0 -16968.199711322784 
23556.0 -23885.599593639374 
24950.0 -24846.29957729578 
2191.0 -3930.2999331355095 
17569.0 -18980.599677085876 
29497.0 -27132.39953839779 
17188.0 -18361.799687623978 
23266.0 -23479.599600553513 
20782.0 -21418.199635624886 
4783.0 -6631.099887192249 
5741.0 -7223.599877119064 
24656.0 -24771.39957857132 
18440.0 -19640.299665868282 
33978.0 -27405.399533748627 
4493.0 -6225.099894106388 
13734.0 -15084.599743366241 
17220.0 -18657.899682581425 
16930.0 -18251.899689495564 
16479.0 -18042.99969303608 
28511.0 -26924.499541938305 
14613.0 -15875.199729919434 
7059.0 -8679.199852347374 
32807.0 -27395.59953391552 
15531.0 -16968.199711322784 
7856.0 -9319.299841463566 
9076.0 -10301.699824750423 
6003.0 -7613.499870479107 
30793.0 -27273.099536001682 
27862.0 -26793.59954416752 
31290.0 -27285.699535787106 
32807.0 -27395.59953391552 
16479.0 -18042.99969303608 
16930.0 -18251.899689495564 
18440.0 -19640.299665868282 
26353.0 -25734.199562191963 
7059.0 -8679.199852347374 
30209.0 -27187.699537456036 
5340.0 -6950.299881756306 
17441.0 -18915.499678194523 
33526.0 -27404.699533760548 
