0.0 -0.0 
34698.0 -27406.799533724785 
34698.0 -27406.799533724785 
0.0 -0.0 
3573.0 -5105.899913132191 
1283.0 -2095.6999643445015 
2869.0 -4954.699915707111 
14230.0 -15860.499730169773 
1755.0 -3112.3999470472336 
2707.0 -4149.399929404259 
59.0 -1049.5999821424484 
346.0 -2063.499964892864 
14139.0 -15195.199741482735 
1917.0 -3917.699933350086 
28980.0 -27014.799540400505 
27357.0 -26065.599556565285 
15195.0 -16906.599712371826 
55.0 -1020.1999826431274 
3784.0 -5906.29989951849 
9250.0 -11020.59981250763 
10415.0 -12049.199795007706 
26665.0 -25907.799559235573 
22967.0 -23025.999608278275 
15453.0 -17016.49971050024 
1297.0 -3057.799947977066 
23556.0 -23885.599593639374 
14995.0 -15863.29973012209 
17441.0 -18915.499678194523 
7147.0 -9000.499846875668 
13278.0 -14823.499747812748 
13240.0 -14180.59975874424 
4120.0 -5967.899898469448 
16108.0 -17158.59970808029 
7727.0 -9062.799845814705 
8891.0 -10032.59982931614 
20524.0 -21308.29963749647 
20073.0 -21099.399641036987 
9076.0 -10301.699824750423 
18424.0 -19246.899672567844 
16162.0 -17335.29970508814 
29791.0 -27051.199539780617 
12443.0 -13400.799772024155 
11635.0 -13031.599778294563 
11102.0 -12104.499794065952 
16221.0 -17933.099694907665 
8146.0 -9725.299834549427 
15099.0 -16189.099724590778 
5004.0 -6888.699882805347 
6396.0 -8015.999863624573 
635.0 -2090.099964439869 
31260.0 -27300.399535536766 
17188.0 -18361.799687623978 
20814.0 -21714.299630582333 
34125.0 -27406.099533736706 
6763.0 -8172.099860966206 
25606.0 -25039.099574029446 
13734.0 -15084.599743366241 
28009.0 -26794.299544155598 
6060.0 -7954.3998646736145 
24187.0 -24008.399591565132 
25311.0 -24977.899575054646 
4493.0 -6225.099894106388 
24477.0 -24414.399584650993 
12046.0 -13090.399777293205 
23008.0 -23369.6996024251 
5741.0 -7223.599877119064 
21375.0 -21826.299628674984 
12708.0 -14058.099760830402 
17827.0 -19090.49967521429 
24914.0 -24881.299576699734 
16479.0 -18042.99969303608 
25896.0 -25445.099567115307 
19562.0 -20435.799652338028 
11393.0 -12374.299789488316 
23266.0 -23479.599600553513 
22046.0 -22497.199617266655 
20782.0 -21418.199635624886 
22078.0 -22793.299612224102 
12304.0 -13200.29977542162 
27647.0 -26471.599549651146 
22336.0 -22903.199610352516 
10203.0 -11340.099807083607 
8100.0 -9319.999841451645 
28456.0 -26965.09954124689 
4783.0 -6631.099887192249 
11414.0 -12773.999782681465 
6977.0 -8286.499859035015 
9959.0 -11339.399807095528 
16962.0 -18105.299691975117 
29833.0 -27193.999537348747 
6003.0 -7613.499870479107 
24717.0 -24806.399577975273 
5368.0 -6966.399881482124 
12966.0 -14167.999758958817 
26086.0 -25731.399562239647 
2286.0 -4136.099929630756 
10249.0 -11745.399800181389 
25688.0 -25409.399567723274 
27439.0 -26435.899550259113 
18440.0 -19640.299665868282 
24239.0 -24055.99959075451 
21467.0 -22060.099624693394 
30265.0 -27228.29953676462 
21788.0 -22387.29961913824 
2191.0 -3930.2999331355095 
30870.0 -27277.299535930157 
23298.0 -23775.69959551096 
21706.0 -22081.099624335766 
31798.0 -27312.99953532219 
18595.0 -20007.099659621716 
18587.0 -19640.99966585636 
4783.0 -6631.099887192249 
4493.0 -6225.099894106388 
11124.0 -12367.999789595604 
33770.0 -27405.399533748627 
24330.0 -24413.699584662914 
9830.0 -11082.899811446667 
19594.0 -20731.899647295475 
17220.0 -18657.899682581425 
32807.0 -27395.59953391552 
19304.0 -20325.899654209614 
18853.0 -20116.99965775013 
13614.0 -14885.099746763706 
5741.0 -7223.599877119064 
7059.0 -8679.199852347374 
19815.0 -20989.499642908573 
17827.0 -19090.49967521429 
12634.0 -13756.399765968323 
33379.0 -27403.99953377247 
27801.0 -26758.599544763565 
7856.0 -9319.299841463566 
6003.0 -7613.499870479107 
8285.0 -9974.499830305576 
31823.0 -27348.699534714222 
8367.0 -9982.899830162525 
1298.0 -3100.4999472498894 
12634.0 -13756.399765968323 
19304.0 -20325.899654209614 
32324.0 -27378.799534201622 
32324.0 -27378.799534201622 
9076.0 -10301.699824750423 
28456.0 -26965.09954124689 
15099.0 -16189.099724590778 
30265.0 -27228.29953676462 
32807.0 -27395.59953391552 
7059.0 -8679.199852347374 
5368.0 -6966.399881482124 
26407.0 -25797.89956110716 
30870.0 -27277.299535930157 
10249.0 -11745.399800181389 
