0.0 -0.0 
34698.0 -27406.799533724785 
0.0 -0.0 
34698.0 -27406.799533724785 
3573.0 -5105.899913132191 
346.0 -2063.499964892864 
1283.0 -2095.6999643445015 
1917.0 -3917.699933350086 
1755.0 -3112.3999470472336 
59.0 -1049.5999821424484 
15099.0 -16189.099724590778 
3784.0 -5906.29989951849 
15195.0 -16906.599712371826 
55.0 -1020.1999826431274 
2707.0 -4149.399929404259 
9250.0 -11020.59981250763 
1297.0 -3057.799947977066 
18440.0 -19640.299665868282 
16221.0 -17933.099694907665 
2869.0 -4954.699915707111 
17441.0 -18915.499678194523 
9076.0 -10301.699824750423 
14139.0 -15195.199741482735 
28984.0 -26905.59954226017 
26812.0 -25908.499559223652 
21706.0 -22081.099624335766 
14230.0 -15860.499730169773 
27862.0 -26793.59954416752 
5340.0 -6950.299881756306 
8833.0 -9991.999830007553 
7483.0 -9062.099845826626 
15727.0 -17029.099710285664 
10751.0 -12110.799793958664 
33015.0 -27390.699533998966 
6977.0 -8286.499859035015 
7059.0 -8679.199852347374 
13278.0 -14823.499747812748 
13240.0 -14180.59975874424 
27439.0 -26435.899550259113 
22336.0 -22903.199610352516 
16162.0 -17335.29970508814 
27357.0 -26065.599556565285 
18278.0 -19299.399671673775 
14762.0 -15982.99972808361 
21209.0 -21950.19962656498 
20312.0 -21120.39964067936 
635.0 -2090.099964439869 
11124.0 -12367.999789595604 
8146.0 -9725.299834549427 
10415.0 -12049.199795007706 
5032.0 -6904.799882531166 
19594.0 -20731.899647295475 
7856.0 -9319.299841463566 
13987.0 -15142.299742400646 
12708.0 -14058.099760830402 
7147.0 -9000.499846875668 
5741.0 -7223.599877119064 
26083.0 -25438.799567222595 
30885.0 -27293.399535655975 
21788.0 -22387.29961913824 
25688.0 -25409.399567723274 
20814.0 -21714.299630582333 
24330.0 -24413.699584662914 
16930.0 -18251.899689495564 
19815.0 -20989.499642908573 
11635.0 -13031.599778294563 
15904.0 -17225.399706959724 
31523.0 -27310.899535357952 
23266.0 -23479.599600553513 
23298.0 -23775.69959551096 
19562.0 -20435.799652338028 
11393.0 -12374.299789488316 
17188.0 -18361.799687623978 
22078.0 -22793.299612224102 
2286.0 -4136.099929630756 
22820.0 -23025.299608290195 
26111.0 -25767.09956163168 
20698.0 -21286.59963786602 
24656.0 -24771.39957857132 
6060.0 -7954.3998646736145 
4783.0 -6631.099887192249 
10203.0 -11340.099807083607 
8100.0 -9319.999841451645 
18595.0 -20007.099659621716 
24187.0 -24008.399591565132 
25606.0 -25039.099574029446 
16796.0 -18015.699693500996 
11414.0 -12773.999782681465 
19092.0 -20137.999657392502 
18127.0 -19091.89967519045 
28532.0 -26849.599543213844 
4493.0 -6225.099894106388 
9959.0 -11339.399807095528 
9830.0 -11082.899811446667 
21126.0 -21756.299629867077 
6003.0 -7613.499870479107 
23008.0 -23369.6996024251 
30288.0 -27205.89953714609 
14504.0 -15873.099729955196 
16604.0 -17934.499694883823 
10249.0 -11745.399800181389 
6396.0 -8015.999863624573 
20084.0 -20995.799642801285 
18887.0 -20086.89965826273 
31154.0 -27299.699535548687 
6396.0 -8015.999863624573 
9586.0 -11082.199811458588 
20773.0 -21370.59963643551 
12275.0 -13134.499776542187 
29508.0 -27064.49953955412 
4783.0 -6631.099887192249 
32442.0 -27389.999534010887 
4307.0 -5981.19989824295 
22046.0 -22497.199617266655 
11904.0 -13037.899778187275 
29775.0 -27153.39953804016 
12443.0 -13400.799772024155 
4250.0 -5915.399899363518 
33526.0 -27404.699533760548 
5741.0 -7223.599877119064 
34125.0 -27406.099533736706 
4493.0 -6225.099894106388 
17220.0 -18657.899682581425 
24330.0 -24413.699584662914 
13536.0 -14933.399745941162 
27758.0 -26580.79954779148 
8367.0 -9982.899830162525 
22967.0 -23025.999608278275 
34125.0 -27406.099533736706 
12634.0 -13756.399765968323 
13152.0 -14081.199760437012 
9076.0 -10301.699824750423 
31918.0 -27340.299534857273 
3016.0 -4955.39991569519 
6003.0 -7613.499870479107 
24975.0 -24916.299576103687 
8347.0 -9889.09983175993 
26554.0 -25798.599561095238 
23949.0 -23889.79959356785 
23556.0 -23885.599593639374 
12443.0 -13400.799772024155 
1298.0 -3100.4999472498894 
32442.0 -27389.999534010887 
30380.0 -27221.29953688383 
12634.0 -13756.399765968323 
28593.0 -26884.599542617798 
13536.0 -14933.399745941162 
17827.0 -19090.49967521429 
33526.0 -27404.699533760548 
24656.0 -24771.39957857132 
