0.0 -0.0 
97708.0 -64915.79889559746 
97708.0 -64915.79889559746 
0.0 -0.0 
21858.0 -19188.099673569202 
1654.0 -3919.7999333143234 
60310.0 -48495.89917498827 
58678.0 -47065.199199318886 
86807.0 -62961.79892885685 
19774.0 -18045.399693012238 
1484.0 -2086.5999644994736 
49799.0 -40511.79931080341 
6751.0 -7957.199864625931 
51181.0 -41639.09929162264 
82349.0 -61533.798953175545 
23542.0 -20204.799656271935 
34992.0 -29388.69950002432 
36154.0 -30280.399484872818 
8146.0 -8730.999851465225 
5134.0 -6028.799897432327 
64285.0 -50691.69913762808 
63272.0 -49603.59915614128 
44312.0 -36260.19938313961 
5757.0 -6997.8998809456825 
75119.0 -57042.09902960062 
10786.0 -9819.799832940102 
37068.0 -31147.999470114708 
27571.0 -24077.69959038496 
27099.0 -23235.999604701996 
13685.0 -13598.899768650532 
33351.0 -28940.699507653713 
13327.0 -11897.999797582626 
79662.0 -60552.098969876766 
26012.0 -22192.69962245226 
56033.0 -45116.49923247099 
84363.0 -62249.898940980434 
45356.0 -37029.09937006235 
9494.0 -9266.799842357635 
42835.0 -35655.09939342737 
11589.0 -10846.29981547594 
32743.0 -27977.89952403307 
80883.0 -60756.498966395855 
68520.0 -53566.79908871651 
76651.0 -58642.5990023613 
67826.0 -52719.49910312891 
92964.0 -64444.69890362024 
16376.0 -14292.199756860733 
39086.0 -32373.999449253082 
17581.0 -16081.99972641468 
75928.0 -58417.19900619984 
39716.0 -33501.29943007231 
46460.0 -37699.99935865402 
16544.0 -15305.39973962307 
67109.0 -51808.49911862612 
47315.0 -38323.699348032475 
4038.0 -5041.499914228916 
37759.0 -32170.299452722073 
47976.0 -39273.199331879616 
25513.0 -21416.799635648727 
23752.0 -21145.899640262127 
90085.0 -64024.6989107728 
69715.0 -54170.49907845259 
31275.0 -27550.899531304836 
28641.0 -25159.499571979046 
70607.0 -54684.299069702625 
14725.0 -13880.999763846397 
49381.0 -39513.29932779074 
52132.0 -42272.19928085804 
53939.0 -42974.99926888943 
57479.0 -45694.99922263622 
30431.0 -25764.599561691284 
31144.0 -26546.39954841137 
71706.0 -55336.29905861616 
91566.0 -64192.69890791178 
19430.0 -17106.399708986282 
18911.0 -16354.999721765518 
802.0 -1048.8999821543694 
94693.0 -64809.39889740944 
12282.0 -11642.499801933765 
54731.0 -44078.799250125885 
74672.0 -56277.79904258251 
57924.0 -46212.299213826656 
95730.0 -64820.598897218704 
83630.0 -62205.398941755295 
78397.0 -59481.498988091946 
73244.0 -56089.79904580116 
78457.0 -59487.79898798466 
53873.0 -42294.59928047657 
55454.0 -44170.49924856424 
88770.0 -63071.998926997185 
4038.0 -5041.499914228916 
88977.0 -63398.89892143011 
65318.0 -51324.0991268754 
29039.0 -25595.899564564228 
72545.0 -55731.09905189276 
61723.0 -48966.299166977406 
42385.0 -34715.69940942526 
65602.0 -51615.299121916294 
61842.0 -49247.69916218519 
371.0 -595.2999898791313 
