0.0 -0.0 
97214.0 -64898.99889588356 
0.0 -0.0 
97214.0 -64898.99889588356 
1130.0 -2945.0999498963356 
16857.0 -15608.499734461308 
90877.0 -63805.59891450405 
13685.0 -13598.899768650532 
27392.0 -24191.09958845377 
94.0 -1049.5999821424484 
24870.0 -22075.799624443054 
2470.0 -3895.299933731556 
5074.0 -6936.999881982803 
7774.0 -8740.099851310253 
59784.0 -47881.699185431 
10016.0 -9335.399841189384 
39136.0 -32779.599442362785 
30918.0 -26790.399544239044 
32678.0 -28330.999518036842 
12967.0 -11895.19979763031 
10692.0 -10368.199823617935 
67181.0 -52257.49911099672 
40128.0 -34068.599420428276 
94404.0 -64770.89889806509 
29947.0 -25379.299568235874 
68052.0 -53178.29909533262 
69790.0 -53645.89908736944 
11595.0 -11633.399802088737 
50047.0 -40772.89930635691 
46358.0 -37593.29936045408 
76253.0 -58041.299012601376 
3782.0 -5951.09989875555 
3678.0 -4915.499916374683 
47670.0 -38235.49934953451 
84593.0 -61477.79895412922 
88552.0 -63608.19891786575 
28698.0 -25090.899573147297 
54320.0 -43466.699260532856 
60782.0 -48585.49917346239 
22460.0 -19652.199665665627 
77517.0 -58712.599001169205 
81085.0 -60321.09897381067 
75259.0 -57243.69902616739 
49247.0 -39740.099323928356 
31637.0 -27724.499528348446 
63612.0 -50532.79914033413 
87515.0 -63150.39892566204 
55751.0 -44113.09924954176 
18151.0 -16371.099721491337 
62550.0 -48882.29916840792 
72425.0 -55452.49905663729 
66015.0 -51226.09912854433 
45289.0 -36806.199373841286 
48855.0 -38852.19933903217 
34383.0 -29258.099502265453 
53649.0 -42630.599274754524 
74816.0 -56245.899043142796 
57308.0 -46009.999217271805 
74076.0 -55574.299054563046 
24372.0 -20415.499652683735 
79786.0 -60043.59897851944 
63172.0 -49633.69915562868 
65380.0 -50870.89913457632 
14838.0 -14532.299752771854 
51276.0 -41428.39929521084 
86704.0 -62173.598942279816 
70604.0 -54521.89907246828 
19508.0 -16485.899719536304 
71475.0 -54684.999069690704 
44242.0 -36428.89938026667 
20820.0 -17655.199699640274 
85759.0 -62109.89894336462 
26875.0 -22552.099616348743 
6521.0 -7775.199867725372 
19699.0 -17487.199702501297 
23840.0 -20399.399652957916 
41637.0 -34334.59941589832 
52200.0 -42405.19927859306 
43824.0 -35652.299393475056 
43413.0 -34968.3994051218 
92755.0 -64692.498899400234 
82272.0 -61142.19895982742 
21039.0 -18701.999681830406 
35960.0 -30074.99948835373 
58039.0 -46807.59920370579 
22209.0 -18702.699681818485 
82754.0 -61193.998958945274 
56756.0 -45255.799230098724 
34873.0 -29354.699500620365 
14838.0 -14532.299752771854 
41987.0 -34865.19940686226 
26825.0 -22470.89961773157 
56216.0 -44856.799236893654 
36729.0 -30086.199488162994 
6698.0 -7937.599864959717 
37854.0 -32038.699454963207 
37135.0 -31100.79947090149 
78882.0 -59062.19899523258 
52182.0 -41580.299292624 
79300.0 -59153.19899368286 
