79.0 -1031.3999824523926 
97388.0 -64923.49889546633 
79.0 -1031.3999824523926 
24195.0 -20675.19964826107 
21768.0 -18645.599682807922 
24942.0 -21656.89963155985 
77722.0 -59319.0989908576 
34785.0 -29649.399495601654 
7403.0 -7787.799867510796 
18620.0 -16660.199716567993 
5982.0 -6214.99989426136 
43638.0 -35606.09939426184 
60903.0 -48640.09917253256 
11492.0 -11635.499802052975 
80162.0 -59989.29897946119 
93998.0 -64549.698901832104 
36348.0 -30747.59947693348 
49656.0 -40496.399311065674 
5563.0 -5520.599906086922 
28701.0 -25165.799571871758 
33506.0 -28923.199507951736 
26272.0 -23161.799605965614 
62268.0 -49621.79915583134 
64304.0 -50739.999136805534 
54571.0 -44001.79925143719 
58231.0 -45981.99921774864 
76685.0 -58491.39900493622 
11089.0 -10180.599826812744 
29605.0 -25772.999561548233 
41523.0 -34919.39940595627 
56899.0 -45138.19923210144 
27592.0 -23911.79959321022 
58977.0 -46847.499203026295 
74156.0 -56843.69903296232 
20077.0 -17809.49969702959 
73153.0 -56224.199043512344 
44723.0 -36267.89938300848 
48806.0 -39599.39932632446 
56251.0 -44386.39924490452 
45329.0 -37187.29936736822 
87233.0 -63223.198924422264 
96445.0 -64775.798897981644 
91790.0 -64535.69890207052 
86009.0 -62803.59893155098 
16192.0 -14763.299748837948 
72474.0 -55217.29906064272 
46825.0 -37534.49936145544 
8210.0 -8383.099857389927 
63155.0 -50326.99914383888 
89102.0 -63390.19892156124 
38376.0 -32451.69944792986 
32686.0 -27844.899526298046 
52124.0 -42387.69927889109 
40162.0 -33458.599430799484 
2038.0 -3436.7999415397644 
9169.0 -9107.599845051765 
50948.0 -41482.29929429293 
41093.0 -34327.59941601753 
13826.0 -13671.699767410755 
10692.0 -9124.399844765663 
3658.0 -4486.399923682213 
84784.0 -62277.8989405036 
80622.0 -60728.49896687269 
69275.0 -54033.99908077717 
83690.0 -62009.79894506931 
30778.0 -26754.69954484701 
66910.0 -52252.59911108017 
14898.0 -14538.599752664566 
66298.0 -51388.499125778675 
70255.0 -54525.399072408676 
67682.0 -53033.399097800255 
39854.0 -32738.9994430542 
48193.0 -38769.59934043884 
71863.0 -54543.59907209873 
48132.0 -37862.799355864525 
3598.0 -4480.099923789501 
17089.0 -15650.499733746052 
68611.0 -53320.399092912674 
82361.0 -61587.69895225763 
17956.0 -15671.499733388424 
81981.0 -61106.79896044731 
53525.0 -43090.799266934395 
20256.0 -18323.29968827963 
12624.0 -12508.699787199497 
2038.0 -3436.7999415397644 
752.0 -2073.9999647140503 
37604.0 -31791.599459171295 
37120.0 -31407.699465692043 
90929.0 -64000.89891117811 
75810.0 -57529.299021303654 
31604.0 -27749.699527919292 
90359.0 -63620.79891765118 
752.0 -2073.9999647140503 
75393.0 -57505.499021708965 
51650.0 -41552.299293100834 
12624.0 -12508.699787199497 
60014.0 -47717.8991882205 
53385.0 -42830.79927134514 
27420.0 -23201.69960528612 
14297.0 -13753.199766039848 
