0.0 -0.0 
97388.0 -64923.49889546633 
0.0 -0.0 
97388.0 -64923.49889546633 
13685.0 -13598.899768650532 
26696.0 -23543.59959948063 
13054.0 -11873.499797999859 
7362.0 -7906.799865484238 
63374.0 -49916.499150812626 
5029.0 -6925.799882173538 
25052.0 -21993.899625837803 
78687.0 -59469.5989882946 
41829.0 -34829.79940748215 
68390.0 -52847.19910097122 
55718.0 -44019.299251139164 
3132.0 -4825.899917900562 
76908.0 -58454.29900556803 
66593.0 -52003.39911532402 
45384.0 -37030.49937003851 
32432.0 -27943.599524617195 
46771.0 -37796.99935698509 
48783.0 -39505.59932792187 
1699.0 -3930.9999331235886 
38611.0 -32456.199447870255 
61681.0 -48887.89916831255 
35203.0 -29709.599494576454 
48066.0 -38466.499345600605 
42999.0 -35494.799396157265 
64550.0 -50886.99913430214 
76417.0 -57638.49901944399 
19455.0 -17230.299706876278 
29973.0 -25577.699564874172 
69319.0 -53777.79908514023 
57995.0 -46582.19920754433 
16655.0 -15554.599735379219 
1130.0 -2945.0999498963356 
28373.0 -24934.799575805664 
37439.0 -32007.899455487728 
31567.0 -26988.49954086542 
11734.0 -10863.39981520176 
56603.0 -45598.39922428131 
20277.0 -18383.49968725443 
9133.0 -9784.099833548069 
58973.0 -47439.29919296503 
49995.0 -40403.99931263924 
72109.0 -55271.19905972481 
75413.0 -56488.79903900623 
72929.0 -56056.89904636145 
40153.0 -33748.69942587614 
85841.0 -62721.29893296957 
15181.0 -14558.89975231886 
24098.0 -20623.39964914322 
670.0 -1774.3999698162079 
51525.0 -41902.59928715229 
54568.0 -43426.79926121235 
83668.0 -62167.598942399025 
28271.0 -23904.09959334135 
92123.0 -64494.39890277386 
65759.0 -51299.59912729263 
23124.0 -19598.999666571617 
30331.0 -26552.39954829216 
94522.0 -64619.69890064001 
79941.0 -60161.498976528645 
54244.0 -42439.49927800894 
82495.0 -61365.79895603657 
39736.0 -33614.99942815304 
21456.0 -18603.299683511257 
17860.0 -16247.199723601341 
59937.0 -47979.69918376207 
89263.0 -63824.498914182186 
125.0 -1049.5999821424484 
36197.0 -30732.19947719574 
95301.0 -64803.79889750481 
34050.0 -28564.799514055252 
80758.0 -60480.6989710927 
3888.0 -5950.399898767471 
22309.0 -19337.899671018124 
36652.0 -30958.99947333336 
74409.0 -56350.19904136658 
60819.0 -48496.59917497635 
18525.0 -16604.199717521667 
82044.0 -60925.89896351099 
24290.0 -21392.99963605404 
70421.0 -54396.59907460213 
84841.0 -62326.498939692974 
71266.0 -54482.69907313585 
87321.0 -63251.898923933506 
15733.0 -14810.199748039246 
11734.0 -10863.39981520176 
34208.0 -28950.49950748682 
57342.0 -45659.99922323227 
87950.0 -63301.59892308712 
89954.0 -64199.69890779257 
9133.0 -9784.099833548069 
91211.0 -64338.298905432224 
4622.0 -5957.399898648262 
8125.0 -8821.999849915504 
44123.0 -36293.09938257933 
52566.0 -42391.89927881956 
50874.0 -40954.49930328131 
