0.0 -0.0 
97669.0 -64923.49889546633 
97669.0 -64923.49889546633 
0.0 -0.0 
81403.0 -60807.59896552563 
3737.0 -5939.899898946285 
5029.0 -6925.799882173538 
50173.0 -40013.79931926727 
87184.0 -63113.99892628193 
59994.0 -47749.39918768406 
29655.0 -25842.29956036806 
51493.0 -41443.79929494858 
79133.0 -59850.398981809616 
90509.0 -63326.498922646046 
31168.0 -26914.99954211712 
84258.0 -61897.79894697666 
1699.0 -3930.9999331235886 
92874.0 -64660.2988999486 
2691.0 -3980.6999322772026 
7453.0 -7728.299868524075 
10398.0 -10534.799820780754 
58768.0 -46925.19920170307 
61667.0 -48787.79917001724 
11574.0 -11380.699806392193 
72906.0 -56097.49904567003 
46545.0 -37458.8993627429 
19128.0 -17069.29970961809 
52323.0 -42225.99928164482 
18504.0 -15989.599727988243 
27919.0 -24050.399590849876 
65906.0 -51463.399124503136 
12765.0 -12143.999793410301 
74178.0 -56783.79903399944 
28624.0 -24817.89957779646 
90582.0 -64383.098904669285 
71945.0 -55100.399062633514 
64175.0 -50366.19914317131 
21748.0 -19167.79967391491 
49467.0 -38794.09934002161 
32585.0 -27402.199533820152 
40691.0 -33961.49942225218 
43808.0 -35928.39938879013 
38947.0 -32453.799447894096 
9088.0 -9772.899833738804 
42748.0 -35078.29940325022 
85910.0 -62542.498935997486 
26745.0 -23102.299606978893 
16887.0 -15588.199734807014 
24356.0 -20383.999653220177 
58055.0 -45794.39922094345 
39486.0 -33311.59943330288 
55553.0 -43207.6992649436 
13335.0 -13161.399776101112 
37583.0 -31853.899458110332 
33143.0 -28396.799516916275 
71119.0 -54379.79907488823 
41497.0 -34758.39940869808 
35213.0 -30012.999489426613 
15967.0 -14984.499745070934 
56252.0 -44032.599250912666 
14844.0 -14476.299753725529 
200.0 -950.1999838352203 
75405.0 -57385.799023747444 
14502.0 -13610.099768459797 
36600.0 -30420.399482488632 
8969.0 -8772.29985076189 
20683.0 -18119.59969174862 
65263.0 -51219.79912865162 
26450.0 -22334.79962003231 
63225.0 -49735.19915390015 
48208.0 -37918.39935493469 
45517.0 -36580.39937770367 
78418.0 -59223.19899249077 
69762.0 -54031.89908081293 
24908.0 -21568.299633085728 
37162.0 -31028.299472153187 
19915.0 -18118.19969177246 
456.0 -2029.8999654650688 
7515.0 -8533.599854826927 
75754.0 -58060.89901226759 
95194.0 -64724.69889885187 
62975.0 -48984.49916666746 
67873.0 -52436.699107944965 
23115.0 -20077.399658441544 
456.0 -2029.8999654650688 
76855.0 -58464.099005401134 
56668.0 -44863.799236774445 
69722.0 -53201.39909493923 
57277.0 -45245.59923028946 
95701.0 -64775.798897981644 
34868.0 -28437.09951621294 
22981.0 -19390.399670124054 
34902.0 -29067.699505507946 
77465.0 -58818.298999369144 
24957.0 -22086.29962426424 
44869.0 -36409.29938060045 
53887.0 -42903.89927011728 
84458.0 -62226.798941373825 
48370.0 -38416.79934644699 
68377.0 -53092.1990967989 
