97388.0 -64923.49889546633 
0.0 -0.0 
0.0 -0.0 
97388.0 -64923.49889546633 
10699.0 -10285.599825024605 
3737.0 -5939.899898946285 
4974.0 -6850.899883449078 
28869.0 -25242.799570560455 
16661.0 -15598.6997346282 
7657.0 -7735.299868404865 
27196.0 -23480.29960054159 
20463.0 -16986.69971102476 
14779.0 -14011.499761641026 
17947.0 -16257.699723422527 
81044.0 -60974.198962688446 
43867.0 -35900.39938926697 
24794.0 -21626.09963208437 
70612.0 -53937.39908242226 
48684.0 -39694.59932470322 
2525.0 -3970.1999324560165 
46099.0 -36644.49937659502 
21058.0 -18298.79968869686 
84872.0 -62416.098938167095 
50958.0 -40469.79931151867 
30809.0 -27010.89954048395 
77217.0 -59124.89899414778 
30003.0 -25999.799557685852 
79107.0 -59834.99898207188 
12750.0 -11888.899797737598 
11757.0 -11324.699807345867 
33882.0 -28944.19950759411 
87067.0 -62835.39893102646 
68647.0 -53419.7990912199 
36797.0 -30239.799485564232 
62321.0 -49700.19915449619 
37279.0 -31406.999465703964 
74732.0 -56974.59903073311 
63891.0 -49992.799149513245 
60187.0 -47582.09919053316 
71709.0 -54885.19906628132 
1085.0 -2933.8999500870705 
89187.0 -63847.598913788795 
52898.0 -42788.099272072315 
82577.0 -61345.198956370354 
83478.0 -61957.29894596338 
31822.0 -27907.899525225163 
37810.0 -32309.599450349808 
8444.0 -8784.199850559235 
58876.0 -47222.69919663668 
456.0 -2029.8999654650688 
64495.0 -50969.59913289547 
47993.0 -37707.69935852289 
48468.0 -38679.29934197664 
87730.0 -63403.798921346664 
32676.0 -28364.999517440796 
76799.0 -57743.49901765585 
51610.0 -40979.699302852154 
57852.0 -45659.99922323227 
90681.0 -64113.59890925884 
125.0 -1049.5999821424484 
56240.0 -44031.19925093651 
46640.0 -37449.099362909794 
42828.0 -35182.599401474 
91905.0 -64405.498904287815 
72032.0 -55693.29905253649 
42343.0 -34636.59941077232 
13923.0 -12871.299781024456 
58677.0 -46049.19921660423 
25925.0 -22665.199614405632 
57376.0 -44521.49924260378 
39001.0 -32838.799441337585 
40667.0 -34360.49941545725 
75712.0 -57721.7990180254 
23651.0 -20635.299648940563 
65871.0 -51166.29912954569 
95544.0 -64796.798897624016 
23651.0 -20635.299648940563 
21978.0 -19269.999672174454 
61665.0 -48661.79917216301 
66905.0 -51487.199124097824 
60836.0 -48621.8991728425 
67778.0 -51960.399116039276 
93087.0 -64784.19889783859 
68379.0 -52561.29910582304 
8444.0 -8784.199850559235 
1654.0 -3919.7999333143234 
21978.0 -19269.999672174454 
78686.0 -59552.19898688793 
54520.0 -43367.29926222563 
39486.0 -33359.199432492256 
35485.0 -29426.79949939251 
73942.0 -56181.1990442276 
40280.0 -33862.09942394495 
73311.0 -56082.49904590845 
14629.0 -12883.1997808218 
35803.0 -29533.19949758053 
26544.0 -22666.59961438179 
54297.0 -43360.29926234484 
94418.0 -64784.89889782667 
52349.0 -41941.4992864728 
