0.0 -0.0 
98020.0 -64919.99889552593 
98020.0 -64919.99889552593 
0.0 -0.0 
61210.0 -48950.19916725159 
59267.0 -47389.59919381142 
24528.0 -21874.89962786436 
25945.0 -23109.299606859684 
31392.0 -27643.999529719353 
55449.0 -44736.399238944054 
11400.0 -11132.199810624123 
12607.0 -12027.799795389175 
63195.0 -49791.49915295839 
33031.0 -28549.399514317513 
13860.0 -12898.59978055954 
16300.0 -15234.699740827084 
93119.0 -64683.398899555206 
54298.0 -43077.49926716089 
1953.0 -3926.799933195114 
66439.0 -51861.29911774397 
48549.0 -39322.19933104515 
71886.0 -55125.29906219244 
24224.0 -20522.199650883675 
3026.0 -4826.599917888641 
95727.0 -64738.69889861345 
65795.0 -50648.999138355255 
29476.0 -25052.69957381487 
17652.0 -15975.29972821474 
34776.0 -28734.199511170387 
79732.0 -60238.8989751935 
23003.0 -19772.19966363907 
81582.0 -60582.198969364166 
74502.0 -56968.59903085232 
67545.0 -52663.099104106426 
27372.0 -23717.19959652424 
6520.0 -7913.099865376949 
68806.0 -53230.099094450474 
40596.0 -34173.59941864014 
38653.0 -32663.09944432974 
45397.0 -36517.79937875271 
78763.0 -59466.098988354206 
39538.0 -33431.59943127632 
76656.0 -58182.69901019335 
10704.0 -9842.199832558632 
37439.0 -32007.899455487728 
27951.0 -24663.199580430984 
86561.0 -63055.898927271366 
50986.0 -40688.89930778742 
3682.0 -5864.999900221825 
18979.0 -16456.499720036983 
5757.0 -6997.8998809456825 
77715.0 -58774.499000132084 
19663.0 -17346.499704897404 
53280.0 -42990.69926863909 
1085.0 -2933.8999500870705 
75635.0 -57364.79902410507 
36857.0 -31119.999470591545 
8227.0 -8239.599859833717 
64046.0 -50431.299142062664 
339.0 -1049.5999821424484 
21806.0 -19148.899674236774 
88304.0 -63311.39892292023 
5436.0 -5946.199898838997 
91646.0 -64257.09890681505 
70627.0 -54292.299076378345 
47655.0 -38302.6993483901 
35246.0 -30073.899488389492 
752.0 -2073.9999647140503 
51787.0 -42078.29928416014 
14892.0 -14494.499753415585 
82793.0 -61171.898959338665 
14335.0 -14194.199758529663 
69748.0 -54078.79908001423 
30831.0 -26414.199550628662 
30304.0 -26104.099555909634 
58541.0 -46794.999203920364 
9172.0 -8747.799851179123 
85032.0 -62752.79893243313 
41928.0 -34712.19940948486 
43762.0 -36084.49938613176 
84914.0 -61907.29894679785 
83551.0 -61573.69895249605 
73360.0 -55932.99904847145 
35988.0 -30337.49948388338 
9266.0 -9797.399833321571 
20196.0 -18316.999688386917 
58280.0 -45787.39922106266 
89436.0 -63673.998916745186 
90712.0 -63790.19891476631 
56819.0 -44986.29923468828 
42182.0 -35341.49939876795 
51700.0 -41685.29929083586 
21296.0 -18356.899687707424 
46949.0 -37960.799354195595 
43503.0 -35599.799394369125 
73251.0 -55679.59905278683 
56931.0 -45776.199221253395 
49905.0 -39984.69931977987 
97553.0 -64776.49889796972 
46222.0 -37266.399366021156 
