0.0 -0.0 
97624.0 -64912.99889564514 
0.0 -0.0 
97624.0 -64912.99889564514 
53548.0 -43022.199268102646 
43448.0 -35391.19939792156 
84344.0 -61994.39894533157 
27557.0 -23910.699593245983 
37237.0 -32059.69945460558 
81503.0 -61225.098958432674 
62187.0 -48950.19916725159 
41013.0 -34677.89941006899 
60251.0 -47740.99918782711 
55375.0 -44004.5992513895 
55915.0 -44986.99923467636 
4423.0 -5479.999906778336 
52403.0 -41438.899295032024 
36216.0 -31060.499471604824 
58507.0 -45290.0992295146 
77120.0 -58542.49900406599 
75205.0 -58086.799011826515 
21876.0 -19106.89967495203 
44650.0 -36527.599378585815 
14395.0 -14200.499758422375 
5074.0 -6936.999881982803 
77737.0 -59631.29898554087 
66490.0 -52134.29911309481 
26126.0 -22563.29961615801 
12598.0 -12555.599786400795 
30558.0 -26261.899553239346 
49876.0 -40542.59931027889 
68264.0 -52667.2991040349 
65351.0 -51521.4991235137 
78964.0 -60416.998972177505 
24412.0 -21559.1996332407 
94822.0 -64551.79890179634 
11064.0 -10704.899817883968 
16132.0 -14752.399749040604 
11822.0 -11442.299805343151 
39990.0 -33983.89942187071 
35475.0 -29973.099490106106 
13716.0 -13222.299775063992 
90464.0 -63841.99891388416 
19919.0 -18057.29969280958 
68784.0 -53619.59908783436 
29911.0 -24921.49957603216 
1130.0 -2945.0999498963356 
34662.0 -29250.399502396584 
64094.0 -50736.09913688898 
3130.0 -4918.299916327 
19438.0 -16857.199713230133 
9862.0 -9858.29983228445 
32972.0 -27895.59952545166 
6811.0 -6997.199880957603 
51240.0 -41256.19929814339 
28397.0 -24907.7995762825 
23223.0 -20335.69965404272 
456.0 -2029.8999654650688 
58917.0 -46225.59921360016 
18660.0 -16266.799723267555 
80625.0 -60697.69896739721 
33077.0 -28852.49950915575 
70099.0 -54241.89907723665 
88700.0 -63630.59891748428 
70640.0 -54834.799067139626 
59410.0 -47221.9991966486 
47712.0 -38248.099349319935 
21738.0 -18126.59969162941 
49117.0 -39025.399336099625 
125.0 -1049.5999821424484 
74598.0 -57016.199030041695 
85366.0 -62528.798936247826 
39161.0 -32881.79944062233 
86448.0 -62904.69892984629 
96868.0 -64713.498899042606 
87761.0 -63191.698924958706 
92276.0 -64058.998910188675 
92718.0 -64530.09890216589 
25947.0 -21921.79962706566 
45332.0 -37313.299365222454 
1699.0 -3930.9999331235886 
72942.0 -56562.299037754536 
17732.0 -15466.399736881256 
49626.0 -39313.7993311882 
9183.0 -8596.599853754044 
23862.0 -20362.299653589725 
62715.0 -49846.49915200472 
31159.0 -27525.69953173399 
2706.0 -3983.499932229519 
7698.0 -7776.5998677015305 
71743.0 -55565.8990547061 
46158.0 -37621.299359977245 
8501.0 -7787.799867510796 
63406.0 -50132.09914714098 
72232.0 -55652.6990532279 
16837.0 -15449.599737167358 
9413.0 -9200.299843490124 
30767.0 -27380.099534213543 
47103.0 -37978.59935390949 
39401.0 -32897.89944034815 
