0.0 -0.0 
97388.0 -64923.49889546633 
97388.0 -64923.49889546633 
0.0 -0.0 
3682.0 -5864.999900221825 
53411.0 -43195.09926515818 
2741.0 -3983.499932229519 
5074.0 -6936.999881982803 
24266.0 -21081.499641358852 
8357.0 -7876.699865996838 
22795.0 -19586.699666798115 
38288.0 -32112.19945371151 
49495.0 -40252.79931521416 
36621.0 -31233.399468660355 
12262.0 -11782.49979954958 
9133.0 -9784.099833548069 
30888.0 -27261.79953622818 
17839.0 -16167.399724960327 
58708.0 -46868.49920266867 
39471.0 -32961.599439263344 
32983.0 -27641.199529767036 
19289.0 -16728.399715423584 
79619.0 -60153.798976659775 
6498.0 -7810.899867117405 
11118.0 -10828.099815785885 
34845.0 -29367.999500393867 
35771.0 -30324.4994841218 
29093.0 -25494.399566292763 
46640.0 -37850.1993560791 
69270.0 -53883.49908334017 
33747.0 -28578.799513816833 
29782.0 -26371.09955137968 
57397.0 -46072.29921621084 
19774.0 -18045.399693012238 
66449.0 -51664.29912108183 
51741.0 -42004.799285411835 
88531.0 -63734.198915719986 
16532.0 -15259.89974039793 
43217.0 -35326.09939903021 
13645.0 -12577.999786019325 
80969.0 -60774.99896609783 
50341.0 -41018.89930218458 
76533.0 -58299.59900820255 
78222.0 -59457.69898849726 
48187.0 -38983.09933680296 
967.0 -1931.1999671459198 
67527.0 -52452.799107670784 
26627.0 -23336.099602997303 
392.0 -1032.0999824404716 
42626.0 -34309.39941632748 
70471.0 -54683.89906972647 
75413.0 -57562.89902073145 
14575.0 -14210.299758255482 
27870.0 -24596.699581563473 
24845.0 -22027.4996252656 
26048.0 -22390.099619090557 
46061.0 -36904.199372172356 
62886.0 -48717.099171221256 
21672.0 -18051.69969290495 
10589.0 -9796.699833333492 
85132.0 -62168.99894237518 
44286.0 -35970.399388074875 
16461.0 -14300.599756717682 
61025.0 -48475.59917533398 
91229.0 -63786.698914825916 
59800.0 -47731.199187994 
40595.0 -33825.69942456484 
77643.0 -58783.59899997711 
21763.0 -19094.999675154686 
55362.0 -43570.99925875664 
86140.0 -62745.49893254042 
83989.0 -61818.29894834757 
13685.0 -13598.899768650532 
73865.0 -56526.5990383625 
71153.0 -55194.19906103611 
94817.0 -64681.29889959097 
47789.0 -38763.99934053421 
45174.0 -36375.69938117266 
27364.0 -24109.899589836597 
74834.0 -56877.59903240204 
56206.0 -44942.1992354393 
93272.0 -64381.69890469313 
91397.0 -64156.998908519745 
96641.0 -64801.69889754057 
63301.0 -49339.69916063547 
55765.0 -43898.899253189564 
56804.0 -45189.29923123121 
51253.0 -41821.39928853512 
72298.0 -55686.59905266762 
65454.0 -51010.899132192135 
82032.0 -61294.3989572525 
2067.0 -3068.299947798252 
73009.0 -55871.09904950857 
1560.0 -2870.199951171875 
63507.0 -50238.79914534092 
41204.0 -34095.19941997528 
82655.0 -61554.79895281792 
87548.0 -62826.69893115759 
87748.0 -63319.0989227891 
60489.0 -47979.69918376207 
