0.0 -0.0 
96270.0 -64917.198895573616 
96270.0 -64917.198895573616 
0.0 -0.0 
19230.0 -16754.29971498251 
806.0 -1980.8999662995338 
9409.0 -9839.399832606316 
20196.0 -18316.999688386917 
8570.0 -8378.199857473373 
7227.0 -7721.999868631363 
16433.0 -15316.599739432335 
5406.0 -6951.699881732464 
14476.0 -14266.999757289886 
77946.0 -59606.7989859581 
17370.0 -15798.199731230736 
30506.0 -26406.099550783634 
93523.0 -64630.898900449276 
29426.0 -25543.099565446377 
58194.0 -45486.09922617674 
31434.0 -27499.799532175064 
86723.0 -63224.59892439842 
58914.0 -47123.29919832945 
12142.0 -12230.799791932106 
81540.0 -61401.89895540476 
28179.0 -24695.79957985878 
32585.0 -28215.499520003796 
50394.0 -41087.49930101633 
55391.0 -43588.499258458614 
66514.0 -51915.599116802216 
1702.0 -3856.099934399128 
73853.0 -56328.199041724205 
40245.0 -34088.89942008257 
52611.0 -41209.29929894209 
53895.0 -43104.499266684055 
39398.0 -33319.29943317175 
24088.0 -20705.29964774847 
44907.0 -36787.99937415123 
25508.0 -22442.599618196487 
49846.0 -40049.09931868315 
80371.0 -60755.798966407776 
67551.0 -52767.09910231829 
72038.0 -55563.09905475378 
79287.0 -60122.698977172375 
52735.0 -42459.09927767515 
23247.0 -19842.899662435055 
34332.0 -28573.1995139122 
26454.0 -23391.39960205555 
70112.0 -54491.79907298088 
55954.0 -44723.49923914671 
60644.0 -48380.0991769433 
82819.0 -62153.9989426136 
63363.0 -50040.39914870262 
10853.0 -10658.69981867075 
37181.0 -31023.099472224712 
85266.0 -62980.29892855883 
77193.0 -58162.79901051521 
13347.0 -12904.199780464172 
46182.0 -37363.399364352226 
41748.0 -34688.099409878254 
91141.0 -63967.998911738396 
125.0 -1049.5999821424484 
75956.0 -57129.29902809858 
83959.0 -62438.198937773705 
27848.0 -23569.199599027634 
11728.0 -10936.199813961983 
59717.0 -47589.79919040203 
71957.0 -54810.29906755686 
38593.0 -32300.899450480938 
21840.0 -18621.499683201313 
34670.0 -29517.09949785471 
56843.0 -45291.49922949076 
62335.0 -49216.89916270971 
89273.0 -63438.79892075062 
37942.0 -31994.999455690384 
74436.0 -56906.69903188944 
46903.0 -38017.49935323 
48993.0 -39197.299333155155 
2425.0 -3884.099933922291 
22743.0 -18894.099678575993 
42402.0 -35208.499401032925 
13826.0 -13671.699767410755 
64336.0 -50528.299140393734 
36440.0 -30356.699483573437 
43688.0 -36209.09938400984 
35476.0 -30095.9994879961 
61435.0 -49103.4991646409 
3344.0 -4922.499916255474 
65620.0 -51064.099131286144 
43424.0 -35725.09939223528 
76560.0 -57952.79901409149 
47871.0 -38443.399345993996 
4643.0 -6036.499897301197 
69952.0 -53478.9990901947 
3344.0 -4922.499916255474 
25155.0 -21431.499635398388 
69024.0 -53019.79909801483 
94848.0 -64762.49889820814 
4643.0 -6036.499897301197 
89277.0 -63733.49891573191 
48775.0 -38580.199343681335 
