0.0 -0.0 
98094.0 -64916.49889558554 
0.0 -0.0 
98094.0 -64916.49889558554 
24951.0 -22142.299623310566 
3737.0 -5857.299900352955 
50250.0 -41120.39930045605 
14416.0 -14260.699757397175 
73842.0 -56292.79904234409 
48668.0 -39853.09932202101 
26940.0 -23191.899605453014 
13130.0 -12897.89978057146 
3201.0 -3823.1999349594116 
23733.0 -21092.699641168118 
67874.0 -52920.699099719524 
92560.0 -64450.298903524876 
37958.0 -32343.899449765682 
85963.0 -62983.09892851114 
69249.0 -53704.999086380005 
75247.0 -57973.399013757706 
36702.0 -31299.899467527866 
58659.0 -46927.29920166731 
60910.0 -48456.69917565584 
31839.0 -27021.399540305138 
51832.0 -41582.399292588234 
32566.0 -28405.899516761303 
53477.0 -43148.89926594496 
6420.0 -7826.999866843224 
43161.0 -35700.89939266443 
59895.0 -47692.699188649654 
90924.0 -63948.39891207218 
45565.0 -36924.09937185049 
56704.0 -45258.59923005104 
1260.0 -1944.4999669194221 
9965.0 -8953.59984767437 
16574.0 -15588.199734807014 
78508.0 -59092.99899470806 
87763.0 -63227.39892435074 
44501.0 -36264.399383068085 
88897.0 -63876.29891330004 
41879.0 -34973.999405026436 
46799.0 -37684.99935889244 
77223.0 -58425.89900606871 
79136.0 -60004.69897919893 
94.0 -1049.5999821424484 
80226.0 -60744.59896659851 
62144.0 -49289.99916148186 
16273.0 -14546.999752521515 
66941.0 -51991.199115514755 
22946.0 -20043.799659013748 
22158.0 -19451.299669086933 
53433.0 -42057.299284517765 
27395.0 -24095.199590086937 
95821.0 -64798.198897600174 
18258.0 -16084.799726366997 
94827.0 -64565.09890156984 
39018.0 -32926.59943985939 
12050.0 -11211.299809277058 
73003.0 -55732.499051868916 
63798.0 -50233.19914543629 
55151.0 -43949.29925233126 
4974.0 -6850.899883449078 
10803.0 -10708.399817824364 
12202.0 -12237.099791824818 
58223.0 -45701.99922251701 
81941.0 -60920.59896361828 
30063.0 -26014.499557435513 
34511.0 -29286.099501788616 
29358.0 -25088.79957318306 
10418.0 -9882.799831867218 
29063.0 -24321.299586236477 
72141.0 -54966.69906491041 
70996.0 -53989.19908154011 
18820.0 -16614.699717342854 
35557.0 -29960.89949029684 
21379.0 -18412.19968676567 
48441.0 -38694.69934171438 
30495.0 -26700.099545776844 
84503.0 -62245.2989410758 
19801.0 -17310.79970550537 
33940.0 -28669.799512267113 
64971.0 -50956.29913312197 
36127.0 -30457.499481856823 
47378.0 -38521.79934465885 
1512.0 -3005.999948859215 
63032.0 -49817.79915249348 
41489.0 -34006.99942147732 
39683.0 -33698.29942673445 
2675.0 -3076.699947655201 
5763.0 -6932.799882054329 
55151.0 -43949.29925233126 
7719.0 -8665.199852585793 
83008.0 -61299.698957145214 
7774.0 -8740.099851310253 
75820.0 -58082.59901189804 
71032.0 -54776.299068152905 
66541.0 -51077.69913107157 
40487.0 -33894.99942338467 
19919.0 -18057.29969280958 
83266.0 -61825.69894820452 
