27773.0 -17200.09970742464 
202143.0 -133508.09772866964 
27773.0 -17200.09970742464 
32774.0 -22869.799610972404 
88087.0 -72184.69877201319 
110805.0 -88349.69849699736 
113372.0 -89967.29846948385 
30980.0 -20775.49964660406 
90759.0 -73927.29874235392 
142444.0 -110453.7981209755 
139902.0 -108489.69815438986 
94005.0 -76372.29870074987 
43842.0 -39708.89932447672 
91099.0 -74989.49872428179 
135596.0 -104629.09822005033 
144561.0 -111974.49809509516 
39602.0 -33764.79942560196 
63372.0 -55463.69905644655 
42867.0 -37659.399359345436 
69000.0 -59424.09898906946 
137799.0 -106929.49818092585 
94656.0 -77276.99868535995 
131489.0 -101809.99826800823 
38861.0 -31656.099461495876 
33227.0 -24905.699576318264 
156599.0 -119331.09796994925 
79489.0 -65735.5988817215 
45016.0 -40838.29930526018 
133881.0 -103704.79823577404 
98895.0 -80002.29863899946 
137039.0 -106206.39819324017 
121664.0 -95189.39838063717 
124106.0 -96395.39836013317 
96484.0 -78866.59865832329 
48316.0 -44299.59924638271 
140986.0 -109555.39813625813 
152947.0 -117702.29799765348 
62734.0 -54052.199080467224 
107468.0 -85922.89853829145 
127869.0 -99752.79830300808 
195909.0 -132981.69773763418 
175158.0 -128649.09781140089 
185816.0 -131631.39776062965 
104557.0 -83340.79858219624 
75739.0 -63759.298915326595 
67536.0 -58626.49900263548 
132737.0 -102693.69825297594 
83934.0 -68814.7988293171 
101573.0 -82228.89860111475 
150670.0 -115850.89802914858 
147786.0 -112938.69807869196 
66276.0 -57745.19901764393 
157824.0 -120398.59795176983 
151907.0 -116621.89801603556 
74900.0 -62550.09893590212 
52454.0 -46888.79920232296 
171140.0 -127056.99783849716 
35428.0 -27451.79953300953 
42176.0 -36457.19937980175 
106477.0 -84159.39856827259 
120659.0 -93259.5984134674 
87038.0 -70966.09879273176 
125055.0 -97764.19833683968 
186986.0 -131835.79775714874 
71281.0 -60376.39897286892 
46518.0 -41787.09928911924 
114442.0 -90872.69845408201 
146027.0 -112597.79808449745 
102711.0 -83164.39858520031 
82831.0 -67876.49884527922 
159195.0 -121007.89794141054 
60408.0 -53787.599084973335 
164437.0 -123180.29790443182 
116652.0 -90899.9984536171 
109325.0 -86979.19852030277 
117668.0 -91745.89843922853 
148933.0 -114090.49805909395 
192169.0 -132529.4977453351 
80672.0 -67108.59885835648 
193385.0 -132861.99773967266 
85243.0 -69724.69881385565 
149225.0 -114974.19804406166 
28192.0 -18211.19969022274 
161657.0 -122185.59792137146 
118223.0 -92857.79842031002 
170029.0 -126158.5978537798 
54003.0 -48086.39918196201 
162773.0 -123018.89790719748 
49834.0 -45543.099225223064 
29205.0 -19116.5996748209 
29488.0 -20191.399656534195 
123073.0 -95370.69837754965 
160732.0 -121514.69793277979 
55705.0 -49251.49916213751 
41174.0 -34536.79941248894 
58970.0 -52081.0991140008 
78681.0 -64479.89890307188 
97441.0 -79130.4986538291 
181551.0 -130694.09777659178 
182585.0 -131245.6977671981 
77578.0 -64261.49890679121 
165560.0 -124188.5978872776 
126742.0 -98862.79831814766 
59997.0 -52826.19910132885 
36112.0 -29606.299496352673 
71914.0 -60644.4989683032 
35954.0 -28673.59951221943 
173370.0 -128118.19782042503 
166247.0 -124654.3978793621 
41885.0 -35049.19940376282 
55860.0 -50284.99914455414 
172435.0 -127856.39782488346 
129483.0 -100811.49828499556 
47913.0 -43134.49926620722 
57871.0 -50356.3991433382 
198829.0 -133367.39773106575 
37081.0 -30586.599479675293 
51705.0 -46262.29921299219 
58298.0 -51184.099129259586 
86425.0 -70075.39880788326 
106523.0 -85274.79854929447 
34146.0 -26603.099547445774 
109778.0 -87388.69851332903 
201659.0 -133410.79773032665 
168667.0 -125850.29785901308 
198063.0 -133297.39773225784 
177346.0 -128998.09780544043 
33471.0 -26366.499551475048 
189498.0 -132355.8977482915 
54409.0 -48438.499175965786 
73283.0 -61693.698950469494 
47823.0 -42098.19928383827 
100044.0 -81191.89861875772 
38311.0 -30649.19947862625 
126225.0 -98172.29832988977 
81400.0 -67448.39885258675 
154663.0 -118548.19798326492 
65184.0 -56785.89903396368 
129417.0 -100646.2982878089 
178609.0 -130161.79778563976 
100330.0 -81308.09861677885 
65184.0 -56785.89903396368 
119817.0 -93176.69841486216 
177450.0 -129453.39779770374 
154562.0 -118508.29798394442 
50678.0 -45571.799224734306 
189599.0 -132395.797747612 
73557.0 -61846.99894785881 
179577.0 -130352.89778238535 
167338.0 -125608.7978631258 
