30458.0 -11373.299806535244 
202277.0 -133493.39772891998 
30458.0 -11373.299806535244 
202277.0 -133493.39772891998 
101706.0 -82240.7986009121 
189993.0 -132339.79774856567 
61075.0 -52677.79910385609 
79494.0 -66312.39887189865 
57820.0 -51656.1991212368 
185460.0 -131867.2977566123 
90750.0 -74219.19873738289 
81501.0 -67257.69885581732 
83375.0 -68291.19883823395 
114546.0 -90030.99846839905 
128687.0 -100203.89829534292 
178373.0 -130775.99777519703 
192675.0 -132857.7977397442 
40862.0 -31600.49946242571 
78065.0 -64566.698901593685 
105985.0 -84975.19855439663 
198991.0 -133190.29773408175 
111264.0 -88775.59848976135 
120631.0 -94721.79838860035 
41455.0 -33839.29942435026 
100307.0 -80253.19863474369 
97243.0 -78517.99866425991 
108187.0 -85938.39853799343 
74067.0 -61870.09894746542 
71058.0 -60591.298969209194 
39300.0 -28932.899507820606 
141199.0 -109313.19814038277 
104426.0 -83833.19857382774 
75622.0 -63267.89892369509 
87133.0 -71667.09878081083 
56826.0 -50656.29913824797 
39686.0 -30585.899479687214 
176686.0 -129680.89779382944 
168671.0 -125835.89785927534 
56083.0 -49075.79916512966 
125284.0 -97862.19833517075 
35334.0 -22650.399614691734 
159189.0 -120867.5979437828 
45111.0 -38235.09934955835 
61451.0 -54262.899076879025 
116441.0 -91701.79843997955 
113101.0 -89372.6984795928 
142701.0 -110463.5981208086 
95487.0 -77308.49868482351 
119795.0 -93298.79841279984 
35973.0 -25522.699565827847 
145549.0 -111826.79809761047 
109379.0 -87715.49850779772 
147464.0 -113706.19806563854 
48692.0 -42446.09927791357 
166630.0 -124752.6978777051 
47801.0 -41404.89929562807 
134175.0 -103723.9982354641 
122318.0 -95582.39837396145 
68131.0 -58362.59900712967 
72722.0 -61309.09895700216 
152052.0 -116385.99802005291 
33748.0 -20834.69964557886 
36852.0 -25982.899558007717 
144015.0 -110899.2981134057 
118361.0 -92796.89842134714 
44112.0 -37177.799367547035 
139963.0 -108474.29815465212 
181518.0 -130799.79777479172 
155157.0 -118334.39798688889 
46414.0 -39200.69933313131 
50492.0 -44378.69924503565 
146351.0 -112751.79808187485 
49942.0 -43371.79926216602 
47088.0 -40112.399317622185 
136944.0 -106294.59819173813 
85659.0 -70753.9987963438 
171083.0 -127196.69783610106 
160993.0 -121667.9979301691 
30615.0 -12368.999789595604 
55368.0 -47953.39918422699 
169127.0 -126717.19784426689 
135544.0 -104643.39821982384 
76047.0 -64285.2989063859 
156411.0 -119442.79796802998 
124334.0 -96846.1983524561 
32519.0 -15959.799728512764 
150381.0 -115646.89803260565 
31961.0 -14158.099759161472 
33238.0 -18563.999684214592 
42005.0 -34846.19940721989 
133634.0 -102557.19825530052 
130561.0 -100738.39828622341 
148560.0 -114682.99804902077 
62806.0 -55102.49906259775 
91475.0 -75185.49872094393 
132493.0 -101964.99826538563 
84939.0 -69532.89881712198 
97995.0 -79570.39864635468 
153338.0 -116954.79801034927 
183701.0 -131814.79775750637 
51767.0 -45354.099228441715 
53385.0 -46922.699201762676 
33238.0 -18563.999684214592 
31599.0 -13646.09976786375 
196042.0 -133119.59773528576 
137886.0 -107307.79817450047 
69830.0 -59353.398990273476 
63352.0 -55842.69905000925 
52980.0 -45407.999227523804 
123746.0 -95947.4983677268 
154717.0 -117337.29800385237 
172957.0 -128332.39781677723 
195445.0 -132976.09773772955 
37273.0 -27991.799523830414 
136162.0 -105374.49820739031 
139056.0 -107525.79817080498 
201821.0 -133406.59773039818 
88501.0 -72554.99876570702 
109286.0 -86670.09852558374 
130836.0 -101630.79827105999 
182157.0 -131396.89776462317 
164701.0 -123778.39789426327 
162875.0 -122803.69791084528 
174770.0 -128509.09781378508 
35798.0 -23197.09960538149 
95220.0 -76389.79870045185 
176017.0 -128702.99781048298 
88501.0 -72554.99876570702 
161485.0 -122334.6979188323 
171690.0 -128029.29782193899 
64872.0 -56352.99904131889 
117172.0 -91779.19843864441 
126700.0 -98895.69831758738 
54684.0 -46987.79920065403 
92799.0 -75686.29871243238 
93757.0 -75995.99870717525 
158262.0 -119915.59795999527 
37431.0 -28225.599519848824 
166055.0 -124209.59788691998 
98840.0 -80231.8986350894 
126700.0 -98895.69831758738 
32519.0 -15959.799728512764 
163801.0 -123249.19790327549 
43840.0 -35797.799391031265 
149783.0 -115008.79804348946 
43458.0 -35377.4993981719 
104811.0 -83899.69857269526 
69307.0 -59113.99899435043 
33748.0 -20834.69964557886 
65366.0 -56876.89903241396 
