202060.0 -133481.49772912264 
34396.0 -12254.899791538715 
62293.0 -54972.99906480312 
74262.0 -62736.29893273115 
37926.0 -24234.099587738514 
126906.0 -98780.89831954241 
35445.0 -16420.399720668793 
34642.0 -13300.999773740768 
53721.0 -45587.899224460125 
183949.0 -131385.6977648139 
36615.0 -17719.89969855547 
76513.0 -64119.09890919924 
39992.0 -27030.099540174007 
36943.0 -21386.99963617325 
72225.0 -61457.498954474926 
42050.0 -29672.099495232105 
129157.0 -99899.39830052853 
39197.0 -25115.699572741985 
49594.0 -40441.39931201935 
52552.0 -43568.49925881624 
157828.0 -120266.99795401096 
71500.0 -60418.39897215366 
115545.0 -90773.99845576286 
110526.0 -88282.49849814177 
186941.0 -132317.39774894714 
134177.0 -104708.49821871519 
90424.0 -74079.19873976707 
50229.0 -42208.799281954765 
135944.0 -105527.79820477962 
56901.0 -48959.599167108536 
70027.0 -58927.09899753332 
44534.0 -32803.399441957474 
124954.0 -97808.59833610058 
47445.0 -37328.999364972115 
182967.0 -130487.29778009653 
140981.0 -109213.49814206362 
56107.0 -47361.599194288254 
139615.0 -108249.9981584549 
187996.0 -132486.79774606228 
133712.0 -103170.69824486971 
91812.0 -75142.09872168303 
191742.0 -132545.59774506092 
131776.0 -102768.19825172424 
78042.0 -64586.99890124798 
174844.0 -128552.89781302214 
144012.0 -111442.89810413122 
100903.0 -81399.39861524105 
155582.0 -119272.69797092676 
45532.0 -35414.59939754009 
54496.0 -46962.59920108318 
59484.0 -51308.69912713766 
94579.0 -77724.5986777544 
104025.0 -83560.89857846498 
61501.0 -52905.999099969864 
101894.0 -82572.8985952735 
83253.0 -68792.69882971048 
107254.0 -85850.09853953123 
150635.0 -114864.99804592133 
44763.0 -34608.59941124916 
89031.0 -73201.79875469208 
46752.0 -36679.799376010895 
119232.0 -93085.29841643572 
65906.0 -57403.29902344942 
178658.0 -128930.19780659676 
96191.0 -78138.29867070913 
117963.0 -91428.59844458103 
67320.0 -58039.19901263714 
198280.0 -133278.4977325797 
130817.0 -101605.89827150106 
65159.0 -56313.09904199839 
195169.0 -132971.89773780107 
48168.0 -39442.89932900667 
176790.0 -128893.09780722857 
165752.0 -124867.19787573814 
114463.0 -89876.39847099781 
36943.0 -21386.99963617325 
109131.0 -86783.89852362871 
152238.0 -116517.59801781178 
97259.0 -79059.09865504503 
43322.0 -31678.899461090565 
60673.0 -52760.39910244942 
88567.0 -72089.89877361059 
51976.0 -42645.599274516106 
84104.0 -69184.39882302284 
58688.0 -49354.39916038513 
112153.0 -88629.9984922409 
168161.0 -125753.69786065817 
93907.0 -76373.99870073795 
105553.0 -84824.29855698347 
80036.0 -66566.49886757135 
171129.0 -127548.09783011675 
165663.0 -123384.99790096283 
200693.0 -133334.49773162603 
113105.0 -89438.19847846031 
129730.0 -101041.39828109741 
192667.0 -132768.89774125814 
68549.0 -58719.19900107384 
153951.0 -117159.7980068922 
150915.0 -116283.49802178144 
141983.0 -110306.49812346697 
179975.0 -130477.49778026342 
121924.0 -95049.39838302135 
41303.0 -28035.599523067474 
92807.0 -76017.39870679379 
82197.0 -67184.59885704517 
159403.0 -120639.69794768095 
138815.0 -107070.19817852974 
137286.0 -106344.6981908679 
147879.0 -113343.99807178974 
161931.0 -122626.8979138732 
167753.0 -124991.09787362814 
160984.0 -121625.29793089628 
85568.0 -70156.9988064766 
142904.0 -110621.79811811447 
122414.0 -96030.39836633205 
146136.0 -111869.19809687138 
118131.0 -92165.1984320879 
196552.0 -133116.79773533344 
59407.0 -50181.399146318436 
103642.0 -82799.69859141111 
163953.0 -123219.09790378809 
98387.0 -79619.09864550829 
179429.0 -130261.89778393507 
120565.0 -93694.29840606451 
99859.0 -80464.29863113165 
154576.0 -117647.69799858332 
155159.0 -118651.4979814887 
124356.0 -96824.09835284948 
169652.0 -126625.89784580469 
120612.0 -94570.59839117527 
173142.0 -127902.59782409668 
108643.0 -86572.49852722883 
79415.0 -65671.59888279438 
106158.0 -84997.59855401516 
123587.0 -96447.19835925102 
81771.0 -67137.69885784388 
41450.0 -28723.999511361122 
87672.0 -71136.89878982306 
35880.0 -17453.899703085423 
160238.0 -121228.39793765545 
147417.0 -112702.49808269739 
162869.0 -122892.19790935516 
43461.0 -31719.49946039915 
170075.0 -126715.49784427881 
86319.0 -70204.59880566597 
87046.0 -71025.99879169464 
98883.0 -80388.69863241911 
65159.0 -56313.09904199839 
137813.0 -106859.49818211794 
148773.0 -114494.6980522275 
