203496.0 -133556.3977278471 
203496.0 -133556.3977278471 
24078.0 -12030.899795353413 
24078.0 -12030.899795353413 
35968.0 -30574.69947987795 
171533.0 -126957.29784017801 
43218.0 -39157.29933387041 
184589.0 -132128.3977521658 
151562.0 -115858.89802902937 
199989.0 -133414.99773025513 
27287.0 -19341.29967099428 
53317.0 -47606.99919009209 
44770.0 -40085.49931806326 
50997.0 -46234.69921344519 
130575.0 -101761.69826883078 
87150.0 -70914.69879359007 
29377.0 -21042.599642038345 
34590.0 -28505.599515080452 
25228.0 -15462.799736976624 
25068.0 -13065.099777758121 
129065.0 -100290.69829386473 
37910.0 -33767.599425554276 
173472.0 -127729.69782704115 
168759.0 -125688.19786179066 
47305.0 -43948.59925234318 
64578.0 -56486.699039041996 
41347.0 -37390.29936391115 
26227.0 -16502.599719285965 
45476.0 -42060.79928445816 
39328.0 -34652.69941049814 
189105.0 -132249.49775010347 
131928.0 -102706.29825276136 
90173.0 -74406.79873418808 
88091.0 -72455.59876739979 
133651.0 -103411.49824076891 
153408.0 -116995.69800966978 
177177.0 -128786.29780906439 
175091.0 -128608.19781208038 
26887.0 -18159.799691081047 
54166.0 -48626.09917277098 
134723.0 -104476.4982226491 
179270.0 -129362.39779925346 
149932.0 -114744.99804794788 
191422.0 -132632.39774358273 
137526.0 -106968.69818025827 
62747.0 -55333.499058663845 
118565.0 -92774.89842170477 
55602.0 -49599.39915621281 
114678.0 -90659.89845770597 
155598.0 -118477.49798446894 
165380.0 -123925.6978917718 
182985.0 -131634.89776057005 
108760.0 -86593.79852688313 
113321.0 -90012.09846872091 
89034.0 -73326.39875257015 
80583.0 -66803.79886353016 
56707.0 -50375.99914300442 
194420.0 -132725.49774199724 
161212.0 -121598.9979313612 
49235.0 -44846.99923706055 
100912.0 -81597.1986118555 
97281.0 -77809.99867630005 
34226.0 -27521.499531805515 
72227.0 -61535.89895313978 
180934.0 -131202.99776792526 
40597.0 -35731.69939213991 
91767.0 -75163.0987213254 
197086.0 -133305.7977321148 
34162.0 -25511.49956601858 
95368.0 -77224.49868625402 
83408.0 -68901.89882785082 
139355.0 -107547.19817042351 
76500.0 -63772.5989151001 
60592.0 -52580.499105513096 
167113.0 -124785.59787714481 
92512.0 -76069.89870589972 
145641.0 -111803.69809800386 
97585.0 -79035.99865543842 
116054.0 -91618.49844139814 
47059.0 -42337.99927973747 
146194.0 -112765.79808163643 
100150.0 -80355.09863299131 
61042.0 -53836.59908413887 
143882.0 -111196.79810833931 
94190.0 -76673.29869562387 
112336.0 -88874.99848806858 
74279.0 -61565.2989526391 
99175.0 -79657.89864486456 
67758.0 -58214.899009644985 
60139.0 -51230.999128460884 
85223.0 -70133.49880689383 
32709.0 -25311.699569404125 
128453.0 -99002.39831578732 
180800.0 -129861.49779075384 
154391.0 -117552.49800020456 
30098.0 -22801.599612116814 
79065.0 -66239.2988731265 
121353.0 -95468.29837590456 
140638.0 -109396.49813896418 
77613.0 -65023.09889382124 
165053.0 -122763.39791154861 
107532.0 -85848.79853951931 
117399.0 -91946.09843581915 
103633.0 -83447.19858038425 
70460.0 -60489.09897094965 
106708.0 -85126.39855182171 
119901.0 -93732.3984054327 
121190.0 -93778.59840464592 
139884.0 -108596.09815257788 
136799.0 -104812.79821693897 
111790.0 -87981.49850326777 
142177.0 -109928.79812991619 
157449.0 -119809.89796179533 
62694.0 -54264.99907684326 
137066.0 -105593.59820365906 
157374.0 -118961.89797621965 
49698.0 -45662.09922319651 
127603.0 -98296.49832779169 
160126.0 -120444.79795098305 
147774.0 -113477.69806951284 
122922.0 -95520.09837502241 
75846.0 -62141.29894286394 
31368.0 -23794.499595224857 
84817.0 -69490.59881782532 
102014.0 -82412.29859799147 
159243.0 -120381.79795205593 
127032.0 -97391.09834319353 
32206.0 -23838.59959447384 
142976.0 -110507.69812005758 
196130.0 -132788.49774092436 
123538.0 -96505.29835826159 
82197.0 -67471.19885218143 
125464.0 -97303.59834468365 
163008.0 -122669.59791314602 
162692.0 -122047.39792370796 
82811.0 -67620.29884964228 
29991.0 -21772.999629616737 
70990.0 -60527.598970294 
105365.0 -83863.29857331514 
37910.0 -33767.599425554276 
78501.0 -65294.69888919592 
65768.0 -57231.79902637005 
105614.0 -84334.69856530428 
40933.0 -36818.39937365055 
103019.0 -82623.29859441519 
124910.0 -96507.39835822582 
68861.0 -59153.19899368286 
75934.0 -62939.99892926216 
68861.0 -59153.19899368286 
168550.0 -124986.09787374735 
