6314.0 -4840.499917685986 
198256.0 -133311.39773201942 
198256.0 -133311.39773201942 
6314.0 -4840.499917685986 
9708.0 -7728.899868547916 
20270.0 -21685.199631094933 
10369.0 -11206.699809372425 
23215.0 -23418.299601614475 
150055.0 -115545.6980343461 
147825.0 -113506.698069036 
134130.0 -103405.1982408762 
172161.0 -126933.79784059525 
69929.0 -60309.89897400141 
174939.0 -128218.99781870842 
118948.0 -93523.09840899706 
49319.0 -44085.39925003052 
141637.0 -109860.5981310606 
45884.0 -42025.09928506613 
92872.0 -75057.39872312546 
90166.0 -74364.79873490334 
47591.0 -43244.09926432371 
24236.0 -24664.899580419064 
85505.0 -69333.09882050753 
125169.0 -97300.79834473133 
125976.0 -98332.19832718372 
95338.0 -77383.39868354797 
132112.0 -101309.4982765317 
16306.0 -16086.899726331234 
83055.0 -68625.79883253574 
123073.0 -95952.9983676672 
114265.0 -90518.59846007824 
19662.0 -19732.29966431856 
80848.0 -66496.49886876345 
160741.0 -121070.89794033766 
98824.0 -79368.7986497879 
158519.0 -120465.79795062542 
7485.0 -6868.299883186817 
79158.0 -65270.49888962507 
59107.0 -51936.89911645651 
146223.0 -112572.5980849266 
128086.0 -99587.59830582142 
93791.0 -76360.39870095253 
104526.0 -84096.39856934547 
57422.0 -50955.59913313389 
140440.0 -108618.49815219641 
162160.0 -122103.69792276621 
99990.0 -80485.9986307621 
86128.0 -70895.79879391193 
65145.0 -56470.59903931618 
28209.0 -29729.199494242668 
14614.0 -14957.499745547771 
106238.0 -85064.79855287075 
120666.0 -94609.09839051962 
66248.0 -57536.299021184444 
33373.0 -32656.799444437027 
35544.0 -34830.199407458305 
163892.0 -122873.29790967703 
108355.0 -85321.29854851961 
170273.0 -126353.19785046577 
108664.0 -87104.49851816893 
25446.0 -26261.499553263187 
34585.0 -33693.09942680597 
81685.0 -67700.79884827137 
75274.0 -63100.99892652035 
168397.0 -125789.69786006212 
40377.0 -38189.99935030937 
11081.0 -12598.59978568554 
191599.0 -132426.59774708748 
117120.0 -91270.59844732285 
17331.0 -17331.399705171585 
59887.0 -53353.99909234047 
176115.0 -129164.99780261517 
101237.0 -81664.69861072302 
117405.0 -91985.99843513966 
135749.0 -105584.49820381403 
88785.0 -73392.89875143766 
183462.0 -131706.2977593541 
62077.0 -53477.899090230465 
67841.0 -58396.899006545544 
39643.0 -36813.19937372208 
144100.0 -110842.99811434746 
167209.0 -124804.49787682295 
68546.0 -59365.29899007082 
74340.0 -61744.498949587345 
190067.0 -132009.39775419235 
134758.0 -104625.89822012186 
63552.0 -55462.299056470394 
37005.0 -35781.799391269684 
44854.0 -40640.89930862188 
50740.0 -45921.399218797684 
56100.0 -50026.69914895296 
113148.0 -89755.89847308397 
178475.0 -129372.49779909849 
12339.0 -13467.599770903587 
77421.0 -64737.49889868498 
103705.0 -82786.09859162569 
41801.0 -38961.69933718443 
77131.0 -63482.79892003536 
196827.0 -133180.49773424864 
112158.0 -88709.79849088192 
13180.0 -14365.999755620956 
54027.0 -48542.79917418957 
62960.0 -54682.49906975031 
122305.0 -95035.6983832717 
139066.0 -107665.49816840887 
186587.0 -131928.89775556326 
157232.0 -119349.69796961546 
55543.0 -48990.399166584015 
52786.0 -46976.299200832844 
6438.0 -5853.699900448322 
38016.0 -36423.99938035011 
102392.0 -82385.69859844446 
153080.0 -117628.0979989171 
88060.0 -71515.59878337383 
129149.0 -100200.39829540253 
27422.0 -28415.29951661825 
25763.0 -27285.19953584671 
165424.0 -123622.59789693356 
43587.0 -39149.9993339777 
155325.0 -118409.99798560143 
145231.0 -111197.49810832739 
51001.0 -46193.69921416044 
187379.0 -131972.99775481224 
152496.0 -115922.99802792072 
53042.0 -47691.299188673496 
180002.0 -129779.29779213667 
165860.0 -124164.39788770676 
88101.0 -72288.69877022505 
19400.0 -18138.799691438675 
183379.0 -130637.09777754545 
44116.0 -39972.09931999445 
29787.0 -30683.599478006363 
154394.0 -117805.19799590111 
194090.0 -132888.59773921967 
96999.0 -78413.69866603613 
30130.0 -30757.099476754665 
26760.0 -28030.99952316284 
72806.0 -61450.498954594135 
156308.0 -119071.79797434807 
31555.0 -31745.099459946156 
138465.0 -105613.19820332527 
18937.0 -17862.99969613552 
72806.0 -61450.498954594135 
182352.0 -130105.79778659344 
31680.0 -31927.099456846714 
194195.0 -132959.99773800373 
138548.0 -106935.3981808424 
152863.0 -116069.99802541733 
96999.0 -78413.69866603613 
110508.0 -87522.69851106405 
