201092.0 -133492.6977289319 
201092.0 -133492.6977289319 
15975.0 -11294.199807882309 
17766.0 -12552.39978647232 
19633.0 -19284.999671936035 
30430.0 -29386.199500083923 
32589.0 -32534.99944651127 
153546.0 -116747.89801388979 
88068.0 -71290.89878720045 
31757.0 -30365.099483430386 
27111.0 -28587.89951366186 
20900.0 -20281.399654984474 
73034.0 -61329.69895666838 
112873.0 -89183.2984828353 
110564.0 -88077.3985016346 
175550.0 -128861.19780778885 
173958.0 -127124.59783732891 
93666.0 -76876.59869217873 
75006.0 -62557.79893577099 
54308.0 -47098.79919874668 
99130.0 -79575.99864625931 
140922.0 -109001.39814567566 
50933.0 -46015.19921720028 
86341.0 -70258.49880474806 
139541.0 -107776.79816651344 
67899.0 -58042.699012577534 
106623.0 -85255.19854962826 
137159.0 -105799.3982001543 
135753.0 -104559.39822125435 
90796.0 -75021.69872373343 
155072.0 -118530.69798356295 
124146.0 -96650.49835580587 
187321.0 -132231.9977504015 
141762.0 -110305.39812350273 
127657.0 -99119.9983137846 
132503.0 -103200.79824435711 
92685.0 -75747.89871138334 
66089.0 -56967.19903087616 
44147.0 -40502.99931097031 
108339.0 -85983.79853725433 
47058.0 -43073.29926723242 
100099.0 -81156.19861936569 
192359.0 -132537.89774519205 
89079.0 -73124.0987560153 
189746.0 -132479.7977461815 
59356.0 -51296.79912734032 
71888.0 -60180.39897620678 
95263.0 -78140.39867067337 
36821.0 -34784.99940824509 
163524.0 -122925.79790878296 
109815.0 -86855.29852241278 
43298.0 -39458.99932873249 
24635.0 -23975.499592125416 
138622.0 -106550.49818736315 
119299.0 -93714.89840573072 
118425.0 -92195.69843155146 
133899.0 -104066.99822962284 
77046.0 -64295.798906207085 
185542.0 -131478.79776322842 
131058.0 -102187.59826159477 
182058.0 -130450.19778072834 
23741.0 -22980.499609053135 
34126.0 -33574.09942883253 
41394.0 -38766.09934049845 
165265.0 -123457.09789973497 
161467.0 -122401.19791769981 
60304.0 -52653.29910427332 
25215.0 -25559.499565184116 
102278.0 -81181.69861894846 
183371.0 -131357.69776529074 
51530.0 -46988.89920061827 
166075.0 -124676.09787899256 
121165.0 -93931.89840203524 
116114.0 -90561.59845936298 
194734.0 -132868.29773956537 
116806.0 -91846.69843751192 
177034.0 -129427.1977981329 
69986.0 -59729.29898387194 
64471.0 -56562.299037754536 
55508.0 -48399.29917663336 
75542.0 -63751.598915457726 
84231.0 -69851.09881168604 
151987.0 -115830.59802949429 
68514.0 -59284.79899144173 
57630.0 -50797.69913583994 
122063.0 -95120.09838181734 
143727.0 -110912.29811316729 
89415.0 -74049.79874026775 
36081.0 -33687.49942690134 
61959.0 -53796.69908481836 
80628.0 -66557.39886772633 
171954.0 -127038.7978388071 
146162.0 -112886.89807957411 
37571.0 -36310.5993822813 
128217.0 -99923.19830012321 
123251.0 -95604.79837357998 
102929.0 -83174.8985850215 
47569.0 -44067.59925031662 
147595.0 -113191.3980743885 
151580.0 -114980.49804395437 
26277.0 -27581.699530780315 
78413.0 -65343.298888385296 
149257.0 -114773.29804748297 
57049.0 -49764.19915342331 
125460.0 -97985.39833307266 
63241.0 -55123.499062240124 
179879.0 -130183.49778527021 
25847.0 -26562.899548113346 
160612.0 -121422.99793434143 
97148.0 -79104.59865427017 
148972.0 -113902.19806230068 
79199.0 -65702.39888226986 
178553.0 -130028.39778792858 
129232.0 -100989.59828197956 
196285.0 -133122.39773523808 
39977.0 -37180.29936748743 
170134.0 -125876.197858572 
22436.0 -21956.799626469612 
40741.0 -37710.89935845137 
105408.0 -83932.59857213497 
38937.0 -36319.69938212633 
48567.0 -44951.29923528433 
145226.0 -111820.49809771776 
17614.0 -11883.199797868729 
102861.0 -82716.3985928297 
45383.0 -41813.69928866625 
130568.0 -100998.69828182459 
56038.0 -49058.999165415764 
159455.0 -121018.39794123173 
171154.0 -126028.79785597324 
168004.0 -125554.89786404371 
156600.0 -118577.59798276424 
82318.0 -67543.29885095358 
82744.0 -68655.89883202314 
158119.0 -120689.39794683456 
63316.0 -55677.89905279875 
61579.0 -53235.699094355106 
19633.0 -19284.999671936035 
96084.0 -78888.99865794182 
199222.0 -133316.29773193598 
83480.0 -69077.99882483482 
167697.0 -125122.99787139893 
198255.0 -133163.69773453474 
105443.0 -83994.19857108593 
80965.0 -67502.698851645 
45383.0 -41813.69928866625 
114695.0 -89745.09847325087 
156750.0 -119769.99796247482 
22436.0 -21956.799626469612 
125460.0 -97985.39833307266 
