26088.0 -15316.199739456177 
201751.0 -133526.99772834778 
201751.0 -133526.99772834778 
26088.0 -15316.199739456177 
40613.0 -35234.69940060377 
190559.0 -132350.29774838686 
42277.0 -38455.99934577942 
188297.0 -132217.99775063992 
194194.0 -133056.59773635864 
51673.0 -47053.99919950962 
94942.0 -77157.29868739843 
139169.0 -107286.09817487001 
36722.0 -31344.699466764927 
63282.0 -55663.19905304909 
93109.0 -76031.39870655537 
173312.0 -127921.49782377481 
184486.0 -131814.79775750637 
136798.0 -106322.29819124937 
170022.0 -126236.29785245657 
166413.0 -122919.49790889025 
175441.0 -128672.89781099558 
34247.0 -30092.799488067627 
141622.0 -109912.39813017845 
48218.0 -44708.39923942089 
60123.0 -53594.09908825159 
171435.0 -127158.89783674479 
118021.0 -93144.09841543436 
55356.0 -49427.899159133434 
167593.0 -125666.89786213636 
64672.0 -56338.29904156923 
66135.0 -57501.29902178049 
142950.0 -110866.79811394215 
75640.0 -63906.99891281128 
108354.0 -86116.79853498936 
144153.0 -111942.29809564352 
91838.0 -75033.59872353077 
107030.0 -84971.99855446815 
163312.0 -122885.19790947437 
67065.0 -58463.399005413055 
128278.0 -99471.3983078003 
101946.0 -82657.99859380722 
30935.0 -24889.599576592445 
71432.0 -60955.59896302223 
36853.0 -32571.6994459033 
85164.0 -70264.39880466461 
166473.0 -124833.59787631035 
129733.0 -100345.69829291105 
30596.0 -23212.49960511923 
74954.0 -62783.89893192053 
116505.0 -91941.59843587875 
179788.0 -130549.89777904749 
83744.0 -69417.09881907701 
95952.0 -78435.09866565466 
86363.0 -71198.49878877401 
77534.0 -64736.7988986969 
130657.0 -101404.69827491045 
197437.0 -133339.3977315426 
32883.0 -28104.899521887302 
150956.0 -115960.798027277 
28465.0 -21349.19963681698 
69688.0 -59767.09898322821 
28279.0 -19740.99966418743 
26731.0 -16362.999721646309 
90123.0 -74397.69873434305 
123384.0 -96319.79836142063 
56720.0 -51148.399129867554 
29288.0 -22468.799617767334 
87334.0 -72287.99877023697 
182365.0 -130768.99777531624 
177370.0 -129169.89780253172 
133667.0 -104053.69822984934 
158219.0 -120511.99794983864 
109852.0 -88058.49850195646 
135841.0 -105437.89820629358 
121913.0 -95541.09837466478 
80485.0 -66883.59886217117 
82911.0 -68275.79883849621 
38339.0 -33810.2994248271 
200859.0 -133429.6977300048 
68602.0 -59463.99898838997 
61839.0 -54028.399080872536 
103566.0 -83319.79858255386 
81624.0 -67746.99884748459 
45854.0 -42194.49928218126 
161990.0 -122266.79791998863 
178178.0 -130079.49778705835 
73390.0 -61903.698946893215 
31666.0 -26077.79955637455 
38453.0 -34588.29941159487 
108986.0 -87315.79851460457 
53960.0 -47838.99918615818 
34089.0 -29160.099503934383 
126525.0 -98890.09831768274 
132229.0 -103048.89824694395 
45244.0 -40932.09930366278 
134275.0 -104883.49821573496 
32230.0 -26983.19954097271 
121460.0 -94487.99839258194 
159633.0 -121140.89793914557 
26737.0 -18247.99968957901 
152036.0 -116941.09801059961 
79808.0 -65860.59887957573 
47706.0 -43180.399265408516 
97612.0 -79670.89864462614 
113418.0 -89526.29847699404 
160899.0 -121495.09793311357 
105788.0 -84204.7985675335 
154573.0 -117894.09799438715 
132056.0 -102251.29826050997 
153573.0 -116968.3980101347 
79271.0 -64941.89889520407 
56108.0 -50196.799146056175 
44802.0 -40053.9993185997 
140606.0 -108494.99815428257 
157229.0 -119562.4979659915 
146189.0 -113129.79807543755 
101141.0 -81357.79861593246 
145951.0 -112499.49808615446 
116032.0 -90968.59845244884 
27816.0 -18417.399686694145 
154853.0 -118813.49797874689 
183024.0 -131652.39776027203 
196062.0 -133195.89773398638 
58168.0 -52117.49911338091 
89026.0 -73558.7987486124 
49810.0 -45707.599222421646 
88958.0 -72745.0987624526 
149843.0 -114990.29804378748 
105260.0 -83452.79858028889 
111377.0 -88850.49848848581 
96904.0 -79322.99865055084 
156874.0 -118843.59797823429 
41851.0 -37285.99936568737 
53428.0 -47797.699186861515 
58168.0 -52117.49911338091 
72463.0 -61467.598954319954 
49810.0 -45707.599222421646 
46899.0 -42840.19927120209 
147971.0 -113712.49806553125 
119363.0 -93876.59840297699 
140008.0 -108424.99815547466 
149419.0 -114593.39805054665 
124546.0 -97134.89834755659 
99257.0 -80475.49863094091 
112093.0 -88903.69848757982 
120091.0 -93942.39840185642 
41851.0 -37285.99936568737 
114900.0 -90483.19846069813 
99257.0 -80475.49863094091 
114525.0 -89984.49846917391 
