24892.0 -14035.599761247635 
201959.0 -133481.49772912264 
24892.0 -14035.599761247635 
201959.0 -133481.49772912264 
73005.0 -61608.698951900005 
35089.0 -29531.399497628212 
124954.0 -96762.89835387468 
49301.0 -44485.499243199825 
65522.0 -56918.59903168678 
103575.0 -83379.29858154058 
63600.0 -55137.499062001705 
69801.0 -60272.79897463322 
193948.0 -133058.69773632288 
44511.0 -40515.29931074381 
51275.0 -46213.699213802814 
28557.0 -20437.09965234995 
106618.0 -84450.59856331348 
101697.0 -81497.79861354828 
46326.0 -41565.89929288626 
78042.0 -64414.09890419245 
27861.0 -18399.89968699217 
32657.0 -25962.299558341503 
119338.0 -93344.5984120369 
120354.0 -94850.5983864069 
31082.0 -24610.999581336975 
94179.0 -77143.99868762493 
96765.0 -78872.59865820408 
79635.0 -66426.19886994362 
90484.0 -74506.89873248339 
116026.0 -91899.59843659401 
99290.0 -80365.5986328125 
130836.0 -101580.3982719183 
82724.0 -67952.09884399176 
26974.0 -17353.099704802036 
191309.0 -132969.09773784876 
43036.0 -39371.899330198765 
156158.0 -118407.49798566103 
135608.0 -105110.99821186066 
150539.0 -115197.49804025888 
167085.0 -125225.19786965847 
117932.0 -92472.49842685461 
127028.0 -97709.29833775759 
67426.0 -57408.199023365974 
80186.0 -66789.49886375666 
25811.0 -16038.899727165699 
57268.0 -50001.19914937019 
152019.0 -115828.19802951813 
132506.0 -102286.69825989008 
68444.0 -58578.8990034461 
87151.0 -71653.49878102541 
73889.0 -62654.79893410206 
37096.0 -32289.599450707436 
75836.0 -63213.69892460108 
95497.0 -78027.69867259264 
83174.0 -68522.89883428812 
154416.0 -117577.69799977541 
164664.0 -123796.19789397717 
139929.0 -108720.69815045595 
156768.0 -119718.89796334505 
153022.0 -117082.49800819159 
108954.0 -87102.69851821661 
110096.0 -88102.59850120544 
138849.0 -107145.0981772542 
162610.0 -122965.69790810347 
122330.0 -95922.59836816788 
134056.0 -104220.99822700024 
136503.0 -106285.89819186926 
98534.0 -79845.49864166975 
169837.0 -125748.79786074162 
42142.0 -38376.899347126484 
114423.0 -91022.49845153093 
84875.0 -69942.7988101244 
93037.0 -75792.39871060848 
103086.0 -82013.2986047864 
111799.0 -88506.49849432707 
129356.0 -100655.39828765392 
177441.0 -130255.89778405428 
62186.0 -54434.3990739584 
200958.0 -133369.49773103 
32825.0 -27517.59953188896 
107750.0 -86361.09853082895 
112488.0 -89625.39847528934 
180638.0 -130637.39777755737 
38175.0 -33236.99943459034 
189017.0 -132647.0977433324 
159383.0 -120960.99794220924 
173650.0 -128675.6978109479 
46941.0 -43076.79926717281 
40001.0 -35981.89938789606 
92345.0 -75214.19872045517 
157798.0 -120699.89794665575 
47393.0 -43882.499253451824 
30970.0 -23137.599606394768 
133727.0 -103158.79824507236 
84966.0 -70484.19880092144 
55746.0 -49758.999153494835 
29355.0 -21709.99963068962 
58437.0 -51512.39912366867 
184916.0 -131954.79775512218 
141422.0 -109913.79813015461 
172601.0 -127885.0978243947 
61143.0 -53703.999086380005 
161376.0 -121337.19793581963 
41125.0 -37483.39936232567 
59743.0 -53323.89909285307 
197302.0 -133346.39773142338 
175236.0 -129144.69780296087 
170362.0 -126827.0978423953 
89213.0 -73509.09874945879 
113740.0 -90270.09846431017 
59283.0 -51523.599123477936 
76853.0 -64130.99890899658 
148795.0 -114290.69805568457 
107464.0 -85030.49855345488 
146260.0 -112770.69808155298 
36768.0 -30680.39947807789 
86953.0 -71515.59878337383 
25064.0 -15059.299743831158 
69072.0 -59823.79898226261 
176530.0 -129470.19779741764 
39619.0 -34308.29941636324 
171566.0 -127316.6978340745 
179470.0 -130590.49777835608 
30034.0 -22332.999620079994 
197566.0 -133360.39773118496 
161731.0 -122130.99792230129 
144809.0 -111507.2981030345 
137840.0 -106823.7981827259 
121862.0 -95620.19837331772 
183550.0 -130900.99777305126 
187707.0 -132343.99774849415 
89213.0 -73509.09874945879 
167985.0 -125236.39786946774 
54717.0 -48812.99916958809 
35977.0 -30379.399483203888 
186186.0 -132161.9977515936 
40414.0 -36789.69937413931 
144850.0 -111870.19809687138 
164398.0 -123629.59789681435 
52276.0 -46890.19920229912 
140960.0 -109127.39814352989 
142679.0 -110883.59811365604 
32825.0 -27517.59953188896 
38686.0 -34276.0994169116 
53775.0 -48745.09917074442 
128321.0 -99375.89830940962 
53584.0 -47550.5991910696 
129176.0 -99581.99830591679 
183648.0 -131007.39777123928 
127255.0 -98856.49831825495 
