202511.0 -133552.8977279067 
20319.0 -5292.6999099850655 
20319.0 -5292.6999099850655 
202511.0 -133552.8977279067 
23387.0 -14133.599759578705 
117405.0 -92477.69842678308 
170516.0 -126677.99784493446 
188011.0 -131980.6977546811 
22425.0 -10502.199821352959 
119026.0 -93410.09841090441 
66985.0 -57925.79901456833 
36160.0 -31336.5994669199 
142571.0 -109899.79813039303 
104549.0 -83989.99857115746 
172936.0 -128426.8978151679 
163431.0 -123487.19789922237 
44314.0 -41138.5993001461 
99465.0 -80721.49862676859 
29986.0 -24201.49958831072 
177182.0 -129835.19779121876 
115110.0 -90622.79845833778 
156114.0 -119475.99796748161 
133274.0 -102327.59825921059 
64047.0 -56070.19904613495 
161332.0 -122254.19792020321 
192243.0 -132515.49774557352 
179821.0 -130597.49777823687 
29528.0 -21169.599639892578 
50540.0 -46315.19921207428 
111833.0 -89031.09848541021 
56267.0 -49611.99915599823 
122189.0 -94434.49839347601 
34680.0 -30411.599482655525 
32155.0 -26341.99955189228 
140376.0 -108801.19814908504 
33892.0 -28721.899511396885 
134661.0 -103920.69823211432 
143809.0 -111592.99810159206 
39245.0 -34594.8994114995 
127519.0 -99507.09830719233 
165144.0 -124373.6978841424 
25969.0 -18074.3996925354 
37709.0 -33561.79942905903 
24477.0 -15213.999741196632 
168470.0 -126041.39785575867 
129977.0 -99805.99830210209 
65478.0 -56986.799030542374 
25207.0 -16810.599714040756 
71873.0 -60465.29897135496 
185618.0 -131782.59775805473 
106919.0 -85904.39853858948 
40915.0 -36975.89937096834 
108589.0 -86760.09852403402 
52408.0 -46865.69920271635 
154576.0 -118588.09798258543 
62290.0 -54718.89906913042 
146089.0 -112774.19808149338 
78054.0 -65455.29888647795 
82789.0 -67998.29884320498 
199659.0 -133329.59773170948 
102002.0 -81859.69860738516 
94243.0 -76648.39869606495 
69204.0 -59650.89898520708 
158917.0 -120354.49795252085 
105527.0 -85024.89855355024 
42820.0 -38900.09933823347 
40550.0 -36361.999381423 
27343.0 -19339.899671018124 
54426.0 -48707.99917137623 
60820.0 -52869.59910058975 
92651.0 -75824.89871007204 
183619.0 -131179.89776831865 
21035.0 -7210.599877357483 
27562.0 -20494.499651372433 
196940.0 -133301.59773218632 
80648.0 -66428.59886991978 
29703.0 -23400.39960193634 
148171.0 -113851.09806317091 
98555.0 -78170.79867017269 
21973.0 -9754.29983407259 
92636.0 -74317.19873571396 
85900.0 -70657.09879797697 
42603.0 -38761.499340593815 
53642.0 -47967.79918396473 
182026.0 -130862.09777373075 
102861.0 -82036.398604393 
21502.0 -7834.299866735935 
137854.0 -107100.29817801714 
98650.0 -79546.59864675999 
149906.0 -115634.59803283215 
195317.0 -133022.29773694277 
126122.0 -98449.09832519293 
33135.0 -27343.299534857273 
81642.0 -67109.69885832071 
175666.0 -128857.69780784845 
48861.0 -44962.49923509359 
124306.0 -97231.89834588766 
148273.0 -114587.79805064201 
90853.0 -73780.69874483347 
135489.0 -104920.59821510315 
131359.0 -101683.998270154 
89104.0 -72142.39877271652 
96001.0 -78089.99867153168 
46335.0 -41969.79928600788 
61189.0 -54311.19907605648 
89343.0 -73671.09874671698 
84067.0 -69112.59882426262 
74432.0 -62565.89893561602 
160115.0 -121353.6979355216 
130821.0 -101126.09827965498 
85113.0 -69228.79882228374 
78905.0 -65681.39888262749 
145860.0 -111718.9980994463 
110116.0 -88238.39849889278 
76099.0 -63938.49891227484 
152095.0 -116677.1980150938 
114085.0 -89786.69847255945 
76099.0 -63938.49891227484 
95217.0 -77623.79867947102 
72205.0 -61437.89895480871 
193207.0 -132774.49774116278 
151237.0 -115690.59803187847 
110088.0 -87510.09851127863 
47190.0 -43418.3992613554 
87691.0 -70718.69879692793 
152095.0 -116677.1980150938 
125824.0 -97601.09833961725 
137209.0 -105850.798199296 
57302.0 -50987.799132585526 
88136.0 -71614.99878168106 
73046.0 -62315.29893988371 
69204.0 -59650.89898520708 
174759.0 -128497.59781396389 
123497.0 -96210.29836326838 
45180.0 -41944.599286437035 
57789.0 -50996.199132442474 
201819.0 -133542.39772808552 
48683.0 -44582.39924156666 
59073.0 -51991.899115502834 
47882.0 -43428.899261176586 
136600.0 -105494.19820535183 
167106.0 -124939.29787451029 
38388.0 -33785.79942524433 
59404.0 -52075.89911407232 
167341.0 -124956.09787422419 
122266.0 -95418.9983767271 
140340.0 -107293.0981747508 
154674.0 -118694.49798077345 
139802.0 -107217.49817603827 
159221.0 -120880.89794355631 
