27056.0 -6725.899885594845 
201956.0 -133566.1977276802 
201956.0 -133566.1977276802 
27056.0 -6725.899885594845 
33336.0 -21891.2996276021 
154674.0 -117368.79800331593 
32040.0 -19359.899670660496 
151754.0 -116233.79802262783 
155855.0 -118717.59798038006 
157869.0 -120203.99795508385 
62719.0 -55160.599061608315 
41827.0 -34260.69941717386 
35018.0 -23617.399598240852 
77509.0 -64646.4989002347 
132103.0 -102017.19826447964 
122760.0 -94770.79838776588 
116289.0 -91351.4984459281 
43229.0 -36118.39938557148 
105708.0 -84631.19856023788 
184673.0 -131546.6977620721 
113771.0 -90289.9984639883 
54385.0 -48521.09917455912 
129284.0 -99771.29830271006 
181695.0 -130915.29777282476 
130481.0 -100250.4982945323 
53174.0 -46490.49920910597 
124596.0 -95978.5983672142 
135676.0 -104937.39821481705 
108205.0 -86320.19853150845 
103644.0 -83068.49858683348 
169470.0 -125929.39785766602 
41270.0 -32600.399445414543 
193993.0 -133079.69773596525 
65030.0 -56534.29903823137 
36363.0 -24632.699580967426 
58374.0 -51499.09912389517 
29168.0 -11820.59979891777 
71870.0 -61314.698956906796 
98599.0 -80041.49863833189 
39925.0 -31585.09946268797 
117497.0 -92275.79843020439 
161371.0 -122163.19792175293 
44500.0 -36999.99937057495 
38687.0 -28750.599510908127 
76140.0 -62529.498936235905 
81021.0 -65901.19887888432 
79641.0 -64901.99889588356 
139858.0 -108556.89815324545 
37952.0 -27254.09953635931 
47884.0 -40936.99930357933 
36914.0 -26239.499553620815 
39620.0 -29875.399491786957 
150440.0 -115273.39803898335 
86527.0 -71299.99878704548 
124667.0 -97608.79833948612 
29403.0 -13571.49976915121 
165461.0 -123510.99789881706 
199696.0 -133418.49773019552 
133999.0 -103896.89823251963 
45934.0 -38022.299353182316 
73407.0 -62353.79893922806 
174295.0 -127600.19782924652 
171730.0 -126304.5978512764 
97263.0 -78971.59865653515 
145660.0 -112580.99808478355 
167622.0 -125215.39786982536 
30430.0 -14581.899751961231 
120651.0 -94021.49840050936 
30570.0 -16267.399723291397 
70581.0 -60420.4989721179 
106948.0 -85328.69854837656 
126837.0 -98460.99832499027 
175164.0 -129003.2978053689 
191730.0 -132866.19773960114 
189818.0 -132690.4977425933 
61453.0 -54075.29908007383 
59945.0 -53048.799097537994 
28236.0 -10433.59982252121 
137770.0 -105353.8982077241 
90163.0 -74079.19873976707 
52782.0 -45451.399226784706 
166994.0 -124174.19788753986 
111933.0 -88890.39848780632 
138571.0 -107587.09816974401 
133101.0 -103171.69824486971 
85004.0 -70191.59880590439 
51478.0 -44425.599244236946 
82951.0 -68915.8988276124 
143015.0 -110605.69811838865 
27967.0 -7717.39986872673 
50876.0 -43587.39925849438 
89024.0 -73193.39875483513 
148841.0 -114617.19805014133 
172527.0 -127311.49783414602 
109576.0 -87606.29850965738 
91368.0 -74849.49872666597 
187366.0 -132619.7977437973 
55649.0 -49223.499162614346 
187203.0 -131550.59776198864 
110214.0 -87954.89850372076 
147072.0 -113585.09806770086 
56285.0 -50173.699146449566 
101498.0 -81977.59860539436 
180227.0 -130377.69778198004 
28129.0 -9172.599843978882 
81740.0 -67185.59885704517 
49686.0 -41862.999287843704 
66484.0 -58021.69901293516 
57004.0 -51191.799129128456 
138468.0 -106301.298191607 
46557.0 -39125.099334418774 
47564.0 -39619.59932601452 
67698.0 -58445.89900571108 
119407.0 -92973.99841833115 
84319.0 -69646.99881517887 
112825.0 -89328.2984803319 
141674.0 -109135.09814339876 
178818.0 -130083.69778698683 
99790.0 -81105.798620224 
92606.0 -75352.79871809483 
103359.0 -82227.49860113859 
94095.0 -75547.69871479273 
82128.0 -67995.79884326458 
69690.0 -59379.2989898324 
196883.0 -133183.99773418903 
49742.0 -42471.999277472496 
159422.0 -121186.3979383707 
65632.0 -57079.89902895689 
142025.0 -109710.0981336236 
126401.0 -98368.59832656384 
31876.0 -17529.799701809883 
96206.0 -78213.1986694336 
159676.0 -121441.49793404341 
68655.0 -59221.09899252653 
144657.0 -111026.39811122417 
176920.0 -129173.39780247211 
148267.0 -113679.59806609154 
177098.0 -129930.39778959751 
145211.0 -111380.8981052041 
197392.0 -133209.19773375988 
87804.0 -71872.89877730608 
163056.0 -122869.79790973663 
31673.0 -17205.699707329273 
87987.0 -72458.09876734018 
75374.0 -62388.09893864393 
94283.0 -76759.69869416952 
60624.0 -53272.7990937233 
100609.0 -81291.99861705303 
163688.0 -122897.09790927172 
96136.0 -77372.49868375063 
