202205.0 -133517.89772850275 
11087.0 -6916.599882364273 
11087.0 -6916.599882364273 
202205.0 -133517.89772850275 
36842.0 -35334.79939889908 
38840.0 -37089.99936902523 
58146.0 -52133.59911310673 
25176.0 -25311.699569404125 
15283.0 -11927.99979710579 
60666.0 -53991.999081492424 
12440.0 -8168.499861061573 
182101.0 -131374.49776500463 
139151.0 -108424.5981554985 
30897.0 -31136.499470293522 
15787.0 -13698.59976696968 
179355.0 -130552.6977789998 
17091.0 -15154.099742233753 
108156.0 -86705.79852497578 
45500.0 -42579.79927563667 
191468.0 -132780.0977410674 
83179.0 -68523.5988342762 
20249.0 -18700.099681913853 
40152.0 -38318.09934812784 
20830.0 -20453.899652063847 
66103.0 -57055.39902937412 
32510.0 -32454.499447882175 
77382.0 -64022.09891086817 
34801.0 -33999.699421584606 
107079.0 -85663.8985427022 
22689.0 -23928.19959294796 
84816.0 -70214.698805511 
47348.0 -43443.19926095009 
164200.0 -122936.99790859222 
189260.0 -132171.7977514267 
78685.0 -66161.89887446165 
165412.0 -124544.49788123369 
94929.0 -77915.69867449999 
99907.0 -80783.09862571955 
135553.0 -105565.5982041359 
110322.0 -87818.09850603342 
120623.0 -94224.49839705229 
92315.0 -75924.29870837927 
28944.0 -30372.799483299255 
117132.0 -92352.49842888117 
68595.0 -59111.898994386196 
105199.0 -84606.59856069088 
128017.0 -98661.19832158089 
198333.0 -133367.39773106575 
93683.0 -76831.79869294167 
75155.0 -62790.19893181324 
67162.0 -57979.69901365042 
63741.0 -56159.79904460907 
17654.0 -16808.09971410036 
173896.0 -127201.59783601761 
21611.0 -21884.29962772131 
137090.0 -106312.79819142818 
122017.0 -95758.79837095737 
48456.0 -44622.999240875244 
185015.0 -131463.39776349068 
18692.0 -17780.69969755411 
142664.0 -110684.79811704159 
167084.0 -125001.59787344933 
52408.0 -47253.099196136 
101929.0 -81323.49861651659 
115645.0 -91440.69844442606 
186832.0 -131872.19775652885 
134611.0 -103821.99823379517 
50784.0 -46251.099213182926 
88199.0 -72178.79877209663 
194294.0 -132987.9977375269 
174743.0 -128345.69781655073 
143932.0 -111629.39810097218 
89030.0 -73446.09875053167 
176022.0 -129288.89780050516 
177002.0 -130337.79778265953 
141295.0 -109765.39813268185 
171220.0 -126995.79783952236 
146827.0 -113102.49807590246 
145618.0 -112222.29809087515 
70284.0 -59765.69898325205 
153976.0 -117483.19800138474 
112564.0 -89210.99848234653 
44514.0 -41109.4993006587 
71021.0 -60886.298964202404 
56264.0 -50310.199144124985 
125981.0 -98374.19832646847 
169046.0 -125745.29786080122 
102300.0 -82766.09859198332 
148095.0 -113981.9980609417 
158680.0 -120808.397944808 
25430.0 -26992.999540805817 
50079.0 -45282.69922965765 
96532.0 -78916.99865746498 
54885.0 -49334.09916073084 
152264.0 -116912.39801108837 
28865.0 -28606.799513339996 
13309.0 -10490.999821543694 
56937.0 -51286.99912750721 
34251.0 -32992.79943871498 
196284.0 -133088.0977358222 
81050.0 -67417.29885309935 
98025.0 -79942.09864002466 
161959.0 -122848.79791009426 
91107.0 -74634.5987303257 
61765.0 -54543.199072122574 
41890.0 -39157.69933384657 
86817.0 -71407.3987852335 
157168.0 -119190.09797233343 
63584.0 -55022.69906395674 
73215.0 -62005.19894516468 
13032.0 -10292.899824917316 
111049.0 -88715.39849078655 
151459.0 -116005.59802651405 
149586.0 -114504.4980520606 
79466.0 -66620.39886665344 
159822.0 -121803.39792788029 
140767.0 -108495.29815429449 
22462.0 -23056.399607777596 
150137.0 -115474.99803555012 
132053.0 -101822.89826780558 
43883.0 -40309.099314272404 
118811.0 -93197.59841454029 
201436.0 -133419.1977301836 
77299.0 -63012.39892804623 
169389.0 -126745.89784377813 
122985.0 -96309.99836158752 
114255.0 -89937.19846999645 
157661.0 -120045.79795777798 
128964.0 -100177.29829579592 
72718.0 -61489.298953950405 
125256.0 -97203.49834638834 
26561.0 -27571.19953095913 
90363.0 -74235.29873710871 
26917.0 -28574.59951388836 
132737.0 -102788.49825137854 
86561.0 -70326.69880360365 
82412.0 -67682.89884859324 
43262.0 -39211.59933292866 
53118.0 -48287.29917854071 
161378.0 -121815.29792767763 
131504.0 -100870.59828400612 
115210.0 -90103.09846717119 
124444.0 -96822.69835287333 
130603.0 -100350.19829285145 
134145.0 -102984.49824804068 
119951.0 -93209.49841433764 
103835.0 -83304.69858282804 
54519.0 -48315.99917805195 
104096.0 -83793.99857449532 
156519.0 -117870.99799478054 
