197733.0 -132374.09774798155 
80238.0 -49273.7991617918 
192772.0 -131448.69776374102 
123337.0 -94119.09839886427 
187259.0 -130986.69777160883 
119430.0 -91524.69844299555 
125748.0 -95873.19836902618 
170966.0 -125670.39786207676 
168590.0 -124566.19788086414 
158594.0 -118594.39798247814 
105969.0 -81382.59861552715 
156800.0 -116972.19801008701 
104428.0 -80168.1986361742 
107411.0 -82430.39859771729 
92062.0 -68554.6988337636 
109547.0 -82991.19858813286 
172816.0 -126567.39784681797 
93500.0 -69710.69881409407 
147787.0 -111661.19810044765 
82007.0 -54366.39907515049 
80836.0 -52911.49909991026 
89628.0 -65066.79889309406 
143525.0 -108462.79815483093 
87440.0 -62878.298930346966 
88739.0 -63814.198914408684 
95437.0 -71916.19877660275 
167501.0 -123630.69789677858 
86990.0 -61304.79895710945 
112384.0 -86576.29852718115 
111384.0 -85248.09854978323 
149326.0 -112543.4980854392 
96122.0 -73343.79875230789 
140798.0 -106832.19818258286 
101867.0 -77277.69868534803 
93760.0 -71326.49878662825 
137573.0 -104295.49822574854 
142142.0 -107537.09817057848 
110385.0 -84355.2985649705 
115758.0 -88982.09848624468 
121948.0 -92946.99841880798 
179377.0 -128961.59780609608 
99442.0 -75646.6987131238 
160742.0 -120438.79795110226 
165754.0 -122896.09790927172 
160153.0 -119071.09797435999 
100544.0 -76644.19869613647 
196083.0 -131937.2977554202 
86108.0 -60148.798976778984 
151547.0 -114212.59805703163 
146658.0 -110481.3981205225 
139659.0 -105694.39820194244 
91496.0 -66999.39886021614 
90281.0 -66543.69886797667 
150741.0 -113187.19807446003 
82510.0 -55597.59905421734 
113465.0 -87432.69851261377 
118139.0 -90470.89846092463 
117257.0 -89873.49847108126 
114584.0 -88213.89849931002 
162381.0 -120911.59794306755 
85574.0 -58980.89899665117 
132440.0 -100465.99829089642 
133398.0 -101614.69827133417 
126917.0 -96740.09835428 
137061.0 -102630.29825407267 
98242.0 -73536.29874902964 
98274.0 -74821.79872715473 
163559.0 -121592.39793145657 
144728.0 -109506.79813706875 
181047.0 -129499.1977969408 
153349.0 -114660.89804941416 
84457.0 -58224.1990095377 
138717.0 -105032.89821320772 
164579.0 -122282.59791970253 
186590.0 -130563.89777880907 
194245.0 -131496.99776291847 
174669.0 -127040.59783875942 
182485.0 -129676.29779392481 
130413.0 -99295.29831081629 
103125.0 -78408.79866611958 
177624.0 -128458.69781464338 
103664.0 -78807.09865933657 
83627.0 -56415.19904029369 
80598.0 -51523.4991235137 
131589.0 -99807.69830209017 
134684.0 -101948.89826565981 
129260.0 -98646.09832185507 
175819.0 -127271.89783483744 
80574.0 -50486.49914115667 
156100.0 -116051.0980257392 
127530.0 -97670.698338449 
177359.0 -127661.0978282094 
84141.0 -57093.099028766155 
135744.0 -102539.29825562239 
146071.0 -109578.79813587666 
154331.0 -115147.09804111719 
128994.0 -97756.79833698273 
184357.0 -130190.09778517485 
154758.0 -115925.79802787304 
122353.0 -92979.19841825962 
