63138.0 -40271.1993149519 
198401.0 -132621.89774376154 
67638.0 -48890.89916831255 
67079.0 -45469.499226510525 
67767.0 -51930.19911658764 
78932.0 -62545.498935997486 
146101.0 -110875.89811378717 
93620.0 -75105.69872230291 
195825.0 -132164.09775155783 
77181.0 -61406.998955368996 
75613.0 -60388.19897270203 
147774.0 -112218.79809093475 
74544.0 -58841.698998987675 
128404.0 -98127.79833066463 
157572.0 -117684.49799793959 
113388.0 -88229.59849905968 
81536.0 -63578.29891842604 
130210.0 -99101.79831409454 
96022.0 -75819.59871017933 
144054.0 -109866.19813096523 
87602.0 -68942.09882718325 
105418.0 -82812.1985912323 
155623.0 -116739.898014009 
192409.0 -132040.19775366783 
111699.0 -87227.5985161066 
158604.0 -118947.59797644615 
74232.0 -57038.599029660225 
64594.0 -41581.49929267168 
169798.0 -124341.89788466692 
68320.0 -53630.399087667465 
127397.0 -96774.79835367203 
168235.0 -123355.99790143967 
134113.0 -102155.39826214314 
100356.0 -78508.1986644268 
96795.0 -77074.6986888051 
103652.0 -81983.79860532284 
66698.0 -43587.59925854206 
115195.0 -89046.79848515987 
99095.0 -77628.99867939949 
101617.0 -79815.29864221811 
123307.0 -93920.99840223789 
132871.0 -100919.59828317165 
180218.0 -129371.79779911041 
70849.0 -53811.699084579945 
125565.0 -96087.39836537838 
84320.0 -65359.698888123035 
179066.0 -128367.79781615734 
124447.0 -95050.79838299751 
73071.0 -55842.99905002117 
82164.0 -64517.99890244007 
85615.0 -68505.99883460999 
131748.0 -99995.29829889536 
177272.0 -127653.39782834053 
110084.0 -86438.79852950573 
102381.0 -80985.99862229824 
116432.0 -90041.09846824408 
89223.0 -70155.89880651236 
71518.0 -55200.399060964584 
92600.0 -73401.19875133038 
175318.0 -127316.6978340745 
119233.0 -91535.19844281673 
149751.0 -112695.09808284044 
137142.0 -104856.4982162118 
141010.0 -107273.49817508459 
171603.0 -125047.79787266254 
65310.0 -42787.19927215576 
139640.0 -106583.69818681479 
153416.0 -114823.69804662466 
138369.0 -105634.49820297956 
154350.0 -115826.79802954197 
107286.0 -83576.59857821465 
117361.0 -91118.39844989777 
109559.0 -85112.69855207205 
121485.0 -93261.5984134674 
164394.0 -121591.69793146849 
160559.0 -119649.99796450138 
173643.0 -126609.39784610271 
185356.0 -130409.89778143167 
162655.0 -120773.79794538021 
120609.0 -92419.59842777252 
186662.0 -131368.19776511192 
190829.0 -131518.69776254892 
90481.0 -72202.19877171516 
182224.0 -129979.39778876305 
108012.0 -84458.8985632062 
166522.0 -122634.59791374207 
188464.0 -131511.69776266813 
142154.0 -108331.09815710783 
172556.0 -125902.39785814285 
151995.0 -113998.7980606556 
135781.0 -103919.59823215008 
89234.0 -71377.2987857461 
135548.0 -103031.6982472539 
150549.0 -113831.4980635047 
143278.0 -108689.89815098047 
91642.0 -72925.99875938892 
85184.0 -66915.69886165857 
183700.0 -130095.59778678417 
161642.0 -120185.09795540571 
164908.0 -122569.49791485071 
