72761.0 -44559.49924200773 
199349.0 -132617.69774383307 
72761.0 -44559.49924200773 
110796.0 -85363.99854779243 
112779.0 -87388.29851335287 
146849.0 -110749.89811593294 
191947.0 -131879.89775639772 
73961.0 -47784.299187123775 
144554.0 -108818.69814878702 
194179.0 -132338.39774858952 
100478.0 -76123.7987049818 
188112.0 -131378.6977649331 
87237.0 -63512.798919558525 
95272.0 -72124.49877303839 
91318.0 -67759.49884730577 
92821.0 -68919.69882756472 
116080.0 -89271.89848130941 
117273.0 -90549.29845958948 
114659.0 -88164.89850014448 
98697.0 -74939.79872512817 
109201.0 -84224.79856717587 
129314.0 -98625.49832218885 
73121.0 -45400.49922770262 
90227.0 -66482.79886901379 
149495.0 -112670.59808325768 
101819.0 -77274.19868540764 
103507.0 -78050.39867222309 
184405.0 -130220.89778465033 
134600.0 -102540.79825556278 
197847.0 -132376.89774793386 
174123.0 -126518.39784765244 
121205.0 -93120.5984158516 
80344.0 -54225.29907757044 
104176.0 -79660.29864484072 
148136.0 -111577.59810185432 
186572.0 -131118.2977693677 
80804.0 -55969.999047875404 
162794.0 -120406.59795165062 
160612.0 -120145.89795607328 
168510.0 -123404.89790064096 
139002.0 -104946.89821463823 
172908.0 -125441.4978659749 
82824.0 -58087.799011826515 
86259.0 -61838.1989480257 
155064.0 -115694.79803180695 
166566.0 -123069.59790635109 
131062.0 -99527.39830684662 
138163.0 -103417.39824068546 
81600.0 -57087.49902886152 
104904.0 -80846.09862464666 
118963.0 -91456.0984441638 
127871.0 -97679.49833828211 
83334.0 -59479.99898815155 
158899.0 -119405.69796866179 
151300.0 -113411.49807065725 
75154.0 -48804.4991697669 
96465.0 -73373.59875178337 
153612.0 -114733.39804816246 
163888.0 -121590.59793150425 
136385.0 -103234.09824377298 
169461.0 -124762.89787751436 
165725.0 -121784.49792820215 
142419.0 -107484.59817147255 
141443.0 -106553.29818731546 
176774.0 -126614.29784601927 
139873.0 -105923.99819803238 
122495.0 -94265.3983963728 
178175.0 -128642.0978115201 
106265.0 -81725.89860969782 
156928.0 -117568.59799993038 
119827.0 -92277.19843018055 
78657.0 -53639.799087524414 
158340.0 -118246.897988379 
155593.0 -116929.89801079035 
85060.0 -60028.398978829384 
107776.0 -83375.39858162403 
97667.0 -73912.59874260426 
170554.0 -125336.49786776304 
180183.0 -128849.99780797958 
88637.0 -64564.89890164137 
89905.0 -64699.29889935255 
176920.0 -127877.39782452583 
126304.0 -97223.09834605455 
77263.0 -51819.89911848307 
125747.0 -96179.09836381674 
124489.0 -95516.59837508202 
133493.0 -101319.99827635288 
152405.0 -114117.09805864096 
93509.0 -71088.19879066944 
76669.0 -50594.99913930893 
182348.0 -130089.99778687954 
75473.0 -50186.89914625883 
143695.0 -108321.39815723896 
77687.0 -52858.99910080433 
181187.0 -129603.49779516459 
107304.0 -82413.99859797955 
93034.0 -70795.59879565239 
85969.0 -60809.59896552563 
124158.0 -94328.39839529991 
132127.0 -100207.0982952714 
