197576.0 -132390.19774770737 
70157.0 -40530.19931054115 
75563.0 -49663.999155163765 
135379.0 -102346.39825892448 
193834.0 -132203.29775089025 
137511.0 -104488.2982224822 
105809.0 -81234.89861804247 
191047.0 -131226.79776751995 
90420.0 -66277.69887250662 
76190.0 -51908.09911698103 
84704.0 -61321.89895683527 
72128.0 -43327.599262952805 
104505.0 -80350.49863308668 
72380.0 -45933.19921863079 
129010.0 -98014.0983325839 
79797.0 -55418.099057257175 
74784.0 -47511.29919177294 
80459.0 -57269.799025774 
108226.0 -82633.0985942483 
177829.0 -127983.79782271385 
95721.0 -71836.79877793789 
79157.0 -53848.39908397198 
160855.0 -119542.49796634912 
77537.0 -52915.699099838734 
109946.0 -84502.69856244326 
101121.0 -76601.49869686365 
185208.0 -130206.89778488874 
89006.0 -65665.19888293743 
183037.0 -129668.59779405594 
70677.0 -42545.39927625656 
94504.0 -70691.99879741669 
152702.0 -114781.69804733992 
150982.0 -113942.79806160927 
145777.0 -110583.9981187582 
103146.0 -78673.39866161346 
112479.0 -86403.79853010178 
83842.0 -59521.59898746014 
173108.0 -126615.69784599543 
96883.0 -73111.09875625372 
147084.0 -111679.79810011387 
85681.0 -62846.79893088341 
119794.0 -92248.79843068123 
171442.0 -125863.59785878658 
153824.0 -115827.79802954197 
142260.0 -107794.29816621542 
155218.0 -116764.69801360369 
164531.0 -122463.79791665077 
121980.0 -93954.99840164185 
116030.0 -89424.49847871065 
92201.0 -68049.99884235859 
111981.0 -85114.0985520482 
118014.0 -91437.19844448566 
99686.0 -75890.69870895147 
123498.0 -95060.59838283062 
168632.0 -124316.997885108 
113807.0 -87683.29850834608 
87618.0 -64306.89890605211 
93544.0 -69469.89881819487 
144671.0 -109503.59813714027 
180091.0 -128885.69780737162 
170435.0 -124741.89787787199 
124203.0 -96028.9983663559 
102337.0 -78023.09867268801 
158381.0 -119311.49797028303 
141021.0 -106636.19818592072 
162517.0 -120458.39795076847 
163802.0 -120875.29794365168 
143472.0 -108663.99815142155 
117577.0 -90126.49846678972 
132861.0 -101020.09828144312 
126494.0 -97319.69834440947 
114357.0 -88690.1984912157 
188946.0 -130838.99777412415 
187233.0 -130640.89777749777 
156736.0 -117518.19800078869 
72888.0 -47248.09919625521 
120834.0 -93210.8984143138 
149749.0 -112977.49807804823 
138686.0 -105200.8982103467 
81673.0 -58405.499006450176 
148446.0 -112506.0980860591 
130681.0 -98712.99832069874 
166752.0 -123748.59789478779 
133617.0 -101957.69826549292 
140435.0 -105615.29820328951 
109218.0 -83054.79858708382 
175124.0 -127078.69783812761 
98024.0 -75115.49872213602 
157117.0 -118711.29798048735 
126006.0 -96785.9983534813 
180694.0 -129490.79779708385 
166245.0 -122893.19790935516 
197017.0 -132220.79775059223 
87367.0 -63220.19892454147 
175775.0 -127756.29782658815 
97911.0 -74111.39873921871 
82928.0 -58723.99900102615 
131801.0 -99834.69830161333 
70338.0 -40647.79930853844 
92904.0 -68238.29883915186 
