201886.0 -132436.3977469206 
84282.0 -52751.59910261631 
84294.0 -56581.09903746843 
85502.0 -59265.798991799355 
99642.0 -74919.7987254858 
101741.0 -76433.49869972467 
90594.0 -66086.99887573719 
89517.0 -63613.99891781807 
109037.0 -82309.2985997796 
152179.0 -115429.49803632498 
107224.0 -81160.69861930609 
113556.0 -86217.59853327274 
129208.0 -99078.69831448793 
130789.0 -100317.99829339981 
144943.0 -109587.29813569784 
165528.0 -123380.09790104628 
194275.0 -131979.29775470495 
98915.0 -73565.69874852896 
167041.0 -124335.89788478613 
153963.0 -116293.99802160263 
111731.0 -85556.39854454994 
115100.0 -87268.49851542711 
123043.0 -94933.49838501215 
198552.0 -132305.4977491498 
98155.0 -72243.09877103567 
142807.0 -109184.0981425643 
169009.0 -124695.99787867069 
86935.0 -60253.098975002766 
103421.0 -77092.89868849516 
124708.0 -95822.79836988449 
146580.0 -111871.59809684753 
180230.0 -129517.09779661894 
110871.0 -84394.198564291 
145550.0 -111211.89810806513 
125714.0 -96581.5983569622 
120956.0 -93054.09841698408 
161908.0 -121052.6979406476 
110113.0 -83257.09858363867 
121939.0 -94065.89839977026 
188387.0 -131336.69776564837 
197184.0 -132001.69775432348 
185864.0 -130051.49778753519 
127031.0 -97616.09833937883 
140185.0 -107883.19816470146 
116023.0 -88184.09849983454 
172093.0 -126469.3978484869 
136236.0 -103670.79823637009 
134576.0 -103025.39824736118 
139171.0 -106827.99818265438 
178812.0 -129055.79780447483 
141663.0 -108324.19815719128 
148528.0 -112631.7980839014 
116339.0 -89609.89847558737 
95622.0 -69799.89881259203 
87501.0 -61378.99895584583 
133294.0 -102554.29825538397 
94766.0 -68785.99882984161 
157203.0 -118541.59798336029 
187194.0 -130712.29777628183 
154707.0 -117379.99800312519 
128438.0 -97928.2983340621 
158838.0 -118991.99797570705 
173442.0 -127025.4978390336 
162841.0 -122323.49791902304 
151552.0 -113890.99806249142 
164007.0 -122508.29791587591 
174732.0 -127586.49782949686 
155521.0 -118232.89798861742 
190492.0 -131745.49775868654 
93740.0 -68066.09884208441 
177127.0 -128537.79781329632 
191858.0 -131820.397757411 
160455.0 -120591.79794847965 
119788.0 -92170.6984320283 
96946.0 -71294.99878716469 
91557.0 -66907.69886177778 
159542.0 -119867.9979608059 
182640.0 -129888.39779031277 
92727.0 -67343.09885436296 
138523.0 -105918.39819812775 
105515.0 -77336.7986843586 
117738.0 -90063.4984678626 
176166.0 -128044.99782168865 
106731.0 -79848.59864163399 
136585.0 -104793.89821726084 
87858.0 -62656.79893410206 
105603.0 -78222.59866929054 
137625.0 -105247.09820955992 
148747.0 -113479.79806947708 
96592.0 -70580.69879931211 
105835.0 -79575.99864625931 
183489.0 -129998.99778842926 
150315.0 -113815.09806376696 
132848.0 -101171.89827889204 
132573.0 -100780.69828552008 
170400.0 -125530.69786447287 
119289.0 -91460.99844408035 
170498.0 -125888.09785836935 
88835.0 -62941.69892925024 
118896.0 -90455.39846122265 
