75030.0 -38954.89933735132 
75030.0 -38954.89933735132 
195346.0 -132501.49774581194 
195346.0 -132501.49774581194 
77972.0 -51245.59912824631 
77210.0 -46486.899209201336 
91732.0 -68313.19883787632 
93785.0 -70563.19879961014 
79975.0 -52398.09910863638 
90894.0 -66350.19887125492 
110292.0 -83570.99857831001 
81865.0 -54881.89906638861 
159699.0 -118869.49797779322 
143641.0 -108222.99815893173 
117090.0 -90994.49845200777 
83035.0 -56508.59903872013 
84990.0 -59297.69899123907 
129080.0 -98587.69832283258 
161207.0 -120212.3979549408 
83465.0 -58011.4990131259 
166811.0 -123768.89789444208 
145444.0 -109076.59814441204 
101645.0 -76972.39869058132 
141967.0 -107397.09817296267 
125638.0 -95472.09837585688 
150757.0 -114061.79805958271 
121724.0 -92828.3984208107 
114343.0 -87564.99851036072 
86087.0 -60343.098973453045 
134138.0 -102439.19825732708 
165186.0 -122675.19791305065 
104366.0 -78763.2986600995 
95169.0 -71713.59878003597 
108765.0 -82480.0985968709 
171134.0 -126136.19785416126 
89794.0 -65195.198890924454 
80880.0 -53749.69908565283 
88942.0 -63905.19891285896 
162335.0 -121169.5979386568 
140440.0 -106513.39818799496 
152301.0 -115077.79804229736 
104815.0 -80673.49862760305 
103333.0 -77848.09867566824 
168520.0 -124388.69788390398 
136092.0 -103171.69824486971 
87149.0 -61644.99895131588 
169689.0 -125413.09786647558 
127523.0 -97532.4983407855 
182477.0 -129699.39779353142 
164544.0 -121548.5979322195 
99775.0 -76408.59870016575 
176021.0 -127706.89782744646 
115564.0 -88533.398493886 
111107.0 -85220.49855023623 
75314.0 -41186.699299395084 
178132.0 -127799.2978258729 
133204.0 -101417.5982747078 
146544.0 -110221.39812493324 
149974.0 -112722.39808237553 
87722.0 -62868.89893049002 
116153.0 -89864.39847123623 
184935.0 -131015.39777112007 
188400.0 -131636.2977605462 
122962.0 -93987.19840109348 
123715.0 -94848.79838645458 
127190.0 -96326.79836130142 
98008.0 -74571.8987314105 
149106.0 -111681.19810009003 
118977.0 -92044.49843412638 
147688.0 -110999.09811168909 
112906.0 -86524.4985280633 
139238.0 -105594.6982036233 
75831.0 -42025.29928511381 
158146.0 -118206.29798907042 
173493.0 -126425.29784923792 
154713.0 -116289.09802168608 
76916.0 -44290.39924657345 
180889.0 -128953.8978062272 
96737.0 -73574.0987483859 
187061.0 -131480.19776320457 
179300.0 -128839.09780818224 
137236.0 -103904.29823237658 
191262.0 -131798.69775778055 
173914.0 -127371.99783313274 
138172.0 -104843.99821639061 
107631.0 -81667.79861068726 
184239.0 -130072.49778717756 
98838.0 -75441.59871661663 
106307.0 -81162.09861928225 
76905.0 -43372.699262201786 
132326.0 -100179.69829577208 
153951.0 -115488.29803532362 
95935.0 -72867.79876041412 
156851.0 -116597.39801645279 
193875.0 -132374.09774798155 
130864.0 -99297.79831075668 
119730.0 -92412.29842787981 
112497.0 -85558.19854450226 
157363.0 -117270.79800498486 
192251.0 -131914.1977558136 
