198948.0 -131843.4977570176 
78039.0 -46197.79921412468 
78089.0 -47998.79918348789 
79133.0 -50358.3991433382 
96381.0 -71817.99877822399 
183489.0 -130526.0977794528 
123960.0 -95024.19838345051 
126018.0 -95974.39836728573 
80681.0 -53507.89908975363 
95036.0 -70339.89880341291 
80163.0 -51405.199125528336 
97337.0 -73536.99874901772 
193862.0 -131369.59776508808 
141809.0 -107354.69817370176 
179450.0 -129438.29779797792 
196754.0 -131519.397762537 
103479.0 -78360.1986669302 
181599.0 -130232.79778444767 
110962.0 -85208.19855046272 
122365.0 -93950.09840172529 
150906.0 -113632.39806687832 
159549.0 -118794.59797906876 
175925.0 -128325.69781690836 
106529.0 -81280.69861727953 
109699.0 -84086.89856952429 
82406.0 -55802.69905072451 
85860.0 -60868.69896453619 
136065.0 -103403.09824091196 
101047.0 -76391.09870046377 
143545.0 -108354.29815667868 
169173.0 -124961.99787414074 
121374.0 -92969.0984184146 
115581.0 -88828.09848886728 
101965.0 -77630.09867936373 
130269.0 -98564.99832320213 
99983.0 -75298.49871903658 
98455.0 -74586.59873116016 
163707.0 -120893.09794336557 
157850.0 -117756.89799672365 
149551.0 -112726.29808229208 
177198.0 -129256.99780106544 
147805.0 -112216.69809097052 
128345.0 -97701.19833791256 
91313.0 -68229.49883931875 
146546.0 -111251.79810738564 
167672.0 -123796.89789396524 
145414.0 -110333.09812301397 
82133.0 -54335.59907567501 
82686.0 -57713.29901820421 
139296.0 -105708.39820170403 
187591.0 -130646.4977774024 
134624.0 -102333.19825911522 
114844.0 -87635.6985091567 
88106.0 -64026.198910832405 
112468.0 -86034.49853640795 
140396.0 -106471.69818872213 
162086.0 -119993.29795867205 
117137.0 -89710.39847385883 
171703.0 -126458.19784867764 
152905.0 -114236.0980566144 
127264.0 -97109.39834797382 
119911.0 -91970.59843540192 
144283.0 -109335.29813998938 
170242.0 -125704.29786151648 
113597.0 -86784.59852361679 
107411.0 -82654.09859389067 
104274.0 -80042.19863831997 
174314.0 -127459.79783165455 
88537.0 -65513.99888551235 
90884.0 -66799.49886363745 
133478.0 -101770.09826868773 
86368.0 -62609.4989349246 
108280.0 -83318.69858258963 
160849.0 -119507.49796694517 
89221.0 -66479.59886908531 
137963.0 -104717.59821856022 
118056.0 -90482.09846073389 
93470.0 -69574.79881644249 
164491.0 -121908.39792609215 
132375.0 -100831.79828464985 
92352.0 -69337.19882047176 
172958.0 -127167.1978366375 
105407.0 -80269.59863448143 
166410.0 -123358.39790141582 
191259.0 -131225.3977675438 
164891.0 -122936.99790859222 
119366.0 -91053.59845101833 
83538.0 -58499.69900482893 
190379.0 -131014.69777113199 
154777.0 -116086.79802513123 
137530.0 -104012.39823055267 
87119.0 -63070.39892709255 
84997.0 -59835.19898211956 
130898.0 -99557.1983063221 
155830.0 -116926.39801084995 
84310.0 -59345.89899045229 
188054.0 -130765.49777537584 
131975.0 -99957.89829951525 
156685.0 -117210.59800601006 
153401.0 -115249.29803937674 
