198368.0 -132599.497744143 
71536.0 -43899.899253189564 
77305.0 -51709.99912035465 
77888.0 -58192.39901006222 
112278.0 -86648.3985259533 
114636.0 -87891.89850479364 
85814.0 -64775.19889807701 
145239.0 -110832.89811450243 
103896.0 -79958.79863977432 
103063.0 -78472.39866507053 
100997.0 -77804.29867643118 
155135.0 -117183.69800645113 
117970.0 -90772.19845581055 
195334.0 -132246.69775015116 
119504.0 -91688.0984402299 
84285.0 -63771.79891514778 
95804.0 -73101.59875643253 
143557.0 -109774.89813250303 
138812.0 -105773.09820061922 
193023.0 -131907.1977559328 
178507.0 -129088.29780393839 
110613.0 -85607.89854365587 
157004.0 -118120.59799051285 
140750.0 -106325.39819121361 
87526.0 -65777.19888103008 
134914.0 -103399.1982409954 
127556.0 -96286.19836199284 
168172.0 -123974.39789092541 
134094.0 -102102.19826304913 
142145.0 -107295.49817472696 
92738.0 -70116.29880720377 
125311.0 -95920.09836822748 
71693.0 -45857.69921988249 
171451.0 -125329.19786787033 
169514.0 -124706.19787847996 
97144.0 -74004.89874106646 
164028.0 -121693.19792973995 
128357.0 -97629.39833915234 
176717.0 -128460.79781460762 
80206.0 -60127.398977160454 
79117.0 -58470.99900531769 
153919.0 -116158.59802389145 
162244.0 -120995.69794160128 
105132.0 -81216.29861837626 
186929.0 -131459.1977635622 
107609.0 -82831.4985908866 
150441.0 -113673.69806617498 
166194.0 -123218.09790378809 
116941.0 -89400.59847915173 
120666.0 -92900.09841960669 
180283.0 -129873.6977905631 
73995.0 -47575.39919066429 
142929.0 -108509.29815405607 
89870.0 -67524.2988513112 
94723.0 -71716.39877998829 
175639.0 -127497.99783098698 
83012.0 -62731.99893283844 
174365.0 -126664.69784516096 
130576.0 -99453.89830809832 
82710.0 -61452.09895461798 
88621.0 -66657.3988660574 
129750.0 -98360.19832670689 
132924.0 -101075.69828051329 
173336.0 -125691.69786173105 
148890.0 -112934.89807873964 
107025.0 -81307.99861681461 
72977.0 -46555.199208021164 
98376.0 -74937.5987251997 
182054.0 -130085.09778696299 
76918.0 -50431.899142086506 
109619.0 -84607.99856066704 
132032.0 -100168.19829595089 
151643.0 -114536.69805151224 
153028.0 -115117.39804160595 
124144.0 -94999.99838387966 
99708.0 -76663.39869582653 
108706.0 -83659.89857679605 
75953.0 -49361.299160301685 
74083.0 -49248.99916219711 
160724.0 -120465.4979506135 
137242.0 -104845.29821640253 
147373.0 -111339.9981058836 
115569.0 -88966.69848650694 
81412.0 -60454.29897159338 
122482.0 -94690.59838914871 
136477.0 -104280.0982260108 
121673.0 -93652.89840680361 
165317.0 -122473.69791644812 
190367.0 -131811.29775756598 
93895.0 -70976.19879257679 
184483.0 -130239.09778434038 
185186.0 -130855.79777383804 
91311.0 -69091.19882464409 
189091.0 -131655.89776021242 
99615.0 -75580.89871424437 
147796.0 -112169.4980917573 
158829.0 -118458.69798475504 
91047.0 -68424.49883598089 
198234.0 -132279.59774959087 
159630.0 -119675.19796407223 
