74880.0 -52812.09910160303 
198216.0 -132669.49774295092 
175435.0 -127716.39782726765 
97705.0 -75835.69870990515 
184609.0 -130243.29778426886 
76756.0 -53946.39908230305 
172002.0 -126690.59784471989 
135116.0 -104038.99823009968 
181176.0 -130180.99778532982 
80113.0 -57403.499023497105 
97133.0 -74096.69873946905 
131037.0 -100368.79829251766 
123665.0 -94959.09838455915 
88898.0 -67078.798858881 
162810.0 -121992.39792466164 
116016.0 -89798.89847236872 
112838.0 -86840.89852267504 
78374.0 -54946.29906529188 
99902.0 -76903.49869173765 
110551.0 -86218.29853326082 
138099.0 -105257.5982093811 
187232.0 -130705.29777640104 
122264.0 -94030.99840033054 
120802.0 -93141.59841549397 
134580.0 -101891.09826666117 
155224.0 -116478.39801847935 
79691.0 -55843.99905002117 
148339.0 -113248.09807342291 
166100.0 -123226.09790366888 
147530.0 -112210.3980910778 
177544.0 -128208.09781891108 
92260.0 -69918.89881056547 
108864.0 -83974.59857141972 
191896.0 -131723.7977590561 
139882.0 -106531.19818770885 
90837.0 -69142.29882377386 
164660.0 -122572.29791480303 
143970.0 -109806.69813197851 
107681.0 -82929.19858920574 
83976.0 -61200.79895889759 
167682.0 -124185.39788734913 
109737.0 -85071.39855277538 
114356.0 -88990.09848612547 
89799.0 -68127.69884103537 
125649.0 -95707.6983718276 
80665.0 -59152.698993742466 
195985.0 -132074.4977530837 
130098.0 -99544.59830653667 
153144.0 -115930.6980277896 
142950.0 -108665.79815137386 
86385.0 -63911.09891277552 
102949.0 -79248.3986518383 
145847.0 -111314.09810632467 
136825.0 -104737.89821821451 
141435.0 -108253.49815839529 
113274.0 -88254.09849864244 
156214.0 -117550.79800021648 
101639.0 -78475.99866497517 
83470.0 -60201.598975896835 
194215.0 -131977.8977547288 
88035.0 -65409.39888727665 
161433.0 -120804.89794486761 
85124.0 -62475.7989372015 
93152.0 -71126.29879003763 
128225.0 -98939.09831684828 
149774.0 -114334.09805494547 
152014.0 -115315.09803825617 
96360.0 -72834.59876096249 
82028.0 -59456.19898855686 
170324.0 -125230.7978695631 
168897.0 -124755.49787765741 
104059.0 -80083.09863764048 
140379.0 -107193.39817643166 
145404.0 -110432.09812134504 
157816.0 -117834.59799540043 
100171.0 -78031.49867254496 
180091.0 -129209.09780186415 
134017.0 -100877.19828391075 
93462.0 -72057.99877417088 
106946.0 -81865.19860732555 
94991.0 -72611.99876475334 
179278.0 -128714.89781028032 
127841.0 -98089.69833129644 
87433.0 -65065.698893129826 
171845.0 -125678.79786193371 
158405.0 -118850.59797811508 
126159.0 -97644.19833886623 
104699.0 -80865.29862433672 
119665.0 -92067.49843376875 
106371.0 -81113.79862010479 
117581.0 -90716.8984567523 
189808.0 -131403.89776450396 
150832.0 -114541.29805141687 
189085.0 -131103.59776961803 
126005.0 -96748.59835410118 
86079.0 -62760.69893234968 
159915.0 -119007.3979754448 
118873.0 -91919.49843627214 
118326.0 -90744.19845628738 
160820.0 -119522.19796669483 
