199495.0 -132722.69774204493 
72022.0 -37021.299370229244 
75694.0 -43517.599259734154 
76517.0 -48305.699178278446 
90049.0 -67818.9988462925 
112654.0 -86781.0985236764 
124657.0 -95792.79837036133 
81859.0 -58119.599011301994 
122005.0 -94564.69839125872 
79827.0 -52118.49911338091 
128580.0 -98812.79831898212 
72732.0 -39031.5993360281 
88837.0 -65330.99888861179 
130367.0 -99704.1983038187 
78178.0 -51347.39912652969 
104962.0 -81113.09862011671 
147195.0 -111036.89811104536 
97080.0 -73749.09874540567 
91518.0 -68889.59882807732 
81244.0 -55060.39906334877 
111139.0 -85457.09854620695 
132289.0 -100782.4982854724 
145329.0 -110119.99812662601 
77250.0 -49542.99915719032 
148777.0 -112010.89809447527 
188440.0 -131206.49776786566 
75066.0 -41437.69929510355 
114281.0 -88407.79849600792 
96019.0 -72651.89876407385 
156850.0 -116979.99800992012 
74233.0 -40413.29931253195 
85769.0 -60884.09896427393 
100898.0 -76637.4986962676 
167448.0 -124120.99788844585 
183950.0 -130707.39777636528 
80205.0 -54940.69906538725 
182494.0 -129745.29779273272 
163330.0 -121742.89792889357 
84926.0 -59514.298987567425 
158286.0 -117871.69799476862 
127021.0 -97161.19834709167 
193928.0 -132003.79775428772 
186489.0 -130774.59777522087 
120860.0 -93398.89841109514 
159137.0 -119221.59797179699 
161881.0 -120785.69794517756 
149801.0 -113303.79807245731 
173367.0 -127429.0978321433 
154627.0 -116456.09801882505 
143969.0 -109073.89814442396 
109705.0 -84584.89856106043 
107774.0 -81438.59861457348 
84021.0 -58221.09900957346 
119649.0 -92479.4984267354 
133852.0 -101487.69827347994 
165259.0 -122228.29792064428 
160905.0 -119738.89796298742 
94322.0 -71630.99878144264 
118447.0 -91540.49844270945 
169627.0 -124704.7978785038 
151203.0 -114006.19806051254 
139251.0 -105873.29819887877 
166758.0 -122802.29791086912 
88811.0 -63887.99891316891 
92998.0 -70058.1988081932 
152365.0 -114933.69804471731 
137665.0 -103648.09823673964 
104233.0 -79591.69864600897 
138355.0 -104764.89821773767 
175751.0 -127859.19782483578 
140593.0 -106625.39818608761 
142850.0 -108234.59815871716 
98932.0 -74930.29872530699 
108610.0 -83636.79857718945 
141300.0 -107718.39816749096 
172936.0 -126198.89785307646 
197274.0 -132201.8977509141 
117320.0 -90614.798458457 
180471.0 -129315.49780005217 
136506.0 -102698.19825291634 
87434.0 -61721.99895000458 
153498.0 -115743.19803094864 
135260.0 -102219.49826103449 
87730.0 -62633.69893449545 
99253.0 -75442.99871659279 
116324.0 -89881.8984709382 
125991.0 -96819.99835288525 
179173.0 -129001.19780540466 
115641.0 -88729.09849053621 
108266.0 -82345.69859915972 
103253.0 -78944.19865703583 
195938.0 -132108.0977525115 
101887.0 -77553.39868068695 
171161.0 -125798.49785989523 
191048.0 -131571.89776164293 
191348.0 -131620.1977608204 
93630.0 -70826.39879512787 
177662.0 -128399.59781563282 
102693.0 -77991.59867322445 
170921.0 -125080.2978721261 
