199625.0 -132448.29774671793 
64836.0 -42004.39928543568 
70419.0 -43907.59925305843 
86016.0 -65576.99888443947 
85191.0 -62562.69893568754 
185458.0 -130695.49777656794 
75762.0 -52652.19910430908 
188901.0 -131349.99776542187 
149894.0 -111989.59809482098 
151078.0 -114187.09805744886 
191521.0 -131615.29776090384 
74518.0 -51229.19912850857 
72935.0 -50223.6991456151 
182588.0 -130476.39778029919 
153654.0 -116310.79802131653 
155789.0 -117124.19800746441 
71892.0 -48697.099171578884 
180953.0 -129467.39779746532 
76734.0 -54783.599068045616 
129048.0 -98331.8983271718 
80943.0 -60777.39896607399 
133259.0 -101375.99827539921 
94740.0 -71486.79878389835 
175021.0 -127155.39783680439 
143660.0 -108411.99815571308 
164242.0 -122672.09791308641 
138896.0 -104267.49822622538 
152527.0 -115078.49804228544 
163193.0 -121358.59793543816 
105398.0 -80793.89862555265 
178610.0 -129122.29780334234 
132564.0 -99733.89830332994 
131043.0 -99081.59831440449 
147912.0 -111451.29810398817 
106917.0 -81653.0986109376 
95834.0 -72532.19876611233 
157521.0 -117948.3979934454 
110231.0 -84621.6985604167 
96663.0 -73926.19874238968 
161972.0 -120343.99795269966 
114875.0 -88123.59850084782 
139346.0 -105774.19820058346 
166002.0 -123361.89790135622 
141715.0 -107764.8981667161 
91187.0 -68367.09883695841 
159834.0 -119923.6979598403 
195836.0 -132096.89775270224 
127287.0 -97597.99833965302 
173179.0 -126561.09784692526 
140607.0 -106791.59818327427 
111756.0 -85545.998544693 
124759.0 -95786.09837049246 
159410.0 -118419.09798544645 
126418.0 -96492.39835846424 
144907.0 -109528.89813667536 
167415.0 -124212.39788687229 
136731.0 -103665.59823644161 
108117.0 -82705.89859300852 
71529.0 -47131.29919821024 
118039.0 -88146.3985004425 
121389.0 -93389.79841125011 
92919.0 -70559.69879966974 
195384.0 -131677.59775984287 
91743.0 -70118.398807168 
109172.0 -83575.59857821465 
99635.0 -76664.49869579077 
79915.0 -59514.69898754358 
105166.0 -78987.29865628481 
120672.0 -91980.39843523502 
102661.0 -77513.19868135452 
135255.0 -101869.49826699495 
90087.0 -67582.09885030985 
168773.0 -125001.59787344933 
123721.0 -94771.49838775396 
103555.0 -78731.09866064787 
118203.0 -89289.39848101139 
113525.0 -85946.39853787422 
78014.0 -56923.3990316391 
113576.0 -87456.5985121727 
82939.0 -61468.99895429611 
88602.0 -66040.79887652397 
171512.0 -125915.39785790443 
77145.0 -55744.9990516901 
98638.0 -75442.29871660471 
118782.0 -90786.29845553637 
122770.0 -93959.8984015584 
101069.0 -77118.39868807793 
98193.0 -74643.29873019457 
136089.0 -102698.29825288057 
170921.0 -125035.19787287712 
83482.0 -62147.898942768574 
71364.0 -45647.29922348261 
88999.0 -66635.69886642694 
78231.0 -58147.999010801315 
177166.0 -127801.09782582521 
78430.0 -59158.398993611336 
119164.0 -91592.59844183922 
146238.0 -110691.0981169343 
70736.0 -45104.899232685566 
177338.0 -128108.39782059193 
