203171.0 -133623.5977267027 
54.0 -1041.1999822854996 
203171.0 -133623.5977267027 
54.0 -1041.1999822854996 
46165.0 -33225.49943476915 
55251.0 -47296.19919538498 
52804.0 -42047.49928468466 
21795.0 -17480.199702620506 
47174.0 -39955.29932028055 
13890.0 -10151.599827289581 
63658.0 -52040.89911466837 
78117.0 -63448.19892060757 
18947.0 -14518.999752998352 
10041.0 -9167.099844038486 
5766.0 -6106.499896109104 
108623.0 -84017.6985706687 
195829.0 -132283.09774953127 
148722.0 -110417.79812157154 
152671.0 -112316.09808927774 
38211.0 -29675.29949516058 
85925.0 -66576.29886740446 
141828.0 -105072.79821252823 
74991.0 -60823.99896526337 
119529.0 -91900.29843658209 
4578.0 -2399.7999591827393 
122918.0 -93506.69840925932 
127400.0 -95098.39838218689 
7917.0 -7025.899880468845 
128592.0 -97894.39833462238 
37001.0 -27092.099539101124 
24957.0 -19349.09967082739 
187795.0 -130044.89778763056 
41430.0 -30686.39947795868 
42152.0 -32734.499443113804 
82214.0 -65622.59888362885 
115547.0 -87409.29851299524 
87037.0 -68932.09882730246 
157922.0 -116331.49802094698 
155385.0 -112554.79808521271 
156822.0 -115097.09804195166 
107137.0 -82555.0985955596 
16472.0 -12487.699787557125 
144973.0 -106509.19818806648 
201098.0 -132319.19774889946 
35638.0 -25672.199563264847 
28048.0 -20921.899644076824 
139505.0 -103653.69823664427 
56263.0 -48811.59916961193 
95003.0 -73493.69874972105 
112208.0 -86024.39853656292 
67923.0 -56164.69904452562 
70353.0 -59398.198989510536 
96774.0 -76395.39870035648 
174932.0 -125694.19786167145 
32714.0 -24780.79957842827 
161828.0 -117335.19800388813 
80075.0 -64820.09889727831 
69113.0 -58113.0990113616 
30360.0 -22610.199615359306 
138473.0 -102238.69826072454 
173223.0 -124659.99787926674 
64129.0 -53971.39908182621 
65485.0 -55527.39905536175 
117149.0 -88993.6984860301 
135686.0 -101425.3982745409 
148133.0 -108693.09815090895 
124677.0 -94522.69839197397 
51168.0 -41012.59930229187 
117600.0 -90714.19845676422 
73119.0 -60442.19897174835 
98103.0 -77477.19868195057 
192726.0 -130063.7977873087 
130606.0 -98833.39831864834 
2472.0 -2090.099964439869 
101330.0 -79534.39864695072 
170394.0 -123946.69789141417 
145084.0 -108235.29815870523 
193376.0 -130770.79777526855 
104010.0 -81691.69861024618 
100292.0 -78519.79866421223 
95334.0 -74373.89873474836 
59027.0 -49832.49915224314 
163461.0 -119746.5979628563 
59027.0 -49832.49915224314 
103708.0 -80595.89862889051 
133605.0 -98948.89831668139 
133820.0 -100636.89828795195 
91502.0 -71879.89877718687 
31086.0 -23742.399596095085 
47509.0 -40986.699302732944 
18089.0 -12731.99978339672 
169969.0 -122504.79791593552 
26850.0 -19863.199662089348 
167639.0 -122135.89792221785 
181527.0 -127519.69783061743 
112933.0 -86188.8985337615 
89840.0 -69553.29881674051 
163311.0 -117713.19799745083 
165304.0 -120438.79795110226 
90227.0 -70341.09880334139 
