10332.0 -4376.79992556572 
203328.0 -133613.79772686958 
203328.0 -133613.79772686958 
10332.0 -4376.79992556572 
13015.0 -10742.99981725216 
67903.0 -57554.4990208745 
107892.0 -84210.0985674262 
63309.0 -54905.79906594753 
91013.0 -71118.29879015684 
97032.0 -77109.69868820906 
72154.0 -60423.29897207022 
76113.0 -62173.89894229174 
150241.0 -111568.4981020093 
138504.0 -104999.69821375608 
110609.0 -87281.19851517677 
121338.0 -93506.99840927124 
50388.0 -44596.7992413044 
19049.0 -15279.499740064144 
37085.0 -34049.69942075014 
13010.0 -6672.699886500835 
159869.0 -118492.59798419476 
38724.0 -36611.899377167225 
124834.0 -95601.29837363958 
141192.0 -107599.69816952944 
40647.0 -38153.29935091734 
53066.0 -46451.6992097497 
34683.0 -32539.899446427822 
158580.0 -116305.1980214119 
54765.0 -47985.59918367863 
136892.0 -103022.29824739695 
197775.0 -132738.79774177074 
31600.0 -31693.299460828304 
27762.0 -27984.499523937702 
69801.0 -58890.69899815321 
126534.0 -96513.69835811853 
164332.0 -122299.29791945219 
60268.0 -50243.69914525747 
151733.0 -114451.99805295467 
129129.0 -98289.4983279109 
171330.0 -125347.29786759615 
146597.0 -110409.99812173843 
100924.0 -79269.79865145683 
26696.0 -25333.399569034576 
19423.0 -17553.99970138073 
85633.0 -68833.99882900715 
193662.0 -130928.59777259827 
169892.0 -123334.89790183306 
114207.0 -89133.59848368168 
118991.0 -92381.49842840433 
167254.0 -123165.49790471792 
173493.0 -126305.89785128832 
43676.0 -39728.49932414293 
184524.0 -129495.39779698849 
130685.0 -99171.79831290245 
133910.0 -99766.3983027935 
142729.0 -108614.29815226793 
16293.0 -12831.69978171587 
175259.0 -127466.09783154726 
61446.0 -52073.39911413193 
178285.0 -127739.49782687426 
202089.0 -132799.3977407217 
22798.0 -21515.09963399172 
194508.0 -132104.5977525711 
81699.0 -65589.69888418913 
23572.0 -23746.59959602356 
49850.0 -41663.89929121733 
20636.0 -19452.999669075012 
189991.0 -130188.09778517485 
144812.0 -109831.19813156128 
118485.0 -89341.19848012924 
44412.0 -40372.49931317568 
188749.0 -129816.39779150486 
113413.0 -87961.89850360155 
94952.0 -75702.3987121582 
56760.0 -49755.79915356636 
105907.0 -82535.49859589338 
162819.0 -119969.0979591012 
11777.0 -4965.799915552139 
61967.0 -53745.59908568859 
92956.0 -73703.99874615669 
80613.0 -64096.29890960455 
82871.0 -67128.89885801077 
16293.0 -12831.69978171587 
30353.0 -29685.799494981766 
91381.0 -72685.19876348972 
48841.0 -40629.69930881262 
155209.0 -115806.7980298996 
25331.0 -24360.799585580826 
85237.0 -67229.69885629416 
21603.0 -20496.999651312828 
183412.0 -128694.99781060219 
78083.0 -63953.1989120245 
29754.0 -29030.599506139755 
118901.0 -90374.99846255779 
163095.0 -120436.29795116186 
94237.0 -74848.09872668982 
134739.0 -101749.39826905727 
101831.0 -80275.99863433838 
153265.0 -114986.79804384708 
85633.0 -68833.99882900715 
