202666.0 -133586.4977273345 
0.0 -0.0 
202666.0 -133586.4977273345 
0.0 -0.0 
29246.0 -29399.899499833584 
146640.0 -109611.79813528061 
25751.0 -26154.499555051327 
39719.0 -33547.199429273605 
19107.0 -14129.39975965023 
40546.0 -37470.099362552166 
66985.0 -54966.69906491041 
32012.0 -31520.099463760853 
142740.0 -108049.0981618762 
6249.0 -10135.099827587605 
34574.0 -33257.39943420887 
19761.0 -18043.59969305992 
181276.0 -128510.89781373739 
50023.0 -42987.59926867485 
138712.0 -104762.09821778536 
150545.0 -111724.59809935093 
3534.0 -2083.7999645471573 
52551.0 -46372.59921109676 
172310.0 -124288.29788559675 
62641.0 -52640.399104475975 
16321.0 -12690.599784135818 
23334.0 -21476.59963464737 
24254.0 -24105.699589908123 
190073.0 -131430.49776405096 
176987.0 -127267.39783489704 
74280.0 -62179.19894218445 
8980.0 -11576.699803054333 
175368.0 -126232.49785250425 
4621.0 -4805.599918246269 
11746.0 -12620.699785292149 
141885.0 -105589.39820373058 
96111.0 -76692.19869530201 
57028.0 -47860.69918578863 
106870.0 -83374.79858160019 
20877.0 -20037.799659132957 
99817.0 -78504.39866447449 
165889.0 -121377.49793511629 
78785.0 -62810.19893145561 
162889.0 -120566.5979489088 
73988.0 -59823.79898226261 
189035.0 -130415.89778131247 
104801.0 -81788.2986086011 
115784.0 -89011.89848572016 
127767.0 -97134.29834753275 
58898.0 -49746.39915370941 
103077.0 -80531.49862998724 
155522.0 -116301.6980214715 
90888.0 -71116.99879014492 
125241.0 -95249.29837960005 
196761.0 -131566.69776171446 
70638.0 -59097.598994612694 
111854.0 -85474.99854588509 
83528.0 -67443.59885263443 
92408.0 -72999.89875811338 
80064.0 -64017.29891091585 
47822.0 -40904.79930412769 
119478.0 -92117.2984328866 
68057.0 -56483.1990391016 
197668.0 -133032.09773677588 
168584.0 -122477.49791640043 
132623.0 -98296.19832777977 
93259.0 -74224.09873729944 
55000.0 -46392.89921075106 
134439.0 -99415.39830875397 
164.0 -1048.8999821543694 
128895.0 -98091.49833124876 
95957.0 -75124.9987219572 
136855.0 -101743.1982691288 
69298.0 -57966.099013864994 
169534.0 -123493.49789911509 
45078.0 -39840.19932222366 
150817.0 -113585.79806768894 
137146.0 -101949.69826561213 
101754.0 -78640.8986621499 
185136.0 -129251.79780113697 
59507.0 -51428.39912509918 
43355.0 -38628.19934284687 
82379.0 -65027.69889372587 
158442.0 -117202.59800612926 
4621.0 -4805.599918246269 
118086.0 -90014.29846864939 
122411.0 -92893.89841967821 
87264.0 -70248.99880492687 
85977.0 -68563.4988335967 
154370.0 -114757.5980477333 
158446.0 -118194.09798926115 
114596.0 -86990.39852011204 
48294.0 -42277.09928077459 
152757.0 -114512.89805191755 
113542.0 -86933.69852107763 
201775.0 -133249.0977330804 
123420.0 -94969.9983843565 
185117.0 -128824.79780840874 
62006.0 -51711.49912029505 
87882.0 -70942.69879311323 
109289.0 -84631.89856022596 
