202836.0 -133578.79772746563 
18887.0 -5330.899909317493 
202836.0 -133578.79772746563 
18887.0 -5330.899909317493 
61888.0 -53259.499093949795 
114465.0 -89303.6984807849 
118753.0 -91905.49843651056 
34052.0 -25014.19957447052 
188038.0 -131568.39776170254 
57764.0 -50928.599133610725 
109576.0 -86460.7985291481 
79125.0 -64494.59890282154 
46764.0 -38204.99935007095 
30940.0 -23148.499606192112 
143995.0 -109600.19813549519 
21731.0 -10157.499827206135 
112168.0 -88557.19849348068 
76861.0 -62551.49893587828 
26810.0 -16698.299715936184 
65259.0 -55751.69905155897 
87885.0 -69391.19881951809 
161003.0 -120082.19795715809 
89105.0 -71612.89878171682 
170491.0 -124850.39787602425 
73407.0 -59111.898994386196 
184985.0 -130597.49777823687 
53639.0 -46343.49921160936 
74337.0 -61604.79895198345 
127029.0 -97734.79833734035 
55188.0 -48242.09917932749 
97322.0 -78654.49866193533 
181799.0 -130054.69778746367 
69901.0 -58803.898999631405 
44985.0 -36377.69938117266 
105010.0 -81570.89861232042 
174515.0 -125948.99785733223 
100807.0 -79515.09864729643 
150999.0 -114769.0980475545 
154886.0 -116751.39801383018 
25076.0 -14703.399749875069 
164553.0 -120754.197945714 
107418.0 -85306.59854876995 
39349.0 -29741.399494051933 
94210.0 -75873.1987092495 
34612.0 -28117.199521660805 
46841.0 -41581.299292624 
27555.0 -19145.6996743083 
132318.0 -100320.79829335213 
43341.0 -34886.49940651655 
122172.0 -94112.8983989358 
149728.0 -112989.09807783365 
92142.0 -72427.59876787663 
141375.0 -108664.69815140963 
102557.0 -80498.89863055944 
68071.0 -57095.59902870655 
47888.0 -42595.89927536249 
96333.0 -76847.89869266748 
35715.0 -29055.49950569868 
83661.0 -67610.49884980917 
93683.0 -73468.4987501502 
21246.0 -7355.899874866009 
49669.0 -44569.099241793156 
178988.0 -129009.99780523777 
22094.0 -13024.899778425694 
85430.0 -68053.59884226322 
153886.0 -115465.19803571701 
157972.0 -117960.59799325466 
168769.0 -124054.49788957834 
120512.0 -92945.2984188199 
50553.0 -45615.19922399521 
178393.0 -127585.89782947302 
56729.0 -49980.49914973974 
42568.0 -32990.999438762665 
175684.0 -126777.39784324169 
192966.0 -132280.99774956703 
124745.0 -96333.79836118221 
158612.0 -118835.19797837734 
147304.0 -110929.09811288118 
133013.0 -101969.1982653141 
30113.0 -21334.499637067318 
198100.0 -132901.1977390051 
196807.0 -132786.39774096012 
166800.0 -122827.49791043997 
123895.0 -95652.69837278128 
202224.0 -133109.79773545265 
28992.0 -20340.899653971195 
139760.0 -107555.59817028046 
80846.0 -66327.79887163639 
23526.0 -13647.499767839909 
20179.0 -6354.599891901016 
166737.0 -121423.69793432951 
137076.0 -104682.59821915627 
39787.0 -31454.59946489334 
138443.0 -106852.49818223715 
40459.0 -32539.199446439743 
135888.0 -103149.29824525118 
129298.0 -99397.19830906391 
66318.0 -56326.69904178381 
128699.0 -99395.09830909967 
135784.0 -102116.89826279879 
