202836.0 -133578.79772746563 
27012.0 -7705.499868929386 
202836.0 -133578.79772746563 
42239.0 -28836.299509465694 
184332.0 -130027.6977879405 
67511.0 -57440.39902281761 
71357.0 -59309.298991024494 
33225.0 -17838.499696552753 
131181.0 -98870.49831801653 
35328.0 -20595.999649643898 
61644.0 -52837.399101138115 
39916.0 -26208.999554157257 
44205.0 -31167.199469804764 
180680.0 -128912.29780691862 
195294.0 -131968.79775488377 
30559.0 -13719.599766612053 
46135.0 -35133.199402332306 
91247.0 -73096.79875648022 
133479.0 -100255.39829444885 
58266.0 -49036.199165821075 
60797.0 -50855.09913486242 
32327.0 -15341.399739027023 
51656.0 -41656.89929133654 
65020.0 -54685.299069702625 
143575.0 -108142.8981602788 
54208.0 -43254.49926418066 
89330.0 -71397.59878540039 
82443.0 -67108.59885835648 
73412.0 -60623.79896867275 
127434.0 -97309.9983445406 
50529.0 -39874.09932166338 
103538.0 -81201.99861860275 
107996.0 -83297.69858294725 
193942.0 -130718.9977761507 
138119.0 -104218.59822702408 
156405.0 -117027.89800912142 
120920.0 -94364.4983946681 
44851.0 -33459.199430823326 
75514.0 -62083.89894384146 
160609.0 -119077.79797422886 
105486.0 -82655.49859386683 
113510.0 -87963.29850357771 
173325.0 -126597.09784632921 
147058.0 -110807.9981149435 
154300.0 -115943.9980275631 
112311.0 -86439.49852949381 
152324.0 -114749.89804786444 
145100.0 -110246.29812449217 
149822.0 -112073.89809340239 
54919.0 -45234.399230480194 
141141.0 -104846.79821634293 
162195.0 -120977.49794191122 
159213.0 -117788.39799618721 
141806.0 -106686.29818505049 
77720.0 -62877.698930323124 
79890.0 -65369.59888792038 
116032.0 -89043.69848519564 
48587.0 -37146.699368059635 
176342.0 -127509.49783080816 
39689.0 -23844.89959436655 
87250.0 -70059.6988081336 
135407.0 -102108.898262918 
29195.0 -11210.19980931282 
101305.0 -80030.29863852262 
93489.0 -74703.5987291336 
65904.0 -55731.39905190468 
177847.0 -128186.39781928062 
118733.0 -93004.79841780663 
98841.0 -77948.5986739397 
84460.0 -67929.99884438515 
151004.0 -113119.99807560444 
123207.0 -95161.398381114 
189612.0 -130490.09778004885 
163797.0 -121858.39792692661 
85641.0 -69306.49882096052 
49554.0 -37524.999361634254 
136086.0 -103076.59824645519 
78920.0 -64646.19890022278 
28920.0 -10249.499825656414 
27406.0 -8483.499855697155 
100128.0 -79011.49865585566 
125494.0 -95495.9983754158 
94163.0 -75615.29871362448 
165910.0 -122492.1979161501 
55792.0 -47238.39919638634 
56003.0 -48062.599182367325 
199542.0 -133128.6977351308 
199542.0 -133128.6977351308 
171694.0 -125600.69786328077 
108878.0 -85786.7985405922 
169908.0 -123836.09789329767 
38352.0 -22510.39961707592 
96094.0 -77409.99868309498 
189714.0 -130534.19777929783 
127028.0 -96152.59836423397 
95948.0 -76652.2986959815 
109095.0 -85925.39853823185 
171269.0 -124583.29788058996 
117229.0 -90244.19846475124 
117980.0 -91967.7984354496 
