204330.0 -134620.6977097392 
1116.0 -1569.29997330904 
204330.0 -134620.6977097392 
1116.0 -1569.29997330904 
65382.0 -55237.199060320854 
60360.0 -52674.69910389185 
69149.0 -58307.29900807142 
71375.0 -60075.39897799492 
103493.0 -83043.99858725071 
38430.0 -35881.19938957691 
42557.0 -37349.699364602566 
5996.0 -6829.499883830547 
26879.0 -27335.299534976482 
99739.0 -79980.59863936901 
84000.0 -67440.39885270596 
139485.0 -105239.09820967913 
171820.0 -125945.09785741568 
75529.0 -61616.698951780796 
16142.0 -17271.599706172943 
86347.0 -69533.29881709814 
19427.0 -20070.399658560753 
34104.0 -32162.99945282936 
158556.0 -117426.19800233841 
162726.0 -119912.09796005487 
201627.0 -133594.89772719145 
148021.0 -111970.99809515476 
127335.0 -96155.29836422205 
181481.0 -127864.49782472849 
91368.0 -72986.8987583518 
23336.0 -21904.99962735176 
31713.0 -29838.399492383003 
7436.0 -10508.899821221828 
53002.0 -47000.79920041561 
134880.0 -100157.6982961297 
3702.0 -3597.7999387979507 
26449.0 -23901.299593389034 
196224.0 -133555.29772788286 
14297.0 -14572.89975208044 
50146.0 -44192.89924818277 
114080.0 -88066.49850183725 
96081.0 -77912.1986745596 
28682.0 -29514.999497890472 
43794.0 -39532.89932745695 
171004.0 -123345.09790164232 
108049.0 -84607.69856065512 
58857.0 -49896.19915115833 
137525.0 -102963.4982483983 
176632.0 -126531.69784742594 
123448.0 -94689.59838914871 
57739.0 -48846.599169015884 
130695.0 -98821.09831887484 
94034.0 -74258.69873672724 
145136.0 -110657.4981175065 
11587.0 -11647.399801850319 
167145.0 -121634.29793077707 
117118.0 -90907.39845347404 
45993.0 -41794.79928898811 
94198.0 -76404.79870021343 
17642.0 -19033.399676203728 
54339.0 -47479.19919228554 
141739.0 -107164.29817694426 
184958.0 -129101.29780369997 
129123.0 -98568.79832315445 
115569.0 -89958.59846961498 
194568.0 -132394.39774763584 
186910.0 -131572.597761631 
120701.0 -92400.69842809439 
5551.0 -4652.999920845032 
12750.0 -13712.299766719341 
150078.0 -113782.89806431532 
78728.0 -63369.79892194271 
164558.0 -119940.79795956612 
110250.0 -86094.0985353589 
104824.0 -84098.49856930971 
177769.0 -127522.49783056974 
111177.0 -87158.69851726294 
98926.0 -78980.69865638018 
81890.0 -65474.89888614416 
167868.0 -122935.59790861607 
144302.0 -109230.9981417656 
80876.0 -65188.2988910079 
154847.0 -115907.59802818298 
24653.0 -22873.399610877037 
124911.0 -95032.89838331938 
158437.0 -116275.39802193642 
36880.0 -33700.099426686764 
9323.0 -10790.299816429615 
77685.0 -62608.19893491268 
119957.0 -92226.3984310627 
185050.0 -130427.09778112173 
142974.0 -107863.59816503525 
90212.0 -70495.3988007307 
50068.0 -43143.299266040325 
45835.0 -40862.09930485487 
89565.0 -70444.99880158901 
191362.0 -131941.49775534868 
36560.0 -33211.89943498373 
190391.0 -131707.69775933027 
154302.0 -114858.69804602861 
135970.0 -102040.59826409817 
