202836.0 -133578.79772746563 
13238.0 -5485.899906694889 
202836.0 -133578.79772746563 
53294.0 -46449.59920978546 
96239.0 -76172.79870414734 
148657.0 -112178.49809163809 
100625.0 -79619.69864553213 
37025.0 -30281.399484872818 
57715.0 -48626.499172747135 
28158.0 -19053.599675893784 
49827.0 -43663.699257194996 
16252.0 -7425.499873697758 
32758.0 -21935.699626863003 
151229.0 -114193.39805734158 
145819.0 -109416.09813863039 
158035.0 -116506.79801797867 
123433.0 -95007.09838372469 
162864.0 -118814.49797874689 
126744.0 -97322.49834436178 
135636.0 -101589.49827176332 
44610.0 -37394.09936386347 
19763.0 -8474.399855852127 
137054.0 -104222.3982269764 
85135.0 -69093.79882454872 
60943.0 -52230.19911146164 
74625.0 -62320.19893980026 
59343.0 -50594.69913929701 
22769.0 -9269.199842333794 
154477.0 -115612.19803321362 
45701.0 -40917.39930391312 
47678.0 -42614.09927505255 
111269.0 -86203.59853351116 
33365.0 -25909.099559247494 
93839.0 -74199.8987377286 
67267.0 -57869.49901551008 
141989.0 -107177.29817670584 
101554.0 -81009.19862186909 
70049.0 -58968.39899682999 
194410.0 -131199.19776797295 
88790.0 -70194.79880583286 
115138.0 -89978.49846929312 
143555.0 -108711.19815063477 
81072.0 -66066.39887607098 
164438.0 -121143.69793909788 
113274.0 -88788.89848953485 
107446.0 -82494.49859660864 
27791.0 -14838.399747610092 
23369.0 -11788.699799478054 
78667.0 -64638.09890037775 
198318.0 -132754.89774149656 
92102.0 -71911.29877668619 
27807.0 -17320.19970536232 
190448.0 -130688.8977766633 
33365.0 -25909.099559247494 
73518.0 -60102.69897753 
182381.0 -128395.7978156805 
33298.0 -22967.099609315395 
183180.0 -129341.79779958725 
25383.0 -14361.099755704403 
63405.0 -53691.6990866065 
122311.0 -93480.09840971231 
44944.0 -38846.19933915138 
119763.0 -93175.59841489792 
131869.0 -101121.59827971458 
117509.0 -90778.19845569134 
128450.0 -98311.89832752943 
108081.0 -84650.09855991602 
83048.0 -68183.79884004593 
37418.0 -31497.599464178085 
129777.0 -99350.9983098507 
170603.0 -123922.89789181948 
89239.0 -71177.8987891078 
112508.0 -87092.8985183835 
23563.0 -13326.199773311615 
117980.0 -92153.99843227863 
198694.0 -132812.99774050713 
167222.0 -122986.69790774584 
139266.0 -105281.09820896387 
173143.0 -125672.79786205292 
141020.0 -105330.39820814133 
166831.0 -122049.79792368412 
41026.0 -34977.49940496683 
39080.0 -32930.799439787865 
41026.0 -34977.49940496683 
77922.0 -62938.198929309845 
72343.0 -59446.098988711834 
93053.0 -73065.59875702858 
81920.0 -67226.59885632992 
66168.0 -56351.599041342735 
163123.0 -119840.29796129465 
66168.0 -56351.599041342735 
39238.0 -33863.49942392111 
63405.0 -53691.6990866065 
176400.0 -126907.89784103632 
178866.0 -127843.39782512188 
156744.0 -116109.89802473783 
170410.0 -123487.4978992343 
189022.0 -129690.39779365063 
193820.0 -130904.89777296782 
131799.0 -100082.49829739332 
