202666.0 -133586.4977273345 
18063.0 -6016.099897682667 
202666.0 -133586.4977273345 
18063.0 -6016.099897682667 
155465.0 -116896.29801136255 
67334.0 -57696.59901845455 
33379.0 -27615.899530231953 
39093.0 -32199.399452209473 
39776.0 -36617.49937707186 
164234.0 -122032.99792397022 
199704.0 -132661.79774308205 
153154.0 -114040.09805995226 
92574.0 -74518.79873228073 
148912.0 -111149.89810913801 
177508.0 -127227.79783558846 
179968.0 -128286.49781757593 
87300.0 -69662.79881489277 
28471.0 -21084.89964133501 
167472.0 -123789.89789408445 
31527.0 -24541.399582505226 
24193.0 -15542.599735617638 
194359.0 -132554.69774490595 
75014.0 -61227.89895838499 
151199.0 -113137.49807530642 
136564.0 -101546.09827250242 
80859.0 -66410.79887020588 
48825.0 -43942.999252438545 
163226.0 -119710.4979634881 
71153.0 -59294.29899126291 
98378.0 -78235.59866905212 
189041.0 -129972.79778885841 
124951.0 -94878.99838590622 
30484.0 -23608.699598371983 
159012.0 -118035.49799197912 
65965.0 -55023.799063920975 
173820.0 -125995.19785654545 
126620.0 -96424.49835962057 
57567.0 -49565.09915679693 
19373.0 -7062.899879872799 
128768.0 -97733.79833734035 
116019.0 -90457.69846111536 
79089.0 -64866.29889649153 
122966.0 -93367.39841163158 
112979.0 -87778.49850672483 
133281.0 -100331.99829316139 
96975.0 -76039.09870642424 
47434.0 -42324.99927997589 
43866.0 -38466.09934562445 
145643.0 -110408.29812175035 
59373.0 -50522.29914051294 
23104.0 -12569.899786174297 
103237.0 -81198.5986186266 
107993.0 -84538.79856181145 
114119.0 -89544.59847664833 
84579.0 -67953.49884396791 
51496.0 -45213.0992308259 
120774.0 -92577.79842507839 
184502.0 -128894.09780722857 
41811.0 -37367.19936430454 
60325.0 -52601.899105131626 
20418.0 -10035.299829304218 
36106.0 -28776.099510490894 
71827.0 -60205.998975753784 
160489.0 -118972.39797604084 
105387.0 -82509.59859633446 
25989.0 -16570.499718129635 
91008.0 -73455.89875036478 
140904.0 -104775.69821757078 
63695.0 -54705.299069345 
61410.0 -53736.89908581972 
100984.0 -79374.7986496687 
55709.0 -47571.299190700054 
143132.0 -105698.19820189476 
51754.0 -46633.69920665026 
184924.0 -129544.39779615402 
190915.0 -131006.29777127504 
83523.0 -67505.49885159731 
110559.0 -85488.99854564667 
131616.0 -98339.8983270526 
78066.0 -61790.298948824406 
88887.0 -71388.89878553152 
26770.0 -19764.79966378212 
111171.0 -86440.59852945805 
191900.0 -132131.8977521062 
37153.0 -31270.099468052387 
44871.0 -40302.09931439161 
106527.0 -83488.49857968092 
45138.0 -41440.5992950201 
78105.0 -63087.698926746845 
144556.0 -109147.9981431961 
26061.0 -18785.899680435658 
20148.0 -10001.699829876423 
54529.0 -47365.49919420481 
171481.0 -125896.79785823822 
89083.0 -72397.89876836538 
102034.0 -80012.79863882065 
23104.0 -12569.899786174297 
119009.0 -91399.79844510555 
139279.0 -103833.19823360443 
36110.0 -30337.399483919144 
