66.0 -994.9999830722809 
202836.0 -133578.79772746563 
202836.0 -133578.79772746563 
66.0 -994.9999830722809 
40428.0 -36622.39937698841 
179812.0 -127209.29783588648 
193462.0 -130219.5977846384 
46444.0 -38363.59934735298 
185501.0 -129430.29779809713 
91068.0 -72459.09876734018 
51897.0 -44424.89924424887 
94518.0 -74894.29872590303 
13718.0 -14091.59976029396 
106709.0 -82804.59859132767 
2686.0 -2824.6999519467354 
117537.0 -89698.89847403765 
114207.0 -86877.6985220313 
61784.0 -52427.999108076096 
109392.0 -85385.69854742289 
37630.0 -34678.59941005707 
17675.0 -18135.99969148636 
15710.0 -15137.699742496014 
64928.0 -54124.29907923937 
175154.0 -125534.99786436558 
59184.0 -50889.799134254456 
69009.0 -57384.69902378321 
57816.0 -48609.99917304516 
148292.0 -110243.79812455177 
71525.0 -59054.19899535179 
11640.0 -10352.399823904037 
18932.0 -19949.999660611153 
151077.0 -111702.89809972048 
29029.0 -27483.399532437325 
184074.0 -128250.49781817198 
66366.0 -56018.3990470171 
134226.0 -99391.59830915928 
121415.0 -92292.59842991829 
199421.0 -132602.9977440834 
74473.0 -60169.198976397514 
49309.0 -43237.09926444292 
128418.0 -96122.39836478233 
33138.0 -32516.499446809292 
159667.0 -116719.19801437855 
134781.0 -101462.09827393293 
125175.0 -95326.59837830067 
139441.0 -103594.89823764563 
11229.0 -9390.999840259552 
75745.0 -62060.198944211006 
21457.0 -21917.599627137184 
136840.0 -103131.19824552536 
119202.0 -90797.49845534563 
34564.0 -33514.99942982197 
96764.0 -76234.3987030983 
156228.0 -115463.79803574085 
161924.0 -119017.89797526598 
143494.0 -105694.7982019186 
167015.0 -122497.39791607857 
142840.0 -104645.19821977615 
83023.0 -67856.19884562492 
22351.0 -22912.599610209465 
111837.0 -86404.49853008986 
104669.0 -81214.59861838818 
145995.0 -107550.39817035198 
80725.0 -65761.59888124466 
28558.0 -25779.299561440945 
87923.0 -71174.69878917933 
102467.0 -80968.5986225605 
6825.0 -3816.199935078621 
78512.0 -64167.398908376694 
7088.0 -4447.199924349785 
26109.0 -23523.299599826336 
130747.0 -98177.8983297944 
99128.0 -76972.89869052172 
47676.0 -41463.69929462671 
153646.0 -113923.89806193113 
55343.0 -47023.89920002222 
146175.0 -108536.29815357924 
101211.0 -78958.99865674973 
31050.0 -30257.999485254288 
170641.0 -124682.69787889719 
8946.0 -6883.099882900715 
77080.0 -63670.79891681671 
47123.0 -40432.9993121624 
153444.0 -113063.99807655811 
86980.0 -67919.89884454012 
26539.0 -24542.099582493305 
55343.0 -47023.89920002222 
173654.0 -124702.2978785634 
8946.0 -6883.099882900715 
165043.0 -121295.19793653488 
82646.0 -66055.49887627363 
31050.0 -30257.999485254288 
130044.0 -97806.19833612442 
158976.0 -115469.39803564548 
100134.0 -78347.59866714478 
196724.0 -131774.59775817394 
163266.0 -119338.79796981812 
164506.0 -120501.79795002937 
123374.0 -93897.99840259552 
196074.0 -130743.89777570963 
