0.0 -0.0 
202666.0 -133586.4977273345 
202666.0 -133586.4977273345 
0.0 -0.0 
53887.0 -45563.39922487736 
55420.0 -49439.0991589427 
50734.0 -44401.09924465418 
88043.0 -70697.2987973094 
195698.0 -131994.6977544427 
177112.0 -126661.89784520864 
182250.0 -128610.29781204462 
139404.0 -105180.99821066856 
103771.0 -81920.19860637188 
84570.0 -69324.69882065058 
69253.0 -58906.49899786711 
39040.0 -36699.39937567711 
38028.0 -33977.19942200184 
105866.0 -83959.89857167006 
97854.0 -76413.4987000823 
10742.0 -11658.899801671505 
30770.0 -28720.199511408806 
47989.0 -41627.199291825294 
93933.0 -74342.3987352848 
71782.0 -60843.29896491766 
35053.0 -32771.599442481995 
114621.0 -88041.69850224257 
32562.0 -31338.099466860294 
108493.0 -85292.29854899645 
202305.0 -132467.59774637222 
165375.0 -119656.29796439409 
83513.0 -66848.59886276722 
11564.0 -14111.599759936333 
26483.0 -25917.19955909252 
131984.0 -101144.99827933311 
128743.0 -98190.09832960367 
18393.0 -17935.499694883823 
45930.0 -39414.89932948351 
26187.0 -25698.099562823772 
90264.0 -73387.99875152111 
167997.0 -120946.99794244766 
61310.0 -51229.599128484726 
58953.0 -50073.99914813042 
75737.0 -61780.89894896746 
3593.0 -6262.199893474579 
67660.0 -56891.59903216362 
14790.0 -15034.49974423647 
184035.0 -129647.29779440165 
81894.0 -65038.7988935709 
5989.0 -6937.299881994724 
116450.0 -90149.99846637249 
142311.0 -105772.7982006073 
66647.0 -55159.49906164408 
15627.0 -16891.499712646008 
101691.0 -79587.89864605665 
161263.0 -119240.49797147512 
131192.0 -99623.59830522537 
121077.0 -93377.19841146469 
136382.0 -102531.99825572968 
22726.0 -22448.799618124962 
127029.0 -96361.79836070538 
22726.0 -22448.799618124962 
80475.0 -63419.39892113209 
7089.0 -10768.199816823006 
155126.0 -116633.7980158329 
146854.0 -110726.39811635017 
6535.0 -9748.699834167957 
149139.0 -112571.19808495045 
152517.0 -114584.9980506897 
64735.0 -52044.699114620686 
171541.0 -121455.19793379307 
65147.0 -53244.099094212055 
136154.0 -102367.4982585311 
149736.0 -113380.69807118177 
98154.0 -77924.09867435694 
643.0 -1046.7999821901321 
118857.0 -92359.79842877388 
192373.0 -131292.99776637554 
146496.0 -109671.1981343031 
157526.0 -117475.89800149202 
99935.0 -79273.29865139723 
172934.0 -123765.79789447784 
123441.0 -94358.09839481115 
142880.0 -108214.59815907478 
111037.0 -86742.89852434397 
143863.0 -108651.39815163612 
192000.0 -130307.09778314829 
42296.0 -37729.39935815334 
31031.0 -29209.499503076077 
117996.0 -91224.79844808578 
153381.0 -115528.19803464413 
2249.0 -3916.299933373928 
20179.0 -19891.89966160059 
111517.0 -87172.69851702452 
20179.0 -19891.89966160059 
46364.0 -40993.699302613735 
74401.0 -61769.69894915819 
42296.0 -37729.39935815334 
2249.0 -3916.299933373928 
91675.0 -74207.99873757362 
175253.0 -124643.19787955284 
