203103.0 -134264.39771580696 
26885.0 -6913.499882400036 
26885.0 -6913.499882400036 
203103.0 -134264.39771580696 
72339.0 -59693.198984503746 
80351.0 -65735.5988817215 
165780.0 -121795.69792801142 
45316.0 -34725.499409258366 
146399.0 -112027.29809421301 
76633.0 -63688.59891653061 
75063.0 -62372.298938930035 
151826.0 -114789.39804720879 
91047.0 -74074.29873985052 
122755.0 -95039.89838320017 
88235.0 -71825.99877810478 
148761.0 -113097.19807600975 
58977.0 -51054.59913146496 
125529.0 -97026.39834940434 
57144.0 -48829.39916932583 
185159.0 -129866.3977906704 
107764.0 -84482.39856278896 
162792.0 -120274.29795390368 
109740.0 -86448.59852933884 
64785.0 -55588.59905433655 
102327.0 -80620.6986284852 
35151.0 -22796.69961220026 
142668.0 -109993.19812881947 
111895.0 -87823.99850594997 
41837.0 -31161.29946988821 
168341.0 -123809.49789375067 
136367.0 -102403.19825792313 
114188.0 -89374.09847956896 
154049.0 -116363.19802045822 
38281.0 -26094.599556088448 
62424.0 -53685.39908671379 
36281.0 -25092.599573135376 
28374.0 -8703.999851942062 
170670.0 -124327.19788491726 
66885.0 -56784.89903396368 
132665.0 -100164.6982960105 
92874.0 -75286.9987192154 
94955.0 -76529.3986980915 
174034.0 -125086.2978720069 
137676.0 -104655.29821962118 
130170.0 -98756.69831997156 
61389.0 -52330.999109745026 
46940.0 -38998.39933657646 
141973.0 -108989.79814589024 
194461.0 -131941.09775537252 
82708.0 -66923.7988615036 
175506.0 -126064.49785536528 
119767.0 -91946.09843581915 
197575.0 -133359.29773122072 
159005.0 -118316.49798721075 
133676.0 -101525.09827286005 
201748.0 -133435.59772992134 
31136.0 -17738.399698257446 
56162.0 -46615.79920697212 
105092.0 -81851.19860756397 
190126.0 -131841.6977570653 
160487.0 -119281.39797079563 
105961.0 -82758.69859212637 
29946.0 -14524.199752926826 
140867.0 -106195.1981934309 
33927.0 -20542.79965054989 
44503.0 -33224.799434781075 
29557.0 -11523.099803984165 
39959.0 -28157.399520993233 
70183.0 -58117.29901129007 
99738.0 -79461.5986481905 
116722.0 -90237.49846488237 
85145.0 -67266.79885566235 
189117.0 -129922.79778969288 
30734.0 -15090.099743306637 
42875.0 -32175.899452626705 
117334.0 -91189.09844869375 
49816.0 -41984.09928578138 
53548.0 -44950.89923530817 
182254.0 -128410.79781544209 
70025.0 -57184.59902715683 
28376.0 -11346.69980698824 
195988.0 -132661.3977431059 
49816.0 -41984.09928578138 
32088.0 -18952.499677598476 
178673.0 -126721.39784419537 
54330.0 -46036.19921684265 
53548.0 -44950.89923530817 
180703.0 -127583.0978295207 
87410.0 -69968.59880971909 
39959.0 -28157.399520993233 
85622.0 -68899.79882788658 
48097.0 -39984.299319803715 
48642.0 -41033.199301958084 
96011.0 -78270.59866845608 
128118.0 -97717.5983376503 
120799.0 -93671.79840648174 
139730.0 -105204.3982102871 
33476.0 -19673.09966534376 
156473.0 -117263.69800513983 
98037.0 -78778.39865982533 
