0.578685440619809 6.162072738422061E-4 3.2172080087163247E-4 0.3672593473420798 3459.0
0.5772655579726618 6.952920981580676E-4 6.647954572054458E-4 0.34468968264538663 12771.0
0.577053391165557 7.557587312557414E-4 5.991015349498937E-4 0.35596885134570583 11250.0
0.5798821000435735 5.782196952629816E-4 2.7685863662210773E-4 0.3026470905250075 2165.6999631524086
0.5768559436088035 8.248678124125053E-4 5.705887921653054E-4 0.323221299489948 11826.0
0.5798990154532727 5.401568594461711E-4 3.750923007252505E-4 0.35754222690936505 5994.0
0.581785865510486 4.5679646090397485E-4 2.552072417095353E-4 0.3085814850251963 2248.0
0.5703663519690066 0.00125360781708209 7.778033501191308E-4 0.3736131003358397 12828.0
0.5802787095944263 5.417271910594403E-4 3.9104703479336524E-4 0.35519337145627977 5390.0
0.5755196255536755 9.947670390590803E-4 4.6705684911675194E-4 0.3248396732485385 4687.0
0.577457326480153 7.189854076452071E-4 4.4601005754608155E-4 0.39519243501133317 8746.0
0.5810076097046525 4.583268069482404E-4 4.237836059512514E-4 0.33393323759165566 6056.0
0.5771261820561575 7.446948456663463E-4 4.809673212072569E-4 0.30627775163221305 9812.0
0.5795213547021901 5.663561330226442E-4 3.8917803109385926E-4 0.37265663122528736 5807.0
0.5818463877499895 4.656243204409978E-4 2.872906417037166E-4 0.3198504767200463 2452.0
0.5667851296303029 0.0014871793947933212 0.0011001723235093692 0.3933154728467096 21256.0
0.5698469795752883 0.0014755459915791484 8.227400160700631E-4 0.36963867389213245 15808.0
0.5795980663710081 5.434199645151341E-4 5.210876111642124E-4 0.37529603873641915 9097.0
0.5719603633716962 0.001144702908154273 5.925507427929101E-4 0.3535351343247652 7346.0
0.5801980119919169 5.750354535123848E-4 3.3836635889720524E-4 0.29071821051609503 2814.0
