0.4820540982907764 0.0022674193424930926 0.00641190179099947 0.47693006773953883 73708.0
0.4857232175194613 0.0019645093841041943 0.006422351430172196 0.5082824666357175 72477.0
0.48373347978033554 0.0026639034824636177 0.006140197541485942 0.49126027212778733 72797.0
0.4722436764257166 0.0037270909985142953 0.006242875190816853 0.47600996923197014 75552.0
0.4804346475657807 0.002449994928870364 0.006396799420033275 0.504366647268633 73494.0
0.49362018092082244 0.0037207552807003545 0.005090163859629176 0.4206985147569468 65086.0
0.4720767403463 0.003008695257539472 0.006476394328797343 0.4996858810549734 76744.0
0.4884337479530294 0.003270812043208941 0.005365621278018172 0.44850359901926656 67249.0
0.48204641579744195 0.003251777785928346 0.005786074801277478 0.46522849059350535 72071.0
0.47463413396956106 0.002448982959073089 0.006690889109084378 0.5330272737269363 76782.0
0.49318369497956255 0.0028111888094088018 0.005464371096030432 0.48640463186339233 65827.0
0.48347010774352533 0.0029568199049428445 0.005968925485370799 0.44369999491646817 71810.0
0.48900537987936216 0.0025290590716205413 0.0058844970254725276 0.4718639949575971 69205.0
0.47595293050683046 0.0032743321383404693 0.005995593881240701 0.4996601256909432 74986.0
0.49458685967036986 0.0017989330329563592 0.005942366917390296 0.4705748934944049 69599.0
0.47999949960837796 0.0025926915921900013 0.006444298479120587 0.49742017897549096 73611.0
0.4938086603443292 0.0019399191521828555 0.00595141559983497 0.4528520287607655 68541.0
0.5035028024401992 0.0027496126052933938 0.004736045788107079 0.4411619458839722 62025.0
0.49125651057438613 0.00365983207477112 0.005233390973775918 0.44842227379198185 66678.0
0.49611486442418706 0.0022086621981282127 0.005666040399973067 0.47566944897546876 66747.0
