0.561795602792663 0.0018106615805139337 0.0013178079712607826 0.3720890256568944 24624.0
0.5521031006089584 0.002104941133687708 0.0021473597936806513 0.4390094557880782 36355.0
0.5732429177546556 0.0011386708988943412 5.466045011622254E-4 0.37807113256620556 9725.0
0.5747041669962967 8.907295548315516E-4 4.590465607762846E-4 0.31468809588326885 4850.0
0.5538325665769167 0.00212841310974327 0.0018095371837073336 0.3768482162364771 31064.0
0.568136763328954 0.0016247080878737032 0.0011144191688524738 0.4030319091070085 21675.0
0.5557499219444865 0.0025179744225496048 0.0015536421238672225 0.3535209111127743 27611.0
0.5586544299479927 0.0021369051560196787 0.001351184778388668 0.38004568794750865 24989.0
0.554626700205382 0.0025149080078869317 0.0016828127945112956 0.37765356064923183 29761.0
0.5551561498620757 0.002436094819980074 0.0016077555284825045 0.32431869436406324 28638.0
0.5786672269572191 7.885369821025662E-4 3.8999967724106854E-4 0.31289336169800264 5506.0
0.548586274350692 0.002870298382810284 0.0019470037222185333 0.417487519500461 33573.0
0.5509148248256868 0.0021832230710345708 0.0020535843279441946 0.39842966823385106 34102.0
0.56392570731848 0.0017554842385433028 0.0012246235978549853 0.3520939828007596 22772.0
0.550566490104376 0.002142105715146861 0.0018562409759469041 0.3702036456409863 32455.0
0.5632504134884784 0.0017235163151163404 0.0011518705724140787 0.36701588199097346 21320.0
0.5745878093336579 8.875408646551972E-4 5.775285037384015E-4 0.32995318695522263 8875.0
0.5606129050951247 0.0023113127553605404 0.001246552907766555 0.3554616659565234 22937.0
0.5633649998005485 0.0018760836312250373 0.0011838925506759297 0.35895184282480946 22206.0
0.5536043231678884 0.002569188147118548 0.0017269239842367585 0.3910934433285555 31129.0
