0.44965018332216 0.0020319472572521073 0.00851994442378477 0.5459769035374501 88153.0
0.4622360586525052 0.003347629308294086 0.006974650535661021 0.5015531881406122 80197.0
0.4588683104277248 0.002037109302839339 0.007972103499143098 0.5372395544093838 84108.0
0.4542649170484075 0.0030364264947129503 0.007708059261358 0.5439897635408243 84881.0
0.4690453372410151 0.002752875713928165 0.006980493853828085 0.5302187957982235 79003.0
0.4698908580047215 0.002386141810743837 0.007161813759276213 0.531642441724354 79273.0
0.4795929355059475 0.002873076670919432 0.006306399890856309 0.45969538254791603 74274.0
0.4790580219572593 0.0036032422857868434 0.00600685057743202 0.46978074223917404 73638.0
0.4617047268931096 0.0027525873579095275 0.007239716530193529 0.544357600095219 82273.0
0.46246846794668856 0.0017837196557094369 0.007980351032032193 0.5732794123100247 83691.0
0.4999469152095877 0.0019102827984303836 0.0053789833973243995 0.47078049097043023 66442.0
0.460629532187837 0.0030851962260505872 0.007181001112918437 0.5077111413388222 82570.0
0.47111529317841694 0.0038879731094474206 0.006196723914124232 0.48290426335026093 75837.0
0.4844465834434021 0.0015360634441607237 0.00691031965202705 0.6318642375177225 73464.0
0.46100643759654575 0.00395069671360862 0.006832895479104921 0.52856115136657 81195.0
0.4762778901419031 0.003298535602527359 0.006156877940369652 0.47686487198400546 74868.0
0.4752957188641756 0.0022402333054278188 0.006923590273264064 0.5048315217841869 77748.0
0.46370960643245274 0.003373686075391259 0.006897351870621355 0.49255047616400277 80093.0
0.5003233071799414 0.001794511120322889 0.005461998399909798 0.4988584747234502 66653.0
0.47839902999088374 0.002144084065626401 0.006888062398362181 0.5006385207616156 75482.0
