0.49410335279003903 0.002362112033365189 0.005391395105265307 0.48134793281115185 68041.0
0.4924527621807624 0.002955734026883054 0.005178923530518986 0.45013694875248966 67193.0
0.49748511381047367 0.0013917114097554216 0.005953290770296383 0.4792941844938541 69055.0
0.48553440406552034 0.0023217324129122113 0.005670357677147729 0.5950290723343379 70692.0
0.4929860112081778 0.0018672141877965327 0.005814800909545895 0.4876747434028921 70298.0
0.49340708064154404 0.0017212637565818853 0.0058523509340487655 0.49455928918663533 70418.0
0.510196466723441 0.0022695043671350453 0.004562490729622486 0.4499461618892771 59991.0
0.48471361711329103 0.0022855563083760528 0.005985614824788363 0.5011694135847294 72419.0
0.46909941974469443 0.0030454685450406398 0.006442783216019396 0.48225869431965324 77897.0
0.48548984942415374 0.0027423059815751072 0.0056156820983504566 0.4683289276965582 71005.0
0.4758381336985202 0.002950831944397811 0.006251593613970828 0.4814314894774834 75654.0
0.46588829526411524 0.0016967891013167898 0.007550306917547973 0.5346441137368755 82334.0
0.49311418064416995 0.0021084778857960707 0.005585173981618384 0.4673815875695437 69161.0
0.48055552263854556 0.0010049932255124909 0.007163172844856229 0.5277099404720974 77216.0
0.5032291231698072 0.0016868569521059189 0.005271271028514594 0.48097077525843235 65564.0
0.513005995016766 0.0020477251491104642 0.00425969916568517 0.4377554081871943 58758.0
0.4841411248112922 0.0016187645471188083 0.006558441275235167 0.5175106526793506 73643.0
0.5091603759316777 0.0021070144499675597 0.004639709092555876 0.44031930499801786 61653.0
0.48829054559567664 0.00219737662535647 0.005735915012650942 0.4584177004876017 70852.0
0.5240674670625007 9.38986356526473E-4 0.0045827575486511105 0.47348870808477167 55895.0
