0.48329606948711457 0.001467278732812854 0.006718168461165704 0.5272055387631288 74810.0
0.4748045705253028 0.001737708581368991 0.0069365702416289065 0.5508276102035122 78161.0
0.47076801154790276 0.001622134906741392 0.007276631666840113 0.5439309371910978 80396.0
0.4896434775325411 0.0027164469072439444 0.005502989065964964 0.49697303744041454 70252.0
0.4813967553859921 0.0012629456025443787 0.006685892522904163 0.5315099219732938 76681.0
0.48687659846533227 0.001912200131569751 0.006232755843278239 0.5226471506915307 72890.0
0.46081581071770195 0.0025891305164105942 0.007235165247739247 0.5450923527628001 82556.0
0.4683980136869591 0.001873690318086871 0.007186077453484565 0.5468099277080909 80328.0
0.46772271906359275 0.0018945366802199286 0.007271635900733356 0.566728720362613 80492.0
0.48156528912696944 0.0021060442257363767 0.006270244759986996 0.4854563767050156 75119.0
0.4649838413459511 0.0025560905855731638 0.0071044573940322545 0.5373232319858756 80364.0
0.48131240658177904 0.0020484346327955512 0.006278334802362546 0.5280802299753946 75382.0
0.4763053960875628 0.0017485142931561758 0.0069504811359918555 0.5201216289654981 77424.0
0.4903039454003207 0.0028044230914186785 0.005423981801072058 0.4718495691832187 69887.0
0.49147385821702455 8.891639048599692E-4 0.006750642745075494 0.549471457014272 72735.0
0.46498705260984946 0.0020997868687982167 0.0074224861239549165 0.5201142359973968 81602.0
0.4737280084118602 0.0017272774701585863 0.007096620108939505 0.5465937007347329 78475.0
0.5013901459354099 8.889794506149462E-4 0.006085726190598113 0.5050855903151149 68047.0
0.47311341480419206 0.001538764374259289 0.007206111930354548 0.5588181707462958 79828.0
0.4673010574207064 0.002096307754301552 0.007096957440783761 0.5174526676792987 80581.0
