0.5711375372298435 0.0011845665399977565 4.686414305873362E-4 0.35519233410631046 3813.0
0.5680674943099672 0.0014056102720947105 6.089848850574183E-4 0.37060291113407906 9260.0
0.5589752485200618 0.0021317012773056634 0.0010525837308818645 0.39039756608559567 16997.0
0.5601405279368546 0.0019773802200699782 9.884532482392636E-4 0.3622875025154388 16739.0
0.5569634035129921 0.0022609636364656037 0.001146275356911433 0.4270802494130481 20357.0
0.5567179989776054 0.002656162785870485 0.0011817454088970949 0.40719539052418213 21789.0
0.5667766084945141 0.0015750222026068574 5.993040081553548E-4 0.3330892853047394 4073.09993070364
0.5605140657878921 0.0019735170121380537 7.338112708242025E-4 0.3515629195568576 7208.0
0.5608398537590145 0.001971841503998077 7.857904134877764E-4 0.35525922469446647 10770.0
0.5643104156766747 0.0016378504308773153 6.746370340600691E-4 0.3709222087950851 9340.0
0.5666324588178165 0.0014242696749050415 7.410914048610115E-4 0.3883051011178625 11253.0
0.5695988686011119 0.0012175554749852583 4.936848592748513E-4 0.37584192470293054 4290.49992698431
0.5660847027331912 0.0014105567733607993 9.254664856568475E-4 0.41038044023180886 16345.0
0.5663745201649724 0.0014562796225838105 5.53327990711666E-4 0.3520884571475752 4199.099928557873
0.555160977046062 0.0026595608723923385 0.0012000841063154386 0.3746507263530633 21285.0
0.5658406609596834 0.0015760620769990244 6.496628658955179E-4 0.3466071497158991 6732.0
0.567484678300973 0.0014083303627232219 5.482290768785049E-4 0.3423441737868329 3942.0999329686165
0.564329288922778 0.0016909560544809193 6.349811162691589E-4 0.3056013037065534 5592.0
0.5646553146437384 0.0016863160100279804 6.721869481902885E-4 0.36149563107379135 8698.0
0.5694031316030528 0.0012291733075323423 6.487671149939411E-4 0.37982362538192077 9445.0
