0.585930055245665 2.5823017088172996E-4 3.7923686503711017E-4 0.3404796918456881 4647.0
0.5703023045374858 0.0011537424489813006 0.0010201903800129463 0.3781909022531819 19480.0
0.5624562313323579 0.0018135591897015593 0.0015309771203410234 0.33674202818902677 28581.0
0.5705212943732437 0.0012765148177789854 0.0010672900961144398 0.34533391222656523 20769.0
0.5789693009669716 6.868025401352754E-4 5.824554309801689E-4 0.34709537678324226 11961.0
0.5627141808352806 0.0017111417001981508 0.001597147769466393 0.3602565457713318 29173.0
0.5512408004065477 0.0019577240354076665 0.0023088929118513382 0.42234305527985316 37674.0
0.5706954348089426 0.0014180907882602217 0.0010865886742666016 0.29307658347380655 21283.0
0.5610625940409824 0.0014893239715785005 0.0018398095115258939 0.4022503783244812 31591.0
0.568987411621884 8.868071280317867E-4 0.0016546069272898132 0.3864093865546947 25978.0
0.567888912605491 0.0014180122836596164 0.0013248577954710367 0.38261542518815084 25052.0
0.5557788851694354 0.0018922516263654768 0.0021087807197267463 0.3606492220029795 35779.0
0.5559724801372797 0.002225450164392085 0.0018740379877214305 0.39678862516046665 33596.0
0.5620516469170056 0.001622862151902626 0.0017160498767467087 0.3517037245795866 30371.0
0.5639909387761163 0.0017100833766462871 0.0015115437064579273 0.39263653526539893 27927.0
0.5805166212700352 3.7172732294860127E-4 8.93129968161476E-4 0.36336684989147783 15592.0
0.5674271443078585 0.0015491566980617875 0.0013070762292957906 0.3406973257449084 24468.0
0.5699765787871462 0.0010963094528918785 0.0011633970424832446 0.3500346727177269 22263.0
0.5698963943584691 0.0013616431071382822 0.0012079664104988675 0.39663502911227216 23646.0
0.5809969064661555 6.451590707346445E-4 5.029315444716188E-4 0.3408992491562098 9504.0
