0.0 -0.0 
97388.0 -64923.49889546633 
97388.0 -64923.49889546633 
0.0 -0.0 
29112.0 -25290.399569749832 
66947.0 -52477.99910724163 
19287.0 -17140.699708402157 
53139.0 -43051.59926760197 
50761.0 -41494.19929409027 
30466.0 -26484.49954944849 
73667.0 -56796.099033772945 
7477.0 -7969.799864411354 
92167.0 -64413.898904144764 
14335.0 -14194.199758529663 
42570.0 -35223.199400782585 
31122.0 -27471.7995326519 
32308.0 -28055.599522709846 
21872.0 -19366.599670529366 
84079.0 -62280.298940479755 
24796.0 -21189.29963952303 
65226.0 -51516.599123597145 
86052.0 -63094.398926615715 
47744.0 -38342.59934771061 
13765.0 -13176.799775838852 
21660.0 -18732.799681305885 
33329.0 -28679.59951210022 
51826.0 -42265.19928097725 
84806.0 -62640.0989343524 
74781.0 -57592.99902021885 
2382.0 -3991.8999320864677 
35860.0 -30369.99948334694 
48393.0 -39633.69932574034 
5184.0 -6778.099884688854 
39787.0 -33863.49942392111 
54210.0 -43278.399263739586 
26502.0 -23409.599601745605 
55550.0 -44768.59923839569 
93223.0 -64728.19889879227 
37753.0 -32057.599454641342 
73063.0 -56244.49904316664 
72454.0 -55647.79905331135 
9521.0 -9789.699833452702 
76092.0 -58272.99900865555 
15395.0 -14832.599747657776 
90017.0 -64402.6989043355 
49706.0 -39736.59932398796 
1025.0 -3015.799948692322 
43009.0 -35666.29939323664 
5935.0 -7022.39988052845 
13109.0 -12837.69978159666 
46498.0 -37618.49936002493 
27224.0 -24176.39958870411 
57513.0 -46300.79921233654 
12987.0 -11856.699798285961 
4471.0 -5946.899898827076 
76945.0 -58624.69900268316 
36397.0 -30584.899479687214 
38726.0 -32351.899449646473 
17789.0 -16105.799726009369 
81624.0 -61705.998950242996 
48132.0 -38705.19934153557 
68060.0 -53247.59909415245 
34729.0 -29589.199496626854 
20196.0 -18316.999688386917 
71418.0 -55395.0990576148 
41098.0 -34555.39941215515 
96931.0 -64907.39889574051 
10642.0 -10656.599818706512 
94964.0 -64866.79889643192 
34729.0 -29589.199496626854 
3030.0 -4914.799916386604 
44938.0 -36783.3993742466 
45206.0 -37046.59936976433 
63046.0 -50158.299146711826 
11962.0 -11788.099799454212 
9088.0 -9772.899833738804 
75272.0 -57850.19901585579 
16601.0 -15592.399734735489 
11844.0 -11041.599812150002 
41098.0 -34555.39941215515 
58487.0 -46786.599204063416 
67753.0 -52613.79910492897 
54581.0 -44133.39924919605 
80045.0 -60613.698968827724 
3698.0 -5004.399914860725 
49778.0 -40567.09930986166 
51755.0 -41823.499288499355 
8435.0 -8945.8998478055 
3737.0 -5939.899898946285 
82456.0 -61966.39894580841 
46326.0 -37450.49936288595 
64675.0 -51286.29912751913 
31070.0 -26503.399549126625 
56725.0 -45697.09922260046 
8435.0 -8945.8998478055 
68936.0 -53547.89908903837 
6482.0 -7754.199868083 
58666.0 -47045.59919965267 
23473.0 -20512.399651050568 
28015.0 -24225.399587869644 
60558.0 -47918.099184811115 
38837.0 -33095.999436974525 
64334.0 -50568.49913972616 
752.0 -2073.9999647140503 
2658.0 -4047.1999311447144 
15370.0 -14537.899752676487 
56418.0 -44933.79923558235 
25413.0 -22201.099622309208 
407.0 -1049.5999821424484 
61707.0 -49282.99916160107 
37132.0 -31312.49946731329 
60855.0 -48647.09917241335 
16601.0 -15592.399734735489 
33124.0 -28506.69951504469 
94697.0 -64728.898898780346 
81264.0 -60975.598962664604 
43997.0 -36232.19938361645 
87106.0 -63294.59892320633 
63844.0 -50471.89914137125 
456.0 -2029.8999654650688 
62469.0 -49801.2991527915 
88445.0 -63869.29891341925 
69950.0 -54484.09907311201 
59221.0 -47675.19918894768 
25413.0 -22201.099622309208 
79100.0 -60027.79897880554 
25895.0 -23028.09960824251 
43871.0 -36202.09938412905 
23028.0 -20066.899658620358 
61314.0 -48731.79917097092 
69578.0 -53640.99908745289 
80902.0 -60891.598964095116 
37277.0 -31324.399467110634 
89460.0 -64102.39890944958 
1025.0 -3015.799948692322 
77291.0 -59269.39899170399 
70937.0 -54657.69907015562 
18203.0 -16273.799723148346 
60144.0 -47748.69918769598 
10642.0 -10656.599818706512 
57391.0 -45698.49922257662 
88445.0 -63869.29891341925 
19724.0 -17964.199694395065 
87106.0 -63294.59892320633 
69733.0 -54209.699077785015 
71044.0 -54905.49906593561 
77631.0 -59324.698990762234 
62407.0 -49329.899160802364 
78456.0 -59533.998987197876 
63.0 -796.8999864459038 
