0.0 -0.0 
97388.0 -64923.49889546633 
97388.0 -64923.49889546633 
0.0 -0.0 
13168.0 -12390.399789214134 
61842.0 -49241.6991623044 
36467.0 -31255.099468290806 
59830.0 -47792.09918695688 
34702.0 -29344.899500787258 
78832.0 -59934.698980391026 
93538.0 -64499.99890267849 
7741.0 -8712.09985178709 
58916.0 -47205.49919694662 
10587.0 -10581.699819982052 
24939.0 -22132.49962347746 
22851.0 -19487.699668467045 
18819.0 -16218.4997240901 
45948.0 -37192.899367272854 
47276.0 -38199.0993501544 
15241.0 -14565.19975221157 
53540.0 -43272.099263846874 
33997.0 -29031.699506103992 
31421.0 -27634.199529886246 
87973.0 -63387.698921620846 
54329.0 -43800.899254858494 
77419.0 -59175.59899330139 
37889.0 -31541.699463427067 
58024.0 -46625.59920680523 
40939.0 -34190.399418354034 
5757.0 -6997.8998809456825 
86314.0 -63319.798922777176 
80209.0 -60751.5989664793 
21309.0 -18139.199691414833 
9088.0 -9772.899833738804 
28695.0 -25298.399569630623 
94720.0 -64878.69889622927 
69651.0 -53970.99908185005 
4974.0 -6850.899883449078 
56759.0 -44859.19923686981 
19855.0 -18111.89969187975 
83831.0 -62044.09894448519 
1654.0 -3919.7999333143234 
17977.0 -15460.399737000465 
89169.0 -63566.89891856909 
21459.0 -19062.79967570305 
4448.0 -5958.099898636341 
55262.0 -44269.89924687147 
74324.0 -57079.19902896881 
27362.0 -23937.699592769146 
13329.0 -13217.399775147438 
95874.0 -64889.89889603853 
3682.0 -5864.999900221825 
89532.0 -64213.69890755415 
10136.0 -9821.19983291626 
74883.0 -57533.09902125597 
29390.0 -25674.299563229084 
3108.0 -5035.899914324284 
35848.0 -30220.899485886097 
24744.0 -21370.59963643551 
13983.0 -13671.699767410755 
11875.0 -11021.999812483788 
68649.0 -53639.89908748865 
6475.0 -7901.899865567684 
79485.0 -60199.99897587299 
48796.0 -39276.69933182001 
32257.0 -27819.99952673912 
57258.0 -45605.69922417402 
64040.0 -50657.399138212204 
48011.0 -38786.39934015274 
81537.0 -60875.4989643693 
44630.0 -36291.69938260317 
49727.0 -40163.899316728115 
75378.0 -58183.39901018143 
84712.0 -62346.79893934727 
39903.0 -33789.29942518473 
42644.0 -35273.59939992428 
23068.0 -20320.99965429306 
55621.0 -44786.79923808575 
51076.0 -41643.99929153919 
19816.0 -17235.89970678091 
8666.0 -8816.399850010872 
91743.0 -64474.098903119564 
62987.0 -49620.6991558671 
23752.0 -21145.899640262127 
72738.0 -55748.599051594734 
1654.0 -3919.7999333143234 
57377.0 -46159.39921474457 
48880.0 -39939.89932054281 
50728.0 -40904.49930411577 
38580.0 -32562.299446046352 
3108.0 -5035.899914324284 
82896.0 -61664.69895094633 
16228.0 -15250.099740564823 
60683.0 -48457.39917564392 
66551.0 -51718.899120152 
50193.0 -40726.29930716753 
1025.0 -3015.799948692322 
456.0 -2029.8999654650688 
91278.0 -64317.99890577793 
73903.0 -56224.199043512344 
16309.0 -15316.599739432335 
65570.0 -50693.09913760424 
60683.0 -48457.39917564392 
45084.0 -36849.89937311411 
19068.0 -17062.99970972538 
52800.0 -42636.19927465916 
41539.0 -34758.39940869808 
63823.0 -50156.19914674759 
51928.0 -42279.19928073883 
66947.0 -52271.499110758305 
221.0 -1017.3999826908112 
6475.0 -7901.899865567684 
35848.0 -30220.899485886097 
1025.0 -3015.799948692322 
23709.0 -20515.899650990963 
29813.0 -26356.39955163002 
67650.0 -53067.69909721613 
67648.0 -52285.899110496044 
72028.0 -55077.999063014984 
76235.0 -58461.9990054369 
41769.0 -34962.79940521717 
33026.0 -28295.29951864481 
26609.0 -23218.49960500002 
70968.0 -54894.29906612635 
68380.0 -53068.39909720421 
27951.0 -24663.199580430984 
26777.0 -23610.09959834814 
82146.0 -61144.99895977974 
51847.0 -41745.49928981066 
11982.0 -11412.89980584383 
83.0 -980.2999833226204 
85051.0 -62874.59893035889 
26001.0 -22881.099610745907 
39531.0 -32829.99944150448 
72481.0 -55635.899053514004 
456.0 -2029.8999654650688 
14416.0 -14260.699757397175 
74037.0 -56260.599042892456 
33026.0 -28295.29951864481 
70491.0 -54355.99907529354 
63450.0 -49727.7991540432 
47454.0 -38486.09934526682 
65691.0 -51048.999131560326 
11982.0 -11412.89980584383 
26001.0 -22881.099610745907 
27951.0 -24663.199580430984 
82612.0 -61373.49895590544 
30752.0 -26662.299546420574 
43732.0 -36069.7993863821 
65870.0 -51562.799122810364 
