0.0 -0.0 
97388.0 -64923.49889546633 
97388.0 -64923.49889546633 
0.0 -0.0 
92889.0 -64707.898899137974 
62122.0 -49658.19915521145 
24397.0 -21727.199630379677 
90435.0 -64262.698906719685 
56617.0 -45687.29922276735 
94669.0 -64866.79889643192 
75147.0 -57224.09902650118 
19805.0 -18030.699693262577 
55395.0 -44208.29924792051 
50468.0 -41278.59929776192 
11589.0 -10540.699820697308 
9088.0 -9772.899833738804 
43155.0 -35801.69939094782 
84035.0 -61899.8989469409 
23742.0 -20367.19965350628 
31498.0 -27671.999529242516 
15723.0 -14714.999749660492 
68800.0 -53353.29909235239 
125.0 -1049.5999821424484 
55503.0 -44890.39923632145 
6033.0 -7053.199880003929 
28848.0 -25441.899567186832 
71083.0 -54627.59907066822 
26040.0 -22788.69961231947 
80751.0 -60770.49896615744 
29905.0 -25973.199558138847 
60076.0 -48350.29917746782 
44509.0 -36327.3993819952 
4974.0 -6850.899883449078 
1654.0 -3919.7999333143234 
12043.0 -11854.599798321724 
39765.0 -33217.799434900284 
54219.0 -43237.09926444292 
63816.0 -50130.69914716482 
7780.0 -8733.099851429462 
34292.0 -29331.599501013756 
87513.0 -63228.7989243269 
89802.0 -64098.1989095211 
85158.0 -62745.09893256426 
58600.0 -46594.79920732975 
2658.0 -4047.1999311447144 
8547.0 -8747.799851179123 
96583.0 -64882.19889616966 
46269.0 -37592.599360466 
75699.0 -58219.79900956154 
78387.0 -59660.69898504019 
4400.0 -6021.799897551537 
51374.0 -41657.299291312695 
49739.0 -40318.59931409359 
3682.0 -5864.999900221825 
51760.0 -42264.49928098917 
77003.0 -59061.4989952445 
67617.0 -52817.7991014719 
73848.0 -56878.29903239012 
12773.0 -11855.299798309803 
38966.0 -32985.39943885803 
86284.0 -63057.298927247524 
28250.0 -24873.199576854706 
33016.0 -28679.59951210022 
37671.0 -31201.199469208717 
26752.0 -23823.599594712257 
10296.0 -9978.999830245972 
6698.0 -7937.599864959717 
22620.0 -19211.19967317581 
79118.0 -60167.09897643328 
37177.0 -30899.499474346638 
73446.0 -56608.499036967754 
61259.0 -49011.099166214466 
59141.0 -47486.19919216633 
21473.0 -18926.99967801571 
37673.0 -32217.89945191145 
40344.0 -34163.79941880703 
57541.0 -46183.599214315414 
30951.0 -26860.39954304695 
19358.0 -17282.09970599413 
25580.0 -21821.299628794193 
33979.0 -29096.799504995346 
83255.0 -61624.798951625824 
52547.0 -42638.99927461147 
59387.0 -47643.69918948412 
69938.0 -54476.39907324314 
13766.0 -13665.399767518044 
77475.0 -59414.298989236355 
88318.0 -63707.59891617298 
71597.0 -55561.69905477762 
81224.0 -60906.998963832855 
66315.0 -51124.599130272865 
33016.0 -28679.59951210022 
48471.0 -38687.69934183359 
17705.0 -16033.699727237225 
10398.0 -10534.799820780754 
73047.0 -55829.79905021191 
45000.0 -36695.199375748634 
65414.0 -50903.39913403988 
1025.0 -3015.799948692322 
17705.0 -16033.699727237225 
16938.0 -15601.499734580517 
35368.0 -30202.69948619604 
3323.0 -4931.599916100502 
54219.0 -43237.09926444292 
66764.0 -52174.199112415314 
456.0 -2029.8999654650688 
26942.0 -23831.999594569206 
23199.0 -20157.199657082558 
66713.0 -51475.29912430048 
41231.0 -34299.59941649437 
23042.0 -19482.79966855049 
3030.0 -4914.799916386604 
47735.0 -38645.69934254885 
28061.0 -24306.899586498737 
69260.0 -54072.49908012152 
82694.0 -60932.89896339178 
19154.0 -16946.799711704254 
13766.0 -13665.399767518044 
1025.0 -3015.799948692322 
13101.0 -12893.699780642986 
48905.0 -39290.69933158159 
41361.0 -34818.59940767288 
47102.0 -37998.899353563786 
16938.0 -15601.499734580517 
6698.0 -7937.599864959717 
13130.0 -12897.89978057146 
42202.0 -34910.99940609932 
75699.0 -58219.79900956154 
456.0 -2029.8999654650688 
49173.0 -39492.999328136444 
49291.0 -40239.499315440655 
31172.0 -27552.999531269073 
35368.0 -30202.69948619604 
30250.0 -26647.599546670914 
52547.0 -42638.99927461147 
58145.0 -46202.49921399355 
36148.0 -30627.19947898388 
60861.0 -48791.99916994572 
79118.0 -60167.09897643328 
47506.0 -38012.89935332537 
82756.0 -61256.59895789623 
85595.0 -62808.798931479454 
21066.0 -18706.19968175888 
38535.0 -32336.89944988489 
19154.0 -16946.799711704254 
72752.0 -55651.29905325174 
45987.0 -36876.499372661114 
64349.0 -50256.699145019054 
14838.0 -14532.299752771854 
21066.0 -18706.19968175888 
