97388.0 -64923.49889546633 
0.0 -0.0 
97388.0 -64923.49889546633 
0.0 -0.0 
14838.0 -14532.299752771854 
49062.0 -40231.799315571785 
61111.0 -48808.099169671535 
62402.0 -49704.39915442467 
54216.0 -43861.099253833294 
78004.0 -59501.79898774624 
29840.0 -25262.39957022667 
66140.0 -51531.299123346806 
28459.0 -24903.999576330185 
88863.0 -63926.69891244173 
31018.0 -26668.599546313286 
55834.0 -44243.59924733639 
69382.0 -53912.59908282757 
50315.0 -41011.89930230379 
24870.0 -22075.799624443054 
18456.0 -16470.499719798565 
16496.0 -14938.999745845795 
22982.0 -20151.599657177925 
30240.0 -26273.09955304861 
38081.0 -32015.599455356598 
79683.0 -60484.198971033096 
31594.0 -27824.599526643753 
74170.0 -56924.199031591415 
5328.0 -6932.799882054329 
17410.0 -15733.099732339382 
79241.0 -59685.198984622955 
41242.0 -34311.099416315556 
63590.0 -49909.09915095568 
9033.0 -9697.999835014343 
50888.0 -41331.09929686785 
11105.0 -10611.099819481373 
58920.0 -47397.999193668365 
4400.0 -6021.799897551537 
10628.0 -10024.499829471111 
36396.0 -30204.0994861722 
87590.0 -63335.198922514915 
45127.0 -37135.49936825037 
81820.0 -61533.798953175545 
92444.0 -64666.59889984131 
40347.0 -34074.89942032099 
34743.0 -29640.299495756626 
85839.0 -63207.098924696445 
11769.0 -11628.499802172184 
38472.0 -32738.29944306612 
2924.0 -4270.799927353859 
59843.0 -47701.0991885066 
21088.0 -18477.999685645103 
24216.0 -21104.59964096546 
12679.0 -12622.099785268307 
56132.0 -45006.599234342575 
75068.0 -57537.6990211606 
7774.0 -8740.099851310253 
13039.0 -12622.799785256386 
21831.0 -19183.899673640728 
66628.0 -52330.999109745026 
23712.0 -20152.299657166004 
33370.0 -28831.499509513378 
68093.0 -52933.99909949303 
6033.0 -7053.199880003929 
82775.0 -61686.39895057678 
53363.0 -43199.29926508665 
6475.0 -7901.899865567684 
43355.0 -35478.29939645529 
13902.0 -13605.199768543243 
76018.0 -58305.199008107185 
19407.0 -17330.399705171585 
47435.0 -38344.69934767485 
26867.0 -23207.999605178833 
57536.0 -46469.499209463596 
7774.0 -8740.099851310253 
51652.0 -42193.799282193184 
52863.0 -42424.39927828312 
83587.0 -62078.39894390106 
32758.0 -28091.99952208996 
67374.0 -52489.199107050896 
19834.0 -18051.69969290495 
44524.0 -36353.29938155413 
14043.0 -13665.399767518044 
26889.0 -23852.99959421158 
36879.0 -30215.999485969543 
42096.0 -35008.29940444231 
57005.0 -45850.39921998978 
84367.0 -62254.79894089699 
18768.0 -17068.599709630013 
39175.0 -33177.89943557978 
34090.0 -28977.099507033825 
11411.0 -11568.999803185463 
88451.0 -63451.39892053604 
56583.0 -45578.7992246151 
76872.0 -58646.79900228977 
36894.0 -31412.599465608597 
81070.0 -60842.59896492958 
91885.0 -64481.098903000355 
24638.0 -21376.19963634014 
187.0 -1017.3999826908112 
16601.0 -15592.399734735489 
75783.0 -57675.59901881218 
46761.0 -37821.49935656786 
37153.0 -31455.9994648695 
456.0 -2029.8999654650688 
9348.0 -9765.899833858013 
1699.0 -3930.9999331235886 
27794.0 -24136.499589383602 
25920.0 -22814.599611878395 
90632.0 -64461.49890333414 
39959.0 -33239.09943455458 
45875.0 -37435.79936313629 
64166.0 -50610.499139010906 
1025.0 -3015.799948692322 
58363.0 -46622.79920685291 
48890.0 -39164.39933371544 
85077.0 -62604.398934960365 
68461.0 -53532.49908930063 
70680.0 -54888.699066221714 
80756.0 -60822.29896527529 
60212.0 -48383.89917689562 
44524.0 -36353.29938155413 
20326.0 -18296.699688732624 
43355.0 -35478.29939645529 
47939.0 -38720.59934127331 
21771.0 -19177.599673748016 
90632.0 -64461.49890333414 
94228.0 -64864.698896467686 
456.0 -2029.8999654650688 
71424.0 -55396.49905759096 
85.0 -871.0999851822853 
6475.0 -7901.899865567684 
3635.0 -5301.4999098181725 
85551.0 -62782.19893193245 
52965.0 -42980.1992688179 
3635.0 -5301.4999098181725 
34481.0 -29566.099497020245 
76872.0 -58646.79900228977 
25920.0 -22814.599611878395 
97092.0 -64919.29889553785 
94228.0 -64864.698896467686 
3737.0 -5939.899898946285 
95569.0 -64866.79889643192 
95809.0 -64882.89889615774 
64990.0 -50910.09913390875 
32227.0 -27989.099523842335 
42096.0 -35008.29940444231 
73214.0 -56019.09904700518 
73393.0 -56532.899038255215 
71158.0 -54919.49906569719 
68972.0 -53650.09908729792 
