97388.0 -64923.49889546633 
0.0 -0.0 
97388.0 -64923.49889546633 
0.0 -0.0 
15783.0 -14920.09974616766 
41321.0 -34329.29941600561 
17969.0 -15793.599731326103 
69184.0 -54068.99908018112 
42857.0 -35185.399401426315 
5029.0 -6925.799882173538 
51778.0 -42251.89928120375 
91692.0 -64432.09890383482 
60207.0 -48497.99917495251 
21676.0 -19173.399673819542 
61567.0 -49111.499164521694 
48979.0 -39797.09932297468 
70689.0 -54708.79906928539 
13559.0 -12863.599781155586 
48058.0 -39310.29933124781 
66940.0 -52169.29911249876 
50440.0 -40392.09931284189 
37978.0 -31977.09945601225 
73302.0 -56573.4990375638 
1699.0 -3930.9999331235886 
19774.0 -18045.399693012238 
28300.0 -24954.399575471878 
78235.0 -59632.698985517025 
54572.0 -43648.299257457256 
77124.0 -58885.09899824858 
47407.0 -38542.799344301224 
27893.0 -24225.399587869644 
11293.0 -10822.499815881252 
74343.0 -57250.69902604818 
3682.0 -5864.999900221825 
90228.0 -64017.69891089201 
11492.0 -11635.499802052975 
35936.0 -29917.79949104786 
73032.0 -55908.19904887676 
57753.0 -46500.999208927155 
94001.0 -64824.0988971591 
14416.0 -14260.699757397175 
93227.0 -64437.69890373945 
24528.0 -21874.89962786436 
84178.0 -62490.29893690348 
78627.0 -60005.79897916317 
60085.0 -47738.199187874794 
8095.0 -8806.599850177765 
2746.0 -4055.599931001663 
56319.0 -44738.49923890829 
68074.0 -53302.8990932107 
9266.0 -9797.399833321571 
26802.0 -23904.79959332943 
7276.0 -7973.299864351749 
89536.0 -63855.998913645744 
62109.0 -49574.89915663004 
34573.0 -29281.89950186014 
30094.0 -26037.199557065964 
39692.0 -32756.499442756176 
43446.0 -35803.09939092398 
56802.0 -45762.89922147989 
21038.0 -18347.799687862396 
30722.0 -27000.399540662766 
53258.0 -42865.399270772934 
25634.0 -22794.99961221218 
63571.0 -50031.29914885759 
25634.0 -22794.99961221218 
36243.0 -30970.199473142624 
53403.0 -42877.29927057028 
70924.0 -55236.89906030893 
24745.0 -21881.199627757072 
39787.0 -33863.49942392111 
81606.0 -61156.198959589005 
47091.0 -37888.29935544729 
80727.0 -60942.69896322489 
86376.0 -63236.49892419577 
83522.0 -61756.39894938469 
12142.0 -12230.799791932106 
82417.0 -61417.2989551425 
19358.0 -17282.09970599413 
51456.0 -41633.79929172993 
18282.0 -16518.79971897602 
66377.0 -51801.49911874533 
1025.0 -3015.799948692322 
58362.0 -46671.79920601845 
63056.0 -49936.39915049076 
43860.0 -36246.89938336611 
64221.0 -50858.99913477898 
38619.0 -32753.69944280386 
14123.0 -13229.999774932861 
32411.0 -28058.699522674084 
23441.0 -20831.599645614624 
4400.0 -6021.799897551537 
54814.0 -44024.8992510438 
30219.0 -26662.299546420574 
7948.0 -8239.599859833717 
88068.0 -63631.29891747236 
58973.0 -47430.89919310808 
456.0 -2029.8999654650688 
6322.0 -7487.499872624874 
56505.0 -45606.09922415018 
75366.0 -57878.19901537895 
97227.0 -64871.69889634848 
75069.0 -57424.29902309179 
51456.0 -41633.79929172993 
1025.0 -3015.799948692322 
3030.0 -4914.799916386604 
36467.0 -31255.099468290806 
71742.0 -55664.599053025246 
10276.0 -10404.599822998047 
86376.0 -63236.49892419577 
21575.0 -18562.69968420267 
339.0 -1049.5999821424484 
34190.0 -29266.499502122402 
29039.0 -25595.899564564228 
55290.0 -44552.29924207926 
38569.0 -32086.299454152584 
33492.0 -28786.699510276318 
6322.0 -7487.499872624874 
33492.0 -28786.699510276318 
67777.0 -53146.099095880985 
65810.0 -51484.39912414551 
39706.0 -33796.9994250536 
58948.0 -47136.19919812679 
23344.0 -20169.099656879902 
95532.0 -64843.69889682531 
76661.0 -58601.29900306463 
32411.0 -28058.699522674084 
29147.0 -25604.299564421177 
31421.0 -27634.199529886246 
3030.0 -4914.799916386604 
85015.0 -62672.298933804035 
23441.0 -20831.599645614624 
45674.0 -37045.19936978817 
44781.0 -36342.79938173294 
31356.0 -27617.399530172348 
26802.0 -23904.79959332943 
9083.0 -9358.499840795994 
10276.0 -10404.599822998047 
85015.0 -62672.298933804035 
85.0 -871.0999851822853 
65112.0 -51473.89912432432 
83350.0 -61493.89895385504 
46544.0 -37518.39936172962 
12142.0 -12230.799791932106 
456.0 -2029.8999654650688 
79863.0 -60750.19896650314 
22978.0 -19985.699660003185 
46064.0 -37499.49936205149 
22978.0 -19985.699660003185 
87879.0 -63584.398918271065 
