97388.0 -64923.49889546633 
0.0 -0.0 
97388.0 -64923.49889546633 
0.0 -0.0 
77499.0 -59266.59899175167 
48949.0 -40040.6993188262 
50524.0 -41103.59930074215 
66883.0 -52491.99910700321 
6374.0 -7208.199877381325 
28495.0 -24925.699575960636 
5074.0 -6936.999881982803 
3146.0 -4769.1999188661575 
70522.0 -54992.59906446934 
85472.0 -62785.398931860924 
74557.0 -57539.79902112484 
7413.0 -7977.799864292145 
95521.0 -64856.29889661074 
79295.0 -59816.39898240566 
32566.0 -28405.899516761303 
38397.0 -32681.599444031715 
86610.0 -63505.29891961813 
26578.0 -23273.799604058266 
8860.0 -8815.999850034714 
37597.0 -31225.699468791485 
45320.0 -36732.69937509298 
3682.0 -5864.999900221825 
35077.0 -30073.199488401413 
92641.0 -64477.59890305996 
84498.0 -62532.69893616438 
45969.0 -37574.39936077595 
4400.0 -6021.799897551537 
22140.0 -18654.39968264103 
37723.0 -32299.09945052862 
12043.0 -11854.599798321724 
30495.0 -26700.099545776844 
25196.0 -22194.799622416496 
56890.0 -45968.69921797514 
53932.0 -42947.999269366264 
20412.0 -18412.19968676567 
83262.0 -62197.398941874504 
61464.0 -48916.59916782379 
29813.0 -26356.39955163002 
9311.0 -9725.999834537506 
91263.0 -64414.59890413284 
64830.0 -50686.799137711525 
36047.0 -30339.89948385954 
88980.0 -63738.39891564846 
73445.0 -56553.89903789759 
17581.0 -16081.99972641468 
63063.0 -50149.1991468668 
82458.0 -61948.198946118355 
87414.0 -63690.79891645908 
71211.0 -55241.09906023741 
7808.0 -8572.799854159355 
79366.0 -60258.09897488356 
18578.0 -16366.899721562862 
51436.0 -41346.49929660559 
19833.0 -17466.199702858925 
76311.0 -58499.09900480509 
65283.0 -51359.79912626743 
60938.0 -48591.09917336702 
74135.0 -57268.19902575016 
63840.0 -50433.3991420269 
60299.0 -47964.99918401241 
73204.0 -56020.199046969414 
16938.0 -15601.499734580517 
54244.0 -43742.79925584793 
55439.0 -44517.99924266338 
56585.0 -44906.49923604727 
59563.0 -47802.59918677807 
36333.0 -31117.19947063923 
39748.0 -33149.899436056614 
22564.0 -19591.999666690826 
33464.0 -28911.299508154392 
55044.0 -43877.89925354719 
27721.0 -24116.19958972931 
69037.0 -53433.099090993404 
10324.0 -10525.699820935726 
81992.0 -61203.0989587903 
18768.0 -17068.599709630013 
58929.0 -47238.39919638634 
57670.0 -46149.99921488762 
43108.0 -35314.199399232864 
80627.0 -60724.9989669323 
10211.0 -9806.099833190441 
68560.0 -53079.29909700155 
13766.0 -13665.399767518044 
94.0 -1049.5999821424484 
43444.0 -35908.79938912392 
66593.0 -51777.99911916256 
1654.0 -3919.7999333143234 
58637.0 -46298.39921236038 
12766.0 -12632.599785089493 
47052.0 -37637.399359703064 
90196.0 -64217.898907482624 
62542.0 -49457.299158632755 
21233.0 -18489.899685442448 
2658.0 -4047.1999311447144 
51733.0 -42075.49928420782 
10916.0 -10874.299814999104 
41001.0 -34402.49941474199 
456.0 -2029.8999654650688 
27721.0 -24116.19958972931 
69525.0 -53975.199081778526 
52222.0 -42198.69928210974 
1025.0 -3015.799948692322 
48355.0 -39468.49932855368 
1552.0 -3363.999942779541 
23752.0 -21145.899640262127 
97307.0 -64856.998896598816 
31276.0 -27367.49953442812 
15703.0 -14561.699752271175 
24498.0 -21390.8996360898 
44625.0 -36381.29938107729 
66089.0 -51590.79912233353 
25945.0 -23109.299606859684 
89573.0 -64124.09890908003 
41765.0 -34793.399408102036 
12766.0 -12632.599785089493 
14416.0 -14260.699757397175 
13766.0 -13665.399767518044 
12386.0 -11881.199797868729 
456.0 -2029.8999654650688 
47118.0 -38332.7993478775 
93775.0 -64827.598897099495 
81291.0 -61197.49895888567 
69525.0 -53975.199081778526 
93936.0 -64839.49889689684 
29198.0 -25665.899563372135 
14759.0 -14287.29975694418 
25908.0 -22429.299618422985 
56054.0 -44874.29923659563 
29198.0 -25665.899563372135 
34242.0 -29455.49949890375 
58712.0 -46874.79920256138 
48060.0 -39306.79933130741 
48048.0 -38542.799344301224 
84.0 -829.7999858856201 
19445.0 -17292.599705815315 
34242.0 -29455.49949890375 
10916.0 -10874.299814999104 
16300.0 -15234.699740827084 
72273.0 -55630.29905360937 
39787.0 -33863.49942392111 
76082.0 -58318.49900788069 
41765.0 -34793.399408102036 
31357.0 -27433.99953329563 
40702.0 -34128.099419415 
72273.0 -55630.29905360937 
52897.0 -42681.99927389622 
