97388.0 -64923.49889546633 
0.0 -0.0 
97388.0 -64923.49889546633 
0.0 -0.0 
85065.0 -62549.49893587828 
80683.0 -60521.998970389366 
21961.0 -19198.59967339039 
42472.0 -35338.69939881563 
59257.0 -47730.499188005924 
49002.0 -39719.79932427406 
72332.0 -55311.099059045315 
19560.0 -17344.399704933167 
64695.0 -51276.499127686024 
55059.0 -44234.19924747944 
73041.0 -56373.999040961266 
34119.0 -29133.899504363537 
75580.0 -58363.99900710583 
81223.0 -61123.59896016121 
87121.0 -63122.39892613888 
74630.0 -57596.499020159245 
49850.0 -40149.899316966534 
52750.0 -42662.79927420616 
54221.0 -43043.19926774502 
1654.0 -3919.7999333143234 
31675.0 -27891.099525511265 
5029.0 -6925.799882173538 
46224.0 -37580.69936066866 
16331.0 -15219.999741077423 
91031.0 -64486.69890290499 
48383.0 -38685.599341869354 
36182.0 -30412.699482619762 
4400.0 -6021.799897551537 
41746.0 -34511.69941288233 
7432.0 -7958.599864602089 
13806.0 -12914.699780285358 
78875.0 -59999.0989792943 
62863.0 -49876.59915149212 
60685.0 -48528.799174427986 
66846.0 -52086.69911390543 
28645.0 -25217.19957101345 
6420.0 -7826.999866843224 
29795.0 -25286.199569821358 
24233.0 -21107.399640917778 
3682.0 -5864.999900221825 
71216.0 -55154.99906170368 
94694.0 -64758.998898267746 
8961.0 -9509.699838221073 
58556.0 -47002.89920037985 
26507.0 -23137.299606382847 
44835.0 -36720.39937531948 
2852.0 -3976.499932348728 
8961.0 -9509.699838221073 
60869.0 -48543.49917417765 
25343.0 -21902.199627399445 
57700.0 -46245.89921325445 
52225.0 -42167.19928264618 
43445.0 -36093.59938597679 
88394.0 -63709.69891613722 
12043.0 -11854.599798321724 
78140.0 -59270.098991692066 
29813.0 -26356.39955163002 
47373.0 -38339.099347770214 
14968.0 -14511.999753117561 
30919.0 -27247.09953647852 
83391.0 -61771.09894913435 
45918.0 -37208.29936701059 
38759.0 -32334.799449920654 
10453.0 -10609.699819505215 
68151.0 -53206.299094855785 
17810.0 -16165.999724984169 
24588.0 -21881.199627757072 
125.0 -1049.5999821424484 
88905.0 -63960.298911869526 
27619.0 -23915.999593138695 
92796.0 -64709.29889911413 
26802.0 -23904.79959332943 
36924.0 -31277.499467909336 
77160.0 -59263.098991811275 
50611.0 -41095.1993008852 
23148.0 -20114.499657809734 
12679.0 -12622.099785268307 
74512.0 -56838.09903305769 
10453.0 -10609.699819505215 
61945.0 -49431.39915907383 
17355.0 -15824.099730789661 
25715.0 -22861.499611079693 
40935.0 -34417.19941449165 
96672.0 -64915.09889560938 
63302.0 -50429.19914209843 
70842.0 -54507.8990727067 
95204.0 -64895.498895943165 
50391.0 -41004.19930243492 
56801.0 -45112.999232530594 
74024.0 -56497.19903886318 
6033.0 -7053.199880003929 
87146.0 -63417.09892112017 
13983.0 -13671.699767410755 
7995.0 -8720.49985164404 
43343.0 -35999.09938758612 
1025.0 -3015.799948692322 
92590.0 -64641.39890027046 
51339.0 -41881.59928750992 
35310.0 -29923.79949092865 
69842.0 -53970.29908186197 
39054.0 -33102.29943686724 
663.0 -2035.4999653697014 
36417.0 -31173.899469673634 
456.0 -2029.8999654650688 
56845.0 -45957.499218165874 
67462.0 -52957.799099087715 
39259.0 -33367.599432349205 
39925.0 -33843.899424254894 
37439.0 -32007.899455487728 
21538.0 -18513.699685037136 
19855.0 -18111.89969187975 
16838.0 -15323.599739313126 
35310.0 -29923.79949092865 
67284.0 -52459.799107551575 
3344.0 -4922.499916255474 
40463.0 -33880.299423635006 
23441.0 -20831.599645614624 
11055.0 -11187.49980968237 
14673.0 -13744.499766170979 
78635.0 -59982.99897956848 
45029.0 -36783.3993742466 
27951.0 -24663.199580430984 
38308.0 -32014.89945536852 
70135.0 -54395.89907461405 
32595.0 -28296.699518620968 
21055.0 -18501.799685239792 
59222.0 -47004.29920035601 
12601.0 -11866.499798119068 
20285.0 -18148.99969124794 
18479.0 -16622.399717211723 
3344.0 -4922.499916255474 
18479.0 -16622.399717211723 
7995.0 -8720.49985164404 
61945.0 -49431.39915907383 
1025.0 -3015.799948692322 
69355.0 -53244.799094200134 
63302.0 -50429.19914209843 
83.0 -746.4999873042107 
30468.0 -26518.099548876286 
23148.0 -20114.499657809734 
76529.0 -58592.89900320768 
76887.0 -58595.69900316 
90126.0 -64082.79890978336 
82512.0 -61557.59895277023 
11055.0 -11187.49980968237 
56292.0 -44880.59923648834 
