0.0 -0.0 
97388.0 -64923.49889546633 
0.0 -0.0 
97388.0 -64923.49889546633 
1654.0 -3919.7999333143234 
33733.0 -28889.59950852394 
27302.0 -23423.19960153103 
57857.0 -46552.09920805693 
23344.0 -20169.099656879902 
24592.0 -21820.299628794193 
25802.0 -22871.99961090088 
12323.0 -11697.099801003933 
22296.0 -19459.699668943882 
42625.0 -35062.89940351248 
78795.0 -59337.29899054766 
43445.0 -36093.59938597679 
87689.0 -63171.09892529249 
48349.0 -38668.09934216738 
66309.0 -51771.69911926985 
38837.0 -33095.999436974525 
15864.0 -14986.599745035172 
18658.0 -16811.399713993073 
59182.0 -47583.49919050932 
61820.0 -48732.79917097092 
88999.0 -63896.59891295433 
51389.0 -41962.79928612709 
76907.0 -58025.899012863636 
13188.0 -12904.199780464172 
80210.0 -59892.69898110628 
5757.0 -6997.8998809456825 
47270.0 -38475.59934544563 
36172.0 -30487.599481344223 
58845.0 -47122.89919835329 
8711.0 -9001.199846863747 
67540.0 -52999.09909838438 
21510.0 -19101.299675047398 
5029.0 -6925.799882173538 
51841.0 -42268.699280917645 
3108.0 -5035.899914324284 
25684.0 -22125.49962359667 
54537.0 -43943.699252426624 
4400.0 -6021.799897551537 
3737.0 -5939.899898946285 
7774.0 -8740.099851310253 
76980.0 -59017.39899599552 
81142.0 -61295.09895724058 
19834.0 -18051.69969290495 
12483.0 -12435.899788439274 
64689.0 -51203.6991289258 
62562.0 -49958.09915012121 
31222.0 -26883.49954265356 
9088.0 -9772.899833738804 
60076.0 -48350.29917746782 
52930.0 -42811.499271690845 
62035.0 -49434.199159026146 
40600.0 -34156.09941893816 
7419.0 -8015.299863636494 
37837.0 -32063.199454545975 
84667.0 -62465.09893733263 
75206.0 -57540.49902111292 
72060.0 -55319.499058902264 
46209.0 -37029.79937005043 
34931.0 -29703.99949467182 
94943.0 -64662.398899912834 
49487.0 -40238.0993154645 
95656.0 -64881.49889618158 
92059.0 -64464.29890328646 
75667.0 -57920.199014663696 
90617.0 -64240.298907101154 
88283.0 -63776.89891499281 
45183.0 -36835.89937335253 
83705.0 -61960.0989459157 
86034.0 -62808.798931479454 
50400.0 -40294.7993144989 
30253.0 -26586.699547708035 
34931.0 -29703.99949467182 
29340.0 -25691.79956293106 
10076.0 -9837.999832630157 
14973.0 -14560.999752283096 
13685.0 -13598.899768650532 
3108.0 -5035.899914324284 
6475.0 -7901.899865567684 
77719.0 -59329.59899067879 
23671.0 -21079.399641394615 
10974.0 -11120.999810814857 
16514.0 -15581.899734914303 
36845.0 -31367.799466371536 
93568.0 -64632.99890041351 
68366.0 -53433.099090993404 
86506.0 -62824.89893120527 
17860.0 -16247.199723601341 
21083.0 -18383.49968725443 
64151.0 -50464.89914149046 
54317.0 -43739.299255907536 
56887.0 -45889.599219322205 
50505.0 -41144.199300050735 
32275.0 -28091.29952210188 
32275.0 -28091.29952210188 
1025.0 -3015.799948692322 
72439.0 -56134.59904503822 
53825.0 -42968.29926902056 
73887.0 -56254.299042999744 
46783.0 -37784.39935719967 
31340.0 -27629.99952995777 
37837.0 -32063.199454545975 
456.0 -2029.8999654650688 
70821.0 -55034.59906375408 
49019.0 -39428.59932923317 
28468.0 -24969.09957522154 
36554.0 -30537.999480485916 
44558.0 -36538.39937841892 
29101.0 -25133.59957242012 
67214.0 -52306.49911016226 
13685.0 -13598.899768650532 
68939.0 -53542.29908913374 
14973.0 -14560.999752283096 
1025.0 -3015.799948692322 
56103.0 -45017.79923415184 
56789.0 -45213.39923083782 
94.0 -1049.5999821424484 
28249.0 -24359.399585604668 
456.0 -2029.8999654650688 
63602.0 -50160.39914667606 
82793.0 -61685.6989505887 
17860.0 -16247.199723601341 
97000.0 -64917.898895561695 
73973.0 -56828.99903321266 
55551.0 -44766.499238431454 
70263.0 -54572.299071609974 
44301.0 -36112.499385654926 
90707.0 -64372.5989048481 
92885.0 -64546.19890189171 
39399.0 -33348.69943267107 
20806.0 -18116.099691808224 
84123.0 -62389.49893862009 
80355.0 -60246.19897508621 
46552.0 -37571.59936082363 
60375.0 -48512.69917470217 
49177.0 -39470.599328517914 
10324.0 -10525.699820935726 
69966.0 -54415.49907428026 
19277.0 -17350.699704825878 
79.0 -1031.3999824523926 
71225.0 -55287.999059438705 
30144.0 -26018.699557363987 
16514.0 -15581.899734914303 
72922.0 -56146.49904483557 
28249.0 -24359.399585604668 
69261.0 -54125.69907921553 
74228.0 -57220.59902656078 
