0.0 -0.0 
97388.0 -64923.49889546633 
0.0 -0.0 
97388.0 -64923.49889546633 
26721.0 -23838.299594461918 
37832.0 -32240.99945151806 
48684.0 -38753.499340713024 
14973.0 -14560.999752283096 
28139.0 -24621.89958113432 
39423.0 -33353.59943258762 
55939.0 -45187.899231255054 
58778.0 -47374.19919407368 
13766.0 -13665.399767518044 
10033.0 -9823.299832880497 
42489.0 -35156.69940191507 
60123.0 -47976.19918382168 
45211.0 -37086.499369084835 
58214.0 -46645.19920647144 
85720.0 -62969.79892873764 
46974.0 -38262.099349081516 
41382.0 -34846.599407196045 
49040.0 -39889.1993213892 
46805.0 -37630.39935982227 
95938.0 -64908.09889572859 
23028.0 -20066.899658620358 
18518.0 -16393.799721121788 
16580.0 -14594.599751710892 
77672.0 -59095.0989946723 
21400.0 -19013.799676537514 
33567.0 -29030.999506115913 
62790.0 -50063.79914832115 
53551.0 -43089.39926695824 
3727.0 -5876.19990003109 
1654.0 -3919.7999333143234 
28771.0 -25139.199572324753 
36321.0 -30481.99948143959 
2658.0 -4047.1999311447144 
88594.0 -63963.79891180992 
80113.0 -60580.79896938801 
17131.0 -15888.499729692936 
60765.0 -48517.59917461872 
13533.0 -12930.799780011177 
4741.0 -6067.299896776676 
30028.0 -25473.09956663847 
23391.0 -20750.39964699745 
54159.0 -43861.79925382137 
84764.0 -62530.89893621206 
5808.0 -6943.999881863594 
43461.0 -35932.599388718605 
75237.0 -57720.39901804924 
53001.0 -42498.29927700758 
74744.0 -57161.79902756214 
12673.0 -12421.899788677692 
78280.0 -59711.09898418188 
25465.0 -22186.69962257147 
69651.0 -54461.69907349348 
24074.0 -21297.799637675285 
34961.0 -29883.899491608143 
11471.0 -11575.299803078175 
92391.0 -64738.69889861345 
67005.0 -52187.499112188816 
51889.0 -42344.299279630184 
73845.0 -56826.199033260345 
68354.0 -53153.099095761776 
50621.0 -41191.79929924011 
33154.0 -28491.29951530695 
16709.0 -15616.899734318256 
6475.0 -7901.899865567684 
88178.0 -63746.79891550541 
81287.0 -60912.19896376133 
5074.0 -6936.999881982803 
31972.0 -28047.899522840977 
66066.0 -51774.19911921024 
57277.0 -45976.39921784401 
83174.0 -61748.29894953966 
76662.0 -58611.09900289774 
34961.0 -29883.899491608143 
71689.0 -55427.99905705452 
55920.0 -44253.099247157574 
11259.0 -10900.899814546108 
39996.0 -33462.79943072796 
69063.0 -53626.29908770323 
75741.0 -58375.89900690317 
64161.0 -50852.699134886265 
51744.0 -41650.99929141998 
90334.0 -64311.69890588522 
72455.0 -56133.199045062065 
57277.0 -45976.39921784401 
3108.0 -5035.899914324284 
1025.0 -3015.799948692322 
61675.0 -48918.69916778803 
8390.0 -8934.699847996235 
8390.0 -8934.699847996235 
49766.0 -40665.09930819273 
663.0 -2035.4999653697014 
90334.0 -64311.69890588522 
20277.0 -18383.49968725443 
94166.0 -64763.19889819622 
87113.0 -63351.298922240734 
79644.0 -60018.39897894859 
31147.0 -27258.299536287785 
9088.0 -9772.899833738804 
8986.0 -9217.099843204021 
64161.0 -50852.699134886265 
37541.0 -31411.19946563244 
31147.0 -27258.299536287785 
25665.0 -22780.29961246252 
43992.0 -36035.49938696623 
91.0 -1045.399982213974 
30314.0 -26062.39955663681 
70883.0 -54886.19906628132 
49505.0 -40563.599309921265 
70789.0 -54759.49906843901 
339.0 -1049.5999821424484 
69642.0 -53754.3990855217 
11259.0 -10900.899814546108 
78992.0 -60011.3989790678 
72134.0 -55567.999054670334 
51256.0 -41345.09929662943 
94166.0 -64763.19889819622 
456.0 -2029.8999654650688 
25665.0 -22780.29961246252 
68066.0 -52608.89910501242 
24447.0 -21808.39962899685 
91851.0 -64568.59890151024 
40581.0 -34067.19942045212 
6751.0 -7957.199864625931 
19455.0 -17230.299706876278 
6751.0 -7957.199864625931 
1025.0 -3015.799948692322 
65965.0 -51313.599127054214 
3108.0 -5035.899914324284 
40581.0 -34067.19942045212 
21953.0 -19433.099669396877 
18768.0 -17068.599709630013 
82140.0 -61712.29895013571 
67413.0 -52590.69910532236 
87113.0 -63351.298922240734 
44678.0 -36405.79938066006 
62171.0 -49418.09915930033 
36591.0 -30894.599474430084 
12317.0 -11939.99979686737 
44953.0 -36461.099379718304 
37758.0 -31417.49946552515 
83514.0 -62355.198939204216 
83701.0 -62406.99893832207 
21953.0 -19433.099669396877 
54852.0 -44144.59924900532 
31972.0 -28047.899522840977 
73466.0 -56330.59904170036 
