97388.0 -64923.49889546633 
0.0 -0.0 
97388.0 -64923.49889546633 
0.0 -0.0 
22565.0 -19982.89966005087 
63210.0 -50353.59914338589 
21597.0 -18709.299681723118 
44735.0 -36515.69937878847 
25725.0 -22388.6996191144 
48105.0 -39317.999331116676 
92155.0 -64613.3989007473 
94730.0 -64756.89889830351 
23678.0 -20972.299643218517 
68233.0 -53405.79909145832 
34204.0 -29365.59950041771 
16474.0 -14943.19974577427 
29341.0 -25362.499568521976 
14838.0 -14532.299752771854 
13130.0 -12897.89978057146 
17779.0 -16180.69972473383 
45770.0 -37407.09936362505 
11596.0 -10834.399815678596 
17160.0 -15208.799741268158 
13685.0 -13598.899768650532 
89988.0 -64218.5989074707 
43602.0 -35938.89938861132 
9088.0 -9772.899833738804 
54784.0 -43563.59925889969 
3278.0 -4920.399916291237 
56350.0 -45207.49923092127 
61766.0 -49004.799166321754 
89079.0 -63769.89891511202 
27284.0 -24182.69958859682 
77716.0 -59012.898996055126 
11833.0 -11840.599798560143 
1654.0 -3919.7999333143234 
40084.0 -34020.29942125082 
6033.0 -7053.199880003929 
95656.0 -64882.19889616966 
4974.0 -6850.899883449078 
12917.0 -11940.69979685545 
42326.0 -35321.199399113655 
24316.0 -21339.09963697195 
7456.0 -7972.59986436367 
6420.0 -7826.999866843224 
63879.0 -50629.39913868904 
60769.0 -48756.99917054176 
4826.0 -5930.799899101257 
8759.0 -8937.499847948551 
57032.0 -45901.49921911955 
91433.0 -64290.69890624285 
7790.0 -8796.799850344658 
55330.0 -44186.59924829006 
51785.0 -41753.899289667606 
50539.0 -40482.39931130409 
46437.0 -37511.39936184883 
10474.0 -9872.999832034111 
49397.0 -40303.89931434393 
20494.0 -18373.699687421322 
66050.0 -51812.69911855459 
18836.0 -16258.399723410606 
69499.0 -54271.99907672405 
52256.0 -42540.9992762804 
69030.0 -53750.8990855813 
10498.0 -10620.89981931448 
3682.0 -5864.999900221825 
55594.0 -44844.89923709631 
65152.0 -50923.39913368225 
78089.0 -59730.698983848095 
19855.0 -18111.89969187975 
38020.0 -32455.899447858334 
83499.0 -61907.59894680977 
87869.0 -63618.69891768694 
46993.0 -38388.09934693575 
72454.0 -55672.299052894115 
49315.0 -39517.49932771921 
19068.0 -17062.99970972538 
32566.0 -28405.899516761303 
26696.0 -23543.59959948063 
57648.0 -46183.599214315414 
31891.0 -27981.399523973465 
84651.0 -62617.69893473387 
58124.0 -46720.099205195904 
36612.0 -31266.99946808815 
37618.0 -31663.899461328983 
73126.0 -56506.29903870821 
86476.0 -63279.89892345667 
79365.0 -60348.39897334576 
74143.0 -57184.19902718067 
84358.0 -62160.598942518234 
31506.0 -27571.89953094721 
70409.0 -54557.59907186031 
81746.0 -61198.19895887375 
43308.0 -35379.29939812422 
66899.0 -52058.399114370346 
76896.0 -58520.09900444746 
71094.0 -55315.29905897379 
1654.0 -3919.7999333143234 
1025.0 -3015.799948692322 
36438.0 -30467.699481666088 
50650.0 -41268.79929792881 
60517.0 -47975.4991838336 
41055.0 -34372.39941525459 
75488.0 -57777.799017071724 
34127.0 -28678.19951212406 
456.0 -2029.8999654650688 
73836.0 -56602.89903706312 
233.0 -1049.5999821424484 
31495.0 -26768.699544608593 
38837.0 -33095.999436974525 
59921.0 -47941.899184405804 
82426.0 -61814.49894839525 
58714.0 -47006.399200320244 
28011.0 -24679.299580156803 
30285.0 -26709.199545621872 
33488.0 -28482.89951545 
24870.0 -22075.799624443054 
46993.0 -38388.09934693575 
75946.0 -58049.699012458324 
26696.0 -23543.59959948063 
1025.0 -3015.799948692322 
72838.0 -55761.89905136824 
53569.0 -43327.39926290512 
3278.0 -4920.399916291237 
87260.0 -63349.1989222765 
51197.0 -41433.29929512739 
70915.0 -54801.49906772375 
61766.0 -49004.799166321754 
214.0 -843.0999856591225 
80257.0 -60636.098968446255 
38695.0 -32584.699445664883 
19623.0 -17307.299705564976 
35528.0 -29973.499490082264 
456.0 -2029.8999654650688 
67216.0 -52487.79910707474 
65741.0 -51076.99913108349 
53081.0 -42604.29927521944 
67216.0 -52487.79910707474 
76760.0 -58223.299009501934 
36367.0 -30025.999489188194 
58714.0 -47006.399200320244 
37087.0 -31560.99946308136 
29757.0 -26076.39955639839 
41347.0 -34772.39940845966 
38837.0 -33095.999436974525 
74980.0 -57320.69902485609 
40329.0 -34072.79942035675 
85458.0 -62966.298928797245 
28219.0 -24887.899576604366 
80517.0 -60779.598966002464 
