97388.0 -64923.49889546633 
0.0 -0.0 
97388.0 -64923.49889546633 
0.0 -0.0 
44460.0 -36391.0993809104 
42474.0 -35154.599401950836 
88066.0 -63635.49891740084 
16704.0 -15567.899735152721 
27278.0 -24138.59958934784 
19624.0 -17289.799705863 
9133.0 -9784.099833548069 
5029.0 -6925.799882173538 
80796.0 -60807.59896552563 
18700.0 -16162.499725043774 
52653.0 -42228.79928159714 
86369.0 -63316.29892283678 
81288.0 -61307.698957026005 
39154.0 -33248.59943437576 
91246.0 -64320.09890574217 
58642.0 -46734.099204957485 
25945.0 -23109.299606859684 
31150.0 -26907.29954224825 
79085.0 -60213.298975646496 
15450.0 -14789.899748384953 
50375.0 -41277.89929777384 
70451.0 -54989.79906451702 
8125.0 -8783.499850571156 
49563.0 -40126.799317359924 
84521.0 -62332.498939573765 
75479.0 -57996.499013364315 
69260.0 -53978.69908171892 
74994.0 -57228.99902641773 
33520.0 -28461.89951580763 
53500.0 -42693.19927370548 
38006.0 -31580.199462771416 
6907.0 -7922.199865221977 
4400.0 -6021.799897551537 
1699.0 -3930.9999331235886 
15028.0 -14518.299753010273 
6373.0 -7346.099875032902 
17735.0 -16011.299727618694 
26502.0 -23409.599601745605 
34418.0 -29192.69950336218 
76671.0 -58185.499010145664 
2525.0 -3970.1999324560165 
76951.0 -58920.09899765253 
83291.0 -61579.99895238876 
67173.0 -51823.89911836386 
55560.0 -44252.399247169495 
89258.0 -64142.99890875816 
32566.0 -28405.899516761303 
35599.0 -30139.699487268925 
47321.0 -37832.699356377125 
12043.0 -11854.599798321724 
60595.0 -47992.2991835475 
34924.0 -29442.19949913025 
29842.0 -26377.399551272392 
74154.0 -56850.999032855034 
94930.0 -64857.698896586895 
13109.0 -12837.69978159666 
92036.0 -64560.89890164137 
67639.0 -53036.89909774065 
32130.0 -27574.699530899525 
65694.0 -51539.699123203754 
59307.0 -47740.99918782711 
64203.0 -50646.89913839102 
19919.0 -18057.29969280958 
57088.0 -45715.299222290516 
36089.0 -30459.59948182106 
83339.0 -61781.598948955536 
61752.0 -48593.19917333126 
13685.0 -13598.899768650532 
64610.0 -51087.499130904675 
41249.0 -34168.69941872358 
56378.0 -44624.3992408514 
67274.0 -52327.49910980463 
72360.0 -55445.79905676842 
11509.0 -10823.89981585741 
54788.0 -43847.79925405979 
36784.0 -31407.699465692043 
85957.0 -62573.998935461044 
47458.0 -38588.29934352636 
38185.0 -32463.599447727203 
61870.0 -49339.69916063547 
53893.0 -43395.99926173687 
58909.0 -47521.89919155836 
41266.0 -34705.89940959215 
1025.0 -3015.799948692322 
38716.0 -32566.499445974827 
57435.0 -46243.799213290215 
45468.0 -37048.699369728565 
36386.0 -31188.599469423294 
21137.0 -18419.19968664646 
46371.0 -37544.99936127663 
71490.0 -55336.99905860424 
25158.0 -22060.399624705315 
28300.0 -24954.399575471878 
3580.0 -5309.199909687042 
22937.0 -20173.299656808376 
24007.0 -20638.79964888096 
60817.0 -48472.79917538166 
8750.0 -8830.399849772453 
29167.0 -25297.399569630623 
24640.0 -21327.199637174606 
10513.0 -10311.49982458353 
63424.0 -50119.0991473794 
93406.0 -64838.79889690876 
456.0 -2029.8999654650688 
14304.0 -13600.29976862669 
12679.0 -12622.099785268307 
31400.0 -27573.999530911446 
3030.0 -4914.799916386604 
48932.0 -39418.09932941198 
1025.0 -3015.799948692322 
78178.0 -59452.798988580704 
40395.0 -33733.2994261384 
3682.0 -5864.999900221825 
25158.0 -22060.399624705315 
41939.0 -35146.89940208197 
125.0 -1049.5999821424484 
69016.0 -53907.999082922935 
48190.0 -38718.49934130907 
22886.0 -19449.199669122696 
29768.0 -25342.499568879604 
456.0 -2029.8999654650688 
48564.0 -39079.29933518171 
93217.0 -64637.89890033007 
73688.0 -56436.2990399003 
23585.0 -20367.19965350628 
11428.0 -10757.399816989899 
65551.0 -51306.599127173424 
10513.0 -10311.49982458353 
79.0 -1031.3999824523926 
68593.0 -53185.99909520149 
48985.0 -40095.999317884445 
51503.0 -41497.699294030666 
72856.0 -55940.69904834032 
24209.0 -21326.499637186527 
22144.0 -19012.399676561356 
45197.0 -36435.19938015938 
46020.0 -37299.99936544895 
12561.0 -11875.599797964096 
22144.0 -19012.399676561356 
29817.0 -26082.699556291103 
94930.0 -64857.698896586895 
40395.0 -33733.2994261384 
54372.0 -43563.29925888777 
63611.0 -50170.89914649725 
70801.0 -55088.49906283617 
21137.0 -18419.19968664646 
