0.0 -0.0 
34698.0 -27406.799533724785 
0.0 -0.0 
34698.0 -27406.799533724785 
346.0 -2063.499964892864 
10377.0 -11388.399806261063 
1283.0 -2095.6999643445015 
9076.0 -10301.699824750423 
25946.0 -25519.29956585169 
9250.0 -11020.59981250763 
3573.0 -5105.899913132191 
11635.0 -13031.599778294563 
25545.0 -25004.099574625492 
6060.0 -7954.3998646736145 
15195.0 -16906.599712371826 
1297.0 -3057.799947977066 
25074.0 -24820.399577736855 
24604.0 -24426.299584448338 
16051.0 -17226.099706947803 
30860.0 -27058.899539649487 
7147.0 -9000.499846875668 
1917.0 -3917.699933350086 
59.0 -1049.5999821424484 
12641.0 -13417.599771738052 
27805.0 -26461.79954981804 
15099.0 -16189.099724590778 
14139.0 -15195.199741482735 
23445.0 -23776.39959549904 
19815.0 -20989.499642908573 
3784.0 -5906.29989951849 
20814.0 -21714.299630582333 
1755.0 -3112.3999470472336 
8367.0 -9982.899830162525 
13240.0 -14180.59975874424 
14230.0 -15860.499730169773 
18268.0 -19280.49967199564 
30261.0 -27057.49953967333 
8285.0 -9407.499839961529 
11393.0 -12374.299789488316 
19562.0 -20435.799652338028 
10415.0 -12049.199795007706 
20961.0 -21714.99963057041 
31628.0 -27273.79953598976 
22336.0 -22903.199610352516 
4660.0 -6151.999895334244 
55.0 -1020.1999826431274 
5880.0 -7134.399878621101 
14775.0 -15992.099727928638 
20286.0 -21077.699641406536 
15761.0 -16998.999710798264 
5004.0 -6888.699882805347 
18440.0 -19640.299665868282 
13278.0 -14823.499747812748 
28854.0 -26922.399541974068 
12645.0 -13883.799763798714 
16221.0 -17933.099694907665 
2707.0 -4149.399929404259 
2869.0 -4954.699915707111 
21711.0 -22060.799624681473 
27010.0 -25862.999559998512 
17220.0 -18657.899682581425 
34429.0 -27400.499533832073 
18864.0 -20013.399659514427 
10868.0 -12061.799794793129 
16495.0 -17945.69969469309 
28854.0 -26922.399541974068 
24426.0 -24029.399591207504 
32686.0 -27390.699533998966 
6722.0 -7957.89986461401 
32686.0 -27390.699533998966 
22336.0 -22903.199610352516 
27457.0 -26033.799557089806 
6769.0 -8273.199859261513 
13879.0 -14892.799746632576 
23282.0 -23382.29960221052 
16930.0 -18251.899689495564 
17846.0 -19026.099676311016 
2517.0 -4040.1999312639236 
27805.0 -26461.79954981804 
11124.0 -12367.999789595604 
31628.0 -27273.79953598976 
29522.0 -27044.899539887905 
33587.0 -27399.099533855915 
3016.0 -4955.39991569519 
17846.0 -19026.099676311016 
21935.0 -22387.99961912632 
26552.0 -25842.69956034422 
23008.0 -23369.6996024251 
5627.0 -6952.399881720543 
33587.0 -27399.099533855915 
7856.0 -9319.299841463566 
4783.0 -6631.099887192249 
29375.0 -27044.199539899826 
7856.0 -9319.299841463566 
21935.0 -22387.99961912632 
7147.0 -9000.499846875668 
6769.0 -8273.199859261513 
17220.0 -18657.899682581425 
4307.0 -5981.19989824295 
18595.0 -20007.099659621716 
