0.0 -0.0 
34698.0 -27406.799533724785 
34698.0 -27406.799533724785 
0.0 -0.0 
346.0 -2063.499964892864 
1283.0 -2095.6999643445015 
2869.0 -4954.699915707111 
1917.0 -3917.699933350086 
5627.0 -6952.399881720543 
33817.0 -27398.399533867836 
9076.0 -10301.699824750423 
17559.0 -18961.69967740774 
27121.0 -25972.199558138847 
4922.0 -6313.299892604351 
7147.0 -9000.499846875668 
6763.0 -8172.099860966206 
12641.0 -13417.599771738052 
24731.0 -24770.69957858324 
3573.0 -5105.899913132191 
20814.0 -21714.299630582333 
1755.0 -3112.3999470472336 
15195.0 -16906.599712371826 
1297.0 -3057.799947977066 
8367.0 -9982.899830162525 
29858.0 -27118.399538636208 
4307.0 -5981.19989824295 
23151.0 -23010.299608528614 
13278.0 -14823.499747812748 
16051.0 -17226.099706947803 
16930.0 -18251.899689495564 
32141.0 -27309.499535381794 
15099.0 -16189.099724590778 
10415.0 -12049.199795007706 
7856.0 -9319.299841463566 
3784.0 -5906.29989951849 
23298.0 -23775.69959551096 
10295.0 -11400.999806046486 
5004.0 -6888.699882805347 
9250.0 -11020.59981250763 
11932.0 -13098.799777150154 
18307.0 -19280.49967199564 
14139.0 -15195.199741482735 
25724.0 -25408.699567735195 
18595.0 -20007.099659621716 
2707.0 -4149.399929404259 
55.0 -1020.1999826431274 
11553.0 -12456.199788093567 
24281.0 -23858.59959411621 
25506.0 -24960.39957535267 
19304.0 -20325.899654209614 
13240.0 -14180.59975874424 
59.0 -1049.5999821424484 
27895.0 -26500.299549162388 
21788.0 -22387.29961913824 
28120.0 -26903.499542295933 
26344.0 -25841.29956036806 
22078.0 -22793.299612224102 
18582.0 -19322.499671280384 
16221.0 -17933.099694907665 
28851.0 -26994.499540746212 
6060.0 -7954.3998646736145 
12658.0 -13892.899763643742 
8621.0 -10036.099829256535 
11045.0 -12051.299794971943 
16533.0 -17935.199694871902 
14775.0 -15992.099727928638 
14230.0 -15860.499730169773 
31335.0 -27296.19953560829 
23634.0 -23837.299594461918 
2545.0 -4056.2999309897423 
27439.0 -26435.899550259113 
26310.0 -25484.299566447735 
11635.0 -13031.599778294563 
11124.0 -12367.999789595604 
20073.0 -21099.399641036987 
32856.0 -27346.599534749985 
19594.0 -20731.899647295475 
20626.0 -21369.89963644743 
24477.0 -24414.399584650993 
12984.0 -14025.899761378765 
22672.0 -22964.799609303474 
7856.0 -9319.299841463566 
31096.0 -27275.19953596592 
28851.0 -26994.499540746212 
6031.0 -7629.5998702049255 
19119.0 -20056.79965877533 
17220.0 -18657.899682581425 
20073.0 -21099.399641036987 
6031.0 -7629.5998702049255 
22414.0 -22854.89961117506 
30278.0 -27183.49953752756 
7147.0 -9000.499846875668 
9586.0 -11082.199811458588 
15727.0 -17029.099710285664 
32856.0 -27346.599534749985 
19594.0 -20731.899647295475 
9586.0 -11082.199811458588 
13734.0 -15084.599743366241 
21741.0 -22072.699624478817 
21467.0 -22060.099624693394 
