0.0 -0.0 
34698.0 -27406.799533724785 
34698.0 -27406.799533724785 
0.0 -0.0 
346.0 -2063.499964892864 
2707.0 -4149.399929404259 
1283.0 -2095.6999643445015 
3573.0 -5105.899913132191 
15195.0 -16906.599712371826 
2869.0 -4954.699915707111 
8188.0 -9372.499840557575 
20814.0 -21714.299630582333 
1917.0 -3917.699933350086 
15099.0 -16189.099724590778 
7147.0 -9000.499846875668 
1297.0 -3057.799947977066 
18853.0 -20116.99965775013 
6060.0 -7954.3998646736145 
3784.0 -5906.29989951849 
1755.0 -3112.3999470472336 
32184.0 -27382.299534142017 
10415.0 -12049.199795007706 
26111.0 -25767.09956163168 
19304.0 -20325.899654209614 
21846.0 -22352.299619734287 
13240.0 -14180.59975874424 
27457.0 -26033.799557089806 
7565.0 -9049.499846041203 
15904.0 -17225.399706959724 
9250.0 -11020.59981250763 
34126.0 -27398.399533867836 
14139.0 -15195.199741482735 
16221.0 -17933.099694907665 
30619.0 -27244.39953649044 
14230.0 -15860.499730169773 
24330.0 -24413.699584662914 
55.0 -1020.1999826431274 
28120.0 -26903.499542295933 
20746.0 -21159.599640011787 
27850.0 -26261.599553227425 
10340.0 -11380.699806392193 
19774.0 -20645.79964876175 
23298.0 -23775.69959551096 
17441.0 -18915.499678194523 
13734.0 -15084.599743366241 
23892.0 -23947.199592590332 
5077.0 -6733.999885439873 
59.0 -1049.5999821424484 
14661.0 -15918.599729180336 
5696.0 -6931.399882078171 
30136.0 -27207.99953711033 
18367.0 -19089.099675238132 
11414.0 -12773.999782681465 
13278.0 -14823.499747812748 
29363.0 -27000.799540638924 
4783.0 -6631.099887192249 
4493.0 -6225.099894106388 
16162.0 -17335.29970508814 
6769.0 -8273.199859261513 
25749.0 -25444.399567127228 
12288.0 -13143.599776387215 
12708.0 -14058.099760830402 
20247.0 -21077.699641406536 
17348.0 -18300.8996886611 
8964.0 -10041.699829161167 
6478.0 -8003.3998638391495 
9849.0 -11021.999812483788 
18440.0 -19640.299665868282 
33208.0 -27392.099533975124 
27862.0 -26793.59954416752 
11323.0 -12097.499794185162 
33060.0 -27385.099534094334 
29637.0 -27013.399540424347 
25749.0 -25444.399567127228 
21467.0 -22060.099624693394 
9076.0 -10301.699824750423 
19815.0 -20989.499642908573 
5741.0 -7223.599877119064 
11268.0 -12070.199794650078 
31472.0 -27291.299535691738 
26726.0 -25942.799558639526 
8285.0 -9974.499830305576 
22731.0 -22932.599609851837 
9959.0 -11339.399807095528 
11830.0 -12934.299779951572 
24975.0 -24916.299576103687 
24975.0 -24916.299576103687 
24588.0 -24523.59958279133 
24717.0 -24806.399577975273 
17427.0 -18382.79968726635 
23008.0 -23369.6996024251 
22336.0 -22903.199610352516 
12502.0 -13572.299769103527 
16723.0 -18043.69969302416 
21467.0 -22060.099624693394 
22078.0 -22793.299612224102 
23730.0 -23863.899594008923 
23008.0 -23369.6996024251 
31472.0 -27291.299535691738 
16723.0 -18043.69969302416 
