0.0 -0.0 
34698.0 -27406.799533724785 
34698.0 -27406.799533724785 
0.0 -0.0 
7147.0 -9000.499846875668 
29553.0 -27030.199540138245 
1917.0 -3917.699933350086 
30522.0 -27229.69953674078 
6977.0 -8286.499859035015 
9959.0 -11339.399807095528 
26369.0 -25876.999559760094 
31345.0 -27279.399535894394 
27275.0 -25981.999557971954 
2869.0 -4954.699915707111 
3573.0 -5105.899913132191 
1755.0 -3112.3999470472336 
15195.0 -16906.599712371826 
1297.0 -3057.799947977066 
6060.0 -7954.3998646736145 
7989.0 -9255.59984254837 
9250.0 -11020.59981250763 
59.0 -1049.5999821424484 
25688.0 -25409.399567723274 
32280.0 -27326.99953508377 
23298.0 -23775.69959551096 
13240.0 -14180.59975874424 
3784.0 -5906.29989951849 
23210.0 -22992.09960883856 
9076.0 -10301.699824750423 
15965.0 -17022.799710392952 
27439.0 -26435.899550259113 
34248.0 -27403.99953377247 
1283.0 -2095.6999643445015 
15099.0 -16189.099724590778 
10249.0 -11745.399800181389 
25122.0 -24916.999576091766 
18595.0 -20007.099659621716 
346.0 -2063.499964892864 
24330.0 -24413.699584662914 
12708.0 -14058.099760830402 
11414.0 -12773.999782681465 
6396.0 -8015.999863624573 
8367.0 -9982.899830162525 
4783.0 -6631.099887192249 
27801.0 -26758.599544763565 
4660.0 -6151.999895334244 
8285.0 -9407.499839961529 
55.0 -1020.1999826431274 
16718.0 -18063.99969267845 
17917.0 -18982.699677050114 
11319.0 -12270.699791252613 
26052.0 -25446.499567091465 
13278.0 -14823.499747812748 
14230.0 -15860.499730169773 
18252.0 -19295.89967173338 
19414.0 -20313.29965442419 
23869.0 -23898.199593424797 
19127.0 -20129.599657535553 
4307.0 -5981.19989824295 
17441.0 -18915.499678194523 
28206.0 -26869.19954288006 
13734.0 -15084.599743366241 
10599.0 -11986.19979608059 
24633.0 -24415.79958462715 
2707.0 -4149.399929404259 
16221.0 -17933.099694907665 
19594.0 -20731.899647295475 
24950.0 -24846.29957729578 
8964.0 -10041.699829161167 
12557.0 -13076.399777531624 
2560.0 -4148.69992941618 
14139.0 -15195.199741482735 
11045.0 -12051.299794971943 
5032.0 -6904.799882531166 
5498.0 -6913.899882376194 
33223.0 -27402.59953379631 
32802.0 -27389.299534022808 
17253.0 -18571.09968405962 
20524.0 -21308.29963749647 
16162.0 -17335.29970508814 
5741.0 -7223.599877119064 
20814.0 -21714.299630582333 
19985.0 -20752.899646937847 
22352.0 -22805.899612009525 
11904.0 -13037.899778187275 
20073.0 -21099.399641036987 
21846.0 -22352.299619734287 
12572.0 -13383.999772310257 
17253.0 -18571.09968405962 
1066.0 -2080.299964606762 
11830.0 -12934.299779951572 
28829.0 -26881.79954266548 
22078.0 -22793.299612224102 
22062.0 -22399.899618923664 
21614.0 -22060.799624681473 
493.0 -2064.1999648809433 
28829.0 -26881.79954266548 
18252.0 -19295.89967173338 
14543.0 -15870.99972999096 
21209.0 -21950.19962656498 
