0.0 -0.0 
34698.0 -27406.799533724785 
0.0 -0.0 
34698.0 -27406.799533724785 
1917.0 -3917.699933350086 
2707.0 -4149.399929404259 
346.0 -2063.499964892864 
14230.0 -15860.499730169773 
1283.0 -2095.6999643445015 
2869.0 -4954.699915707111 
22078.0 -22793.299612224102 
9250.0 -11020.59981250763 
26468.0 -25832.899560511112 
24717.0 -24806.399577975273 
10295.0 -11400.999806046486 
15099.0 -16189.099724590778 
11414.0 -12773.999782681465 
12575.0 -13417.599771738052 
3573.0 -5105.899913132191 
9076.0 -10301.699824750423 
1297.0 -3057.799947977066 
22786.0 -22905.999610304832 
11124.0 -12367.999789595604 
7147.0 -9000.499846875668 
18595.0 -20007.099659621716 
8285.0 -9974.499830305576 
23008.0 -23369.6996024251 
59.0 -1049.5999821424484 
27425.0 -25981.299557983875 
13240.0 -14180.59975874424 
7856.0 -9319.299841463566 
3784.0 -5906.29989951849 
20736.0 -21357.299636662006 
21871.0 -21999.899625718594 
5032.0 -6904.799882531166 
14139.0 -15195.199741482735 
5814.0 -6984.59988117218 
1755.0 -3112.3999470472336 
6049.0 -7269.099876344204 
15195.0 -16906.599712371826 
28045.0 -26759.299544751644 
31261.0 -27271.699536025524 
30218.0 -27068.699539482594 
55.0 -1020.1999826431274 
20477.0 -21039.199642062187 
6060.0 -7954.3998646736145 
19627.0 -20645.09964877367 
13734.0 -15084.599743366241 
25643.0 -24879.899576723576 
30821.0 -27133.799538373947 
4660.0 -6151.999895334244 
17193.0 -18057.69969278574 
21052.0 -21766.799629688263 
13278.0 -14823.499747812748 
33467.0 -27403.29953378439 
16162.0 -17335.29970508814 
26144.0 -25473.79956662655 
18537.0 -19286.79967188835 
16221.0 -17933.099694907665 
32711.0 -27396.2995339036 
16626.0 -18043.69969302416 
27500.0 -26470.899549663067 
6769.0 -8273.199859261513 
21384.0 -21866.19962799549 
19304.0 -20325.899654209614 
6565.0 -7969.099864423275 
10684.0 -12055.499794900417 
19815.0 -20989.499642908573 
10415.0 -12049.199795007706 
34551.0 -27406.099533736706 
31971.0 -27345.199534773827 
11932.0 -13098.799777150154 
23298.0 -23775.69959551096 
18264.0 -19075.09967547655 
28837.0 -26885.299542605877 
12708.0 -14058.099760830402 
12658.0 -13892.899763643742 
11932.0 -13098.799777150154 
25749.0 -25444.399567127228 
29534.0 -27041.39953994751 
24330.0 -24413.699584662914 
28837.0 -26885.299542605877 
4783.0 -6631.099887192249 
17846.0 -19026.099676311016 
8285.0 -9974.499830305576 
24279.0 -24028.699591219425 
7856.0 -9319.299841463566 
25698.0 -25059.39957368374 
32210.0 -27366.1995344162 
17253.0 -18571.09968405962 
7147.0 -9000.499846875668 
15727.0 -17029.099710285664 
17559.0 -18961.69967740774 
33320.0 -27402.59953379631 
6769.0 -8273.199859261513 
4307.0 -5981.19989824295 
29534.0 -27041.39953994751 
19304.0 -20325.899654209614 
27895.0 -26500.299549162388 
23542.0 -23776.39959549904 
