0.0 -0.0 
34698.0 -27406.799533724785 
0.0 -0.0 
34698.0 -27406.799533724785 
22934.0 -23001.899608671665 
2707.0 -4149.399929404259 
2869.0 -4954.699915707111 
1283.0 -2095.6999643445015 
33361.0 -27402.59953379631 
3784.0 -5906.29989951849 
10415.0 -12049.199795007706 
8367.0 -9982.899830162525 
23298.0 -23775.69959551096 
6060.0 -7954.3998646736145 
22078.0 -22793.299612224102 
5741.0 -7223.599877119064 
1917.0 -3917.699933350086 
1297.0 -3057.799947977066 
16221.0 -17933.099694907665 
16051.0 -17226.099706947803 
346.0 -2063.499964892864 
3573.0 -5105.899913132191 
26369.0 -25876.999559760094 
31342.0 -27247.199536442757 
20524.0 -21308.29963749647 
59.0 -1049.5999821424484 
15195.0 -16906.599712371826 
29375.0 -27044.199539899826 
11756.0 -13021.099778473377 
9076.0 -10301.699824750423 
30465.0 -27162.49953788519 
21846.0 -22352.299619734287 
20814.0 -21714.299630582333 
7147.0 -9000.499846875668 
1755.0 -3112.3999470472336 
27758.0 -26580.79954779148 
11414.0 -12773.999782681465 
28638.0 -26916.799542069435 
25585.0 -24990.49957484007 
4783.0 -6631.099887192249 
9250.0 -11020.59981250763 
55.0 -1020.1999826431274 
16738.0 -18042.99969303608 
19543.0 -20346.899653851986 
13696.0 -14872.499746978283 
28120.0 -26903.499542295933 
9959.0 -11339.399807095528 
14139.0 -15195.199741482735 
15086.0 -16179.99972474575 
15674.0 -17006.699710667133 
14243.0 -15869.599730014801 
17174.0 -18252.599689483643 
32671.0 -27382.999534130096 
24004.0 -23910.79959321022 
29918.0 -27145.69953817129 
13278.0 -14823.499747812748 
18440.0 -19640.299665868282 
7105.0 -8334.799858212471 
25110.0 -24785.3995783329 
4493.0 -6225.099894106388 
21467.0 -22060.099624693394 
12966.0 -14167.999758958817 
13240.0 -14180.59975874424 
19304.0 -20325.899654209614 
9553.0 -11022.699812471867 
5450.0 -6953.799881696701 
8942.0 -10031.199829339981 
4454.0 -5981.8998982310295 
7746.0 -9001.899846851826 
18839.0 -20007.799659609795 
24330.0 -24413.699584662914 
24692.0 -24770.69957858324 
25724.0 -25408.699567735195 
21458.0 -21750.699629962444 
19815.0 -20989.499642908573 
18016.0 -18963.79967737198 
5032.0 -6904.799882531166 
12634.0 -13756.399765968323 
11045.0 -12051.299794971943 
15099.0 -16189.099724590778 
6722.0 -7957.89986461401 
493.0 -2064.1999648809433 
31915.0 -27312.99953532219 
14230.0 -15860.499730169773 
7856.0 -9319.299841463566 
17630.0 -18960.999677419662 
12438.0 -13200.59977543354 
7856.0 -9319.299841463566 
12451.0 -13200.999775409698 
23730.0 -23898.199593424797 
26079.0 -25470.999566674232 
18595.0 -20007.099659621716 
6763.0 -8172.099860966206 
9959.0 -11339.399807095528 
27199.0 -25923.89955896139 
27731.0 -26046.39955687523 
32218.0 -27315.099535286427 
24477.0 -24414.399584650993 
17220.0 -18657.899682581425 
17464.0 -18658.599682569504 
