34698.0 -27406.799533724785 
0.0 -0.0 
0.0 -0.0 
34698.0 -27406.799533724785 
346.0 -2063.499964892864 
30991.0 -27294.099535644054 
18595.0 -20007.099659621716 
1283.0 -2095.6999643445015 
9250.0 -11020.59981250763 
25688.0 -25409.399567723274 
20394.0 -21078.399641394615 
18352.0 -19288.89967185259 
3784.0 -5906.29989951849 
29497.0 -27132.39953839779 
21540.0 -22006.899625599384 
1755.0 -3112.3999470472336 
5032.0 -6904.799882531166 
30375.0 -27183.49953752756 
14139.0 -15195.199741482735 
1297.0 -3057.799947977066 
22923.0 -22808.69961196184 
16878.0 -18003.099693715572 
23298.0 -23775.69959551096 
4783.0 -6631.099887192249 
7147.0 -9000.499846875668 
59.0 -1049.5999821424484 
27500.0 -26470.899549663067 
32533.0 -27382.999534130096 
15195.0 -16906.599712371826 
24656.0 -24771.39957857132 
24272.0 -23871.199593901634 
20814.0 -21714.299630582333 
2869.0 -4954.699915707111 
3573.0 -5105.899913132191 
22078.0 -22793.299612224102 
13278.0 -14823.499747812748 
10415.0 -12049.199795007706 
55.0 -1020.1999826431274 
10295.0 -11400.999806046486 
11414.0 -12773.999782681465 
8146.0 -9725.299834549427 
6796.0 -8032.7998633384705 
13851.0 -14824.199747800827 
1917.0 -3917.699933350086 
2707.0 -4149.399929404259 
28851.0 -26994.499540746212 
4546.0 -6002.199897885323 
6031.0 -7629.5998702049255 
19815.0 -20989.499642908573 
12696.0 -13792.099765360355 
34343.0 -27406.099533736706 
5741.0 -7223.599877119064 
7856.0 -9319.299841463566 
19594.0 -20731.899647295475 
8367.0 -9982.899830162525 
15099.0 -16189.099724590778 
16051.0 -17226.099706947803 
17220.0 -18657.899682581425 
12274.0 -13100.899777114391 
25584.0 -24912.099576175213 
6060.0 -7954.3998646736145 
13240.0 -14180.59975874424 
24583.0 -24026.599591255188 
10881.0 -12058.299794852734 
14390.0 -15870.29973000288 
8942.0 -10031.199829339981 
25248.0 -24850.499577224255 
22056.0 -22332.699620068073 
21053.0 -21735.299630224705 
6977.0 -8286.499859035015 
16194.0 -17631.399700045586 
23008.0 -23369.6996024251 
32533.0 -27382.999534130096 
9076.0 -10301.699824750423 
12966.0 -14167.999758958817 
14230.0 -15860.499730169773 
27210.0 -26064.899556577206 
33467.0 -27403.29953378439 
2560.0 -4148.69992941618 
2064.0 -3918.3999333381653 
11635.0 -13031.599778294563 
15826.0 -16998.999710798264 
27862.0 -26793.59954416752 
33467.0 -27403.29953378439 
3143.0 -4967.299915492535 
4307.0 -5981.19989824295 
12680.0 -13417.599771738052 
26468.0 -25832.899560511112 
26644.0 -25903.5995593071 
23247.0 -23390.69960206747 
19451.0 -20326.599654197693 
9959.0 -11339.399807095528 
27199.0 -25923.89955896139 
11124.0 -12367.999789595604 
17559.0 -18961.69967740774 
16460.0 -17954.099694550037 
9959.0 -11339.399807095528 
28009.0 -26794.299544155598 
11932.0 -13098.799777150154 
17220.0 -18657.899682581425 
