0.0 -0.0 
34698.0 -27406.799533724785 
0.0 -0.0 
34698.0 -27406.799533724785 
346.0 -2063.499964892864 
9250.0 -11020.59981250763 
10262.0 -11341.499807059765 
1917.0 -3917.699933350086 
2707.0 -4149.399929404259 
1283.0 -2095.6999643445015 
3573.0 -5105.899913132191 
12555.0 -13130.999776601791 
18352.0 -19288.89967185259 
16930.0 -18251.899689495564 
4307.0 -5981.19989824295 
15099.0 -16189.099724590778 
1297.0 -3057.799947977066 
2869.0 -4954.699915707111 
14230.0 -15860.499730169773 
12708.0 -14058.099760830402 
27771.0 -26018.399557352066 
16051.0 -17226.099706947803 
5741.0 -7223.599877119064 
59.0 -1049.5999821424484 
13278.0 -14823.499747812748 
23008.0 -23369.6996024251 
19304.0 -20325.899654209614 
3784.0 -5906.29989951849 
34125.0 -27406.099533736706 
14139.0 -15195.199741482735 
9076.0 -10301.699824750423 
1755.0 -3112.3999470472336 
11124.0 -12367.999789595604 
15195.0 -16906.599712371826 
31305.0 -27284.299535810947 
8367.0 -9982.899830162525 
6060.0 -7954.3998646736145 
24314.0 -24020.299591362476 
18595.0 -20007.099659621716 
6769.0 -8273.199859261513 
21788.0 -22387.29961913824 
55.0 -1020.1999826431274 
17827.0 -19090.49967521429 
10415.0 -12049.199795007706 
13240.0 -14180.59975874424 
13949.0 -14873.899746954441 
25255.0 -24772.799578547478 
32324.0 -27378.799534201622 
16221.0 -17933.099694907665 
25688.0 -25409.399567723274 
25672.0 -25015.999574422836 
17441.0 -18915.499678194523 
23436.0 -23788.999595284462 
23675.0 -23809.999594926834 
20136.0 -20884.499644696712 
31970.0 -27305.29953545332 
7746.0 -9001.899846851826 
16626.0 -18043.69969302416 
10868.0 -12061.799794793129 
8964.0 -10041.699829161167 
18834.0 -20028.099659264088 
6565.0 -7969.099864423275 
20814.0 -21714.299630582333 
24656.0 -24771.39957857132 
27801.0 -26758.599544763565 
4783.0 -6631.099887192249 
22078.0 -22793.299612224102 
26649.0 -25733.499562203884 
5032.0 -6904.799882531166 
22317.0 -22814.299611866474 
21088.0 -21726.899630367756 
27212.0 -25893.099559485912 
26050.0 -25732.099562227726 
7147.0 -9000.499846875668 
27862.0 -26793.59954416752 
7856.0 -9319.299841463566 
33192.0 -27386.49953407049 
22820.0 -23025.299608290195 
12017.0 -13024.599778413773 
20220.0 -21100.099641025066 
19627.0 -20645.09964877367 
7856.0 -9319.299841463566 
33192.0 -27386.49953407049 
28632.0 -26909.799542188644 
11414.0 -12773.999782681465 
29917.0 -27123.29953855276 
4783.0 -6631.099887192249 
30648.0 -27214.29953700304 
20524.0 -21308.29963749647 
29269.0 -27043.499539911747 
24330.0 -24413.699584662914 
21614.0 -22060.799624681473 
15727.0 -17029.099710285664 
24604.0 -24426.299584448338 
30648.0 -27214.29953700304 
26909.0 -25890.999559521675 
29917.0 -27123.29953855276 
28593.0 -26884.599542617798 
29269.0 -27043.499539911747 
17441.0 -18915.499678194523 
