0.0 -0.0 
34698.0 -27406.799533724785 
0.0 -0.0 
34698.0 -27406.799533724785 
346.0 -2063.499964892864 
1283.0 -2095.6999643445015 
32954.0 -27396.2995339036 
10267.0 -11343.599807024002 
11635.0 -13031.599778294563 
4783.0 -6631.099887192249 
7147.0 -9000.499846875668 
22078.0 -22793.299612224102 
30520.0 -27249.299536406994 
22979.0 -22945.19960963726 
14139.0 -15195.199741482735 
18595.0 -20007.099659621716 
2869.0 -4954.699915707111 
3573.0 -5105.899913132191 
16221.0 -17933.099694907665 
1297.0 -3057.799947977066 
14230.0 -15860.499730169773 
2707.0 -4149.399929404259 
5556.0 -6954.49988168478 
9076.0 -10301.699824750423 
59.0 -1049.5999821424484 
10415.0 -12049.199795007706 
31189.0 -27291.299535691738 
17441.0 -18915.499678194523 
15099.0 -16189.099724590778 
11124.0 -12367.999789595604 
21846.0 -22352.299619734287 
3784.0 -5906.29989951849 
7746.0 -9001.899846851826 
8285.0 -9974.499830305576 
1755.0 -3112.3999470472336 
25512.0 -24945.69957560301 
24914.0 -24881.299576699734 
9558.0 -11024.799812436104 
27439.0 -26435.899550259113 
28874.0 -27014.099540412426 
9250.0 -11020.59981250763 
55.0 -1020.1999826431274 
23110.0 -23431.299601376057 
19627.0 -20645.09964877367 
17188.0 -18361.799687623978 
15195.0 -16906.599712371826 
1917.0 -3917.699933350086 
4660.0 -6151.999895334244 
13278.0 -14823.499747812748 
5713.0 -7207.499877393246 
20515.0 -21023.09964233637 
16217.0 -17235.89970678091 
26024.0 -25470.999566674232 
8192.0 -9380.899840414524 
4307.0 -5981.19989824295 
25688.0 -25409.399567723274 
20698.0 -21286.59963786602 
34125.0 -27406.099533736706 
27775.0 -26497.49954921007 
28059.0 -26868.49954289198 
21467.0 -22060.099624693394 
12966.0 -14167.999758958817 
13240.0 -14180.59975874424 
19815.0 -20989.499642908573 
12417.0 -13195.699775516987 
19304.0 -20325.899654209614 
16865.0 -18064.69969266653 
6060.0 -7954.3998646736145 
2064.0 -3918.3999333381653 
17827.0 -19090.49967521429 
18440.0 -19640.299665868282 
29583.0 -27098.099538981915 
12634.0 -13756.399765968323 
23542.0 -23776.39959549904 
8912.0 -9989.899830043316 
28395.0 -26930.099541842937 
12381.0 -13075.699777543545 
24248.0 -23838.299594461918 
6722.0 -7957.89986461401 
32035.0 -27317.199535250664 
32035.0 -27317.199535250664 
6769.0 -8273.199859261513 
24666.0 -24475.299583613873 
11124.0 -12367.999789595604 
14838.0 -15956.399728536606 
29583.0 -27098.099538981915 
13699.0 -14836.79974758625 
27062.0 -25952.599558472633 
23298.0 -23775.69959551096 
24330.0 -24413.699584662914 
20814.0 -21714.299630582333 
18440.0 -19640.299665868282 
26804.0 -25894.49955946207 
17827.0 -19090.49967521429 
26407.0 -25797.89956110716 
24325.0 -23937.399592757225 
15904.0 -17225.399706959724 
12634.0 -13756.399765968323 
19304.0 -20325.899654209614 
21209.0 -21950.19962656498 
