0.0 -0.0 
34698.0 -27406.799533724785 
34698.0 -27406.799533724785 
0.0 -0.0 
346.0 -2063.499964892864 
3573.0 -5105.899913132191 
23008.0 -23369.6996024251 
9076.0 -10301.699824750423 
25370.0 -24945.69957560301 
6977.0 -8286.499859035015 
29460.0 -26995.89954072237 
6060.0 -7954.3998646736145 
28120.0 -26903.499542295933 
1297.0 -3057.799947977066 
2869.0 -4954.699915707111 
24905.0 -24496.299583256245 
1755.0 -3112.3999470472336 
15195.0 -16906.599712371826 
9250.0 -11020.59981250763 
22336.0 -22903.199610352516 
16626.0 -18043.69969302416 
5713.0 -7207.499877393246 
16162.0 -17335.29970508814 
25688.0 -25409.399567723274 
2707.0 -4149.399929404259 
8285.0 -9974.499830305576 
3784.0 -5906.29989951849 
32442.0 -27389.999534010887 
22065.0 -22269.699621140957 
13240.0 -14180.59975874424 
12641.0 -13417.599771738052 
19047.0 -20072.89965850115 
14230.0 -15860.499730169773 
7147.0 -9000.499846875668 
17441.0 -18915.499678194523 
20524.0 -21308.29963749647 
5004.0 -6888.699882805347 
1283.0 -2095.6999643445015 
17335.0 -18362.499687612057 
1917.0 -3917.699933350086 
55.0 -1020.1999826431274 
10388.0 -11427.59980559349 
19815.0 -20989.499642908573 
12708.0 -14058.099760830402 
14139.0 -15195.199741482735 
6565.0 -7969.099864423275 
10415.0 -12049.199795007706 
30940.0 -27222.69953685999 
59.0 -1049.5999821424484 
27500.0 -26470.899549663067 
13278.0 -14823.499747812748 
19562.0 -20435.799652338028 
18536.0 -19409.29966980219 
18595.0 -20007.099659621716 
8593.0 -9978.69983023405 
11635.0 -13031.599778294563 
34099.0 -27405.399533748627 
28075.0 -26553.499548256397 
29796.0 -27057.49953967333 
16221.0 -17933.099694907665 
26726.0 -25942.799558639526 
4922.0 -6313.299892604351 
11553.0 -12456.199788093567 
21467.0 -22060.099624693394 
26726.0 -25942.799558639526 
7746.0 -9001.899846851826 
10833.0 -12098.19979417324 
9774.0 -11070.299811661243 
33252.0 -27392.099533975124 
24330.0 -24413.699584662914 
2286.0 -4136.099929630756 
22078.0 -22793.299612224102 
9959.0 -11339.399807095528 
18278.0 -19299.399671673775 
4493.0 -6225.099894106388 
23694.0 -23898.899593412876 
31771.0 -27339.599534869194 
25688.0 -25409.399567723274 
31497.0 -27326.99953508377 
1066.0 -2080.299964606762 
15099.0 -16189.099724590778 
20847.0 -21627.499632060528 
14090.0 -14910.999746322632 
7856.0 -9319.299841463566 
14895.0 -15947.299728691578 
13648.0 -14829.09974771738 
15727.0 -17029.099710285664 
23298.0 -23775.69959551096 
4341.0 -5951.09989875555 
33526.0 -27404.699533760548 
24040.0 -24007.699591577053 
27209.0 -26005.099557578564 
27483.0 -26017.699557363987 
7856.0 -9319.299841463566 
30341.0 -27221.29953688383 
11932.0 -13098.799777150154 
21408.0 -21885.799627661705 
11124.0 -12367.999789595604 
5713.0 -7207.499877393246 
17901.0 -19079.999675393105 
