0.0 -0.0 
34698.0 -27406.799533724785 
34698.0 -27406.799533724785 
0.0 -0.0 
346.0 -2063.499964892864 
3573.0 -5105.899913132191 
1917.0 -3917.699933350086 
3784.0 -5906.29989951849 
4546.0 -6002.199897885323 
6769.0 -8273.199859261513 
7147.0 -9000.499846875668 
22605.0 -22919.999610066414 
6060.0 -7954.3998646736145 
12708.0 -14058.099760830402 
19559.0 -20262.19965529442 
8285.0 -9974.499830305576 
2869.0 -4954.699915707111 
11635.0 -13031.599778294563 
24328.0 -23949.29959255457 
5032.0 -6904.799882531166 
5713.0 -7207.499877393246 
15195.0 -16906.599712371826 
59.0 -1049.5999821424484 
14139.0 -15195.199741482735 
29741.0 -27178.599537611008 
13278.0 -14823.499747812748 
30375.0 -27228.9995367527 
17827.0 -19090.49967521429 
1755.0 -3112.3999470472336 
22078.0 -22793.299612224102 
1283.0 -2095.6999643445015 
18536.0 -19409.29966980219 
33526.0 -27404.699533760548 
9250.0 -11020.59981250763 
55.0 -1020.1999826431274 
16780.0 -17978.599694132805 
27439.0 -26435.899550259113 
27281.0 -25911.299559175968 
11538.0 -12396.699789106846 
13240.0 -14180.59975874424 
23436.0 -23788.999595284462 
13810.0 -14945.999745726585 
2707.0 -4149.399929404259 
26085.0 -25505.999566078186 
23110.0 -23431.299601376057 
17169.0 -18272.899689137936 
12288.0 -13143.599776387215 
20339.0 -21039.199642062187 
8100.0 -9319.999841451645 
15099.0 -16189.099724590778 
15904.0 -17225.399706959724 
1297.0 -3057.799947977066 
9553.0 -11022.699812471867 
16194.0 -17631.399700045586 
8899.0 -10052.899828970432 
14230.0 -15860.499730169773 
25688.0 -25409.399567723274 
19594.0 -20731.899647295475 
34343.0 -27406.099533736706 
28328.0 -26874.79954278469 
32170.0 -27273.099536001682 
26468.0 -25832.899560511112 
17569.0 -18980.599677085876 
19815.0 -20989.499642908573 
11124.0 -12367.999789595604 
9076.0 -10301.699824750423 
2560.0 -4148.69992941618 
10249.0 -11745.399800181389 
10249.0 -11745.399800181389 
25180.0 -24821.099577724934 
21539.0 -21878.799627780914 
31161.0 -27265.399536132812 
4783.0 -6631.099887192249 
16221.0 -17933.099694907665 
10415.0 -12049.199795007706 
27895.0 -26500.299549162388 
14762.0 -15982.99972808361 
24330.0 -24413.699584662914 
20814.0 -21714.299630582333 
12443.0 -13400.799772024155 
1066.0 -2080.299964606762 
29090.0 -27015.499540388584 
18595.0 -20007.099659621716 
21788.0 -22387.29961913824 
21113.0 -21747.19963002205 
32229.0 -27347.999534726143 
26825.0 -25846.899560272694 
28313.0 -26549.299548327923 
20698.0 -21286.59963786602 
6565.0 -7969.099864423275 
25550.0 -24998.899574697018 
7671.0 -9050.199846029282 
10868.0 -12061.799794793129 
29090.0 -27015.499540388584 
18742.0 -20007.799659609795 
24666.0 -24475.299583613873 
31161.0 -27265.399536132812 
23257.0 -23431.999601364136 
17169.0 -18272.899689137936 
21788.0 -22387.29961913824 
