245.0 -217.29999631643295 
20967.0 -6104.599896669388 
20967.0 -6104.599896669388 
245.0 -217.29999631643295 
2367.0 -1303.7999778985977 
7811.0 -3618.4999385476112 
721.0 -434.5999926328659 
19880.0 -5964.299899041653 
495.0 -217.59999632835388 
1478.0 -652.1999889612198 
1132.0 -651.8999889492989 
4533.0 -2116.099964082241 
1987.0 -1086.4999815821648 
1002.0 -434.89999264478683 
10634.0 -4340.699926316738 
6189.0 -2966.5999495983124 
7751.0 -3401.499942243099 
2307.0 -1086.7999815940857 
4261.0 -2076.9999647140503 
1608.0 -869.1999852657318 
20862.0 -6041.599897742271 
9509.0 -4150.799929499626 
5086.0 -2434.2999586462975 
10801.0 -4508.099923431873 
20079.0 -6041.2998977303505 
1857.0 -869.4999852776527 
8936.0 -3808.399935364723 
6664.0 -3183.8999459147453 
9103.0 -3975.7999324798584 
19108.0 -5963.999899029732 
4736.0 -2294.2999610304832 
15261.0 -5330.9999096393585 
17153.0 -5584.499905407429 
12907.0 -4887.899917066097 
5895.0 -2826.599951982498 
17796.0 -5774.09990221262 
15678.0 -5331.299909651279 
3230.0 -1443.799975514412 
15175.0 -5204.999911785126 
3323.0 -1583.7999731302261 
5336.0 -2434.5999586582184 
7213.0 -3184.1999459266663 
14462.0 -5141.099912822247 
8304.0 -3618.799938559532 
18508.0 -5837.699901163578 
11294.0 -4508.399923443794 
7431.0 -3401.1999422311783 
18384.0 -5774.399902224541 
11673.0 -4634.699921309948 
17691.0 -5711.099903285503 
6177.0 -2868.8999512791634 
9103.0 -3975.7999324798584 
5515.0 -2609.299955666065 
13784.0 -5014.499914944172 
4034.0 -1801.099969446659 
8513.0 -3716.1999368667603 
15948.0 -5394.599908590317 
13338.0 -4888.199917078018 
4153.0 -1898.799967765808 
3705.0 -1661.0999718308449 
10002.0 -4151.099929511547 
6557.0 -3086.1999475955963 
5682.0 -2749.2999532818794 
18763.0 -5900.699900090694 
16728.0 -5584.199905395508 
4736.0 -2294.2999610304832 
14253.0 -5014.799914956093 
5515.0 -2609.299955666065 
14357.0 -5078.09991389513 
16679.0 -5521.199906468391 
12205.0 -4698.299920260906 
10276.0 -4214.399928450584 
14750.0 -5204.399911761284 
13443.0 -4951.199916005135 
2943.0 -1366.4999768137932 
16329.0 -5520.8999064564705 
18990.0 -5900.999900102615 
13695.0 -4951.4999160170555 
16224.0 -5457.899907529354 
12588.0 -4761.5999191999435 
7256.0 -3261.199944615364 
8513.0 -3716.1999368667603 
6557.0 -3086.1999475955963 
3193.0 -1366.799976825714 
17440.0 -5647.799904346466 
3871.0 -1758.799970149994 
11926.0 -4697.999920248985 
12310.0 -4761.299919188023 
15993.0 -5457.599907517433 
11568.0 -4571.699922382832 
10107.0 -4214.0999284386635 
11399.0 -4571.399922370911 
12633.0 -4824.59991812706 
8936.0 -3808.399935364723 
10421.0 -4290.79992711544 
17440.0 -5647.799904346466 
2943.0 -1366.4999768137932 
4153.0 -1898.799967765808 
7256.0 -3261.199944615364 
5682.0 -2749.2999532818794 
