0.0 -0.0 
33668.0 -27324.199535131454 
33668.0 -27324.199535131454 
0.0 -0.0 
12344.0 -13350.399772882462 
11414.0 -12773.999782681465 
2869.0 -4954.699915707111 
1917.0 -3917.699933350086 
17441.0 -18915.499678194523 
346.0 -2063.499964892864 
1283.0 -2095.6999643445015 
6977.0 -8286.499859035015 
3573.0 -5105.899913132191 
5032.0 -6904.799882531166 
15195.0 -16906.599712371826 
21803.0 -22121.699623644352 
18150.0 -19234.29967278242 
1755.0 -3112.3999470472336 
5741.0 -7223.599877119064 
9076.0 -10301.699824750423 
59.0 -1049.5999821424484 
10415.0 -12049.199795007706 
27836.0 -26532.499548614025 
22078.0 -22793.299612224102 
26050.0 -25732.099562227726 
9250.0 -11020.59981250763 
24179.0 -24019.999591350555 
24529.0 -24461.99958384037 
7147.0 -9000.499846875668 
8367.0 -9982.899830162525 
14230.0 -15860.499730169773 
3784.0 -5906.29989951849 
21102.0 -21819.999628782272 
14139.0 -15195.199741482735 
16221.0 -17933.099694907665 
12645.0 -13883.799763798714 
2707.0 -4149.399929404259 
11124.0 -12367.999789595604 
10203.0 -11340.099807083607 
6060.0 -7954.3998646736145 
25688.0 -25409.399567723274 
18555.0 -19344.899670898914 
15727.0 -17029.099710285664 
26643.0 -25889.599559545517 
31265.0 -27306.699535429478 
55.0 -1020.1999826431274 
9668.0 -11069.599811673164 
17335.0 -18362.499687612057 
6565.0 -7969.099864423275 
16178.0 -17237.999706745148 
29669.0 -27038.599539995193 
25573.0 -24980.699575006962 
13278.0 -14823.499747812748 
4454.0 -5981.8998982310295 
18595.0 -20007.099659621716 
15099.0 -16189.099724590778 
14709.0 -15960.59972846508 
1297.0 -3057.799947977066 
32193.0 -27319.99953520298 
22820.0 -23025.299608290195 
23730.0 -23863.899594008923 
33562.0 -27323.499535143375 
27475.0 -26435.199550271034 
23298.0 -23775.69959551096 
22047.0 -22387.29961913824 
7613.0 -9009.599846720695 
10833.0 -12098.19979417324 
16626.0 -18043.69969302416 
16930.0 -18251.899689495564 
20247.0 -21077.699641406536 
30899.0 -27266.79953610897 
19815.0 -20989.499642908573 
2545.0 -4056.2999309897423 
32496.0 -27322.099535167217 
7856.0 -9319.299841463566 
18883.0 -20112.799657821655 
4783.0 -6631.099887192249 
25005.0 -24912.099576175213 
24747.0 -24802.1995780468 
19594.0 -20731.899647295475 
19594.0 -20731.899647295475 
635.0 -2090.099964439869 
28851.0 -26994.499540746212 
13240.0 -14180.59975874424 
13063.0 -13932.799762964249 
20814.0 -21714.299630582333 
27324.0 -26007.1995575428 
8367.0 -9982.899830162525 
7856.0 -9319.299841463566 
30321.0 -27191.89953738451 
13734.0 -15084.599743366241 
18883.0 -20112.799657821655 
27092.0 -26000.19955766201 
28501.0 -26868.49954289198 
20524.0 -21308.29963749647 
20772.0 -21308.99963748455 
13610.0 -14929.899746000767 
28501.0 -26868.49954289198 
4307.0 -5981.19989824295 
23110.0 -23431.299601376057 
