0.0 -0.0 
34698.0 -27406.799533724785 
34698.0 -27406.799533724785 
0.0 -0.0 
346.0 -2063.499964892864 
3784.0 -5906.29989951849 
1283.0 -2095.6999643445015 
3573.0 -5105.899913132191 
2869.0 -4954.699915707111 
10415.0 -12049.199795007706 
13278.0 -14823.499747812748 
31968.0 -27261.899536192417 
8146.0 -9725.299834549427 
7856.0 -9319.299841463566 
19272.0 -20056.09965878725 
21467.0 -22060.099624693394 
27357.0 -26065.599556565285 
11635.0 -13031.599778294563 
2707.0 -4149.399929404259 
6060.0 -7954.3998646736145 
1297.0 -3057.799947977066 
16178.0 -17237.999706745148 
17569.0 -18980.599677085876 
1755.0 -3112.3999470472336 
19815.0 -20989.499642908573 
23497.0 -23823.999594688416 
15099.0 -16189.099724590778 
1917.0 -3917.699933350086 
7147.0 -9000.499846875668 
12344.0 -13350.399772882462 
30888.0 -27257.699536263943 
9076.0 -10301.699824750423 
15195.0 -16906.599712371826 
26468.0 -25832.899560511112 
11124.0 -12367.999789595604 
21846.0 -22352.299619734287 
13240.0 -14180.59975874424 
10295.0 -11400.999806046486 
4493.0 -6225.099894106388 
28120.0 -26903.499542295933 
29679.0 -27129.599538445473 
5004.0 -6888.699882805347 
25573.0 -24980.699575006962 
24717.0 -24806.399577975273 
4829.0 -6286.699893057346 
13992.0 -15194.499741494656 
6977.0 -8286.499859035015 
55.0 -1020.1999826431274 
59.0 -1049.5999821424484 
12645.0 -13883.799763798714 
9250.0 -11020.59981250763 
17188.0 -18361.799687623978 
14230.0 -15860.499730169773 
18278.0 -19299.399671673775 
16947.0 -18011.49969357252 
18568.0 -19705.399664759636 
5713.0 -7207.499877393246 
25749.0 -25444.399567127228 
34099.0 -27405.399533748627 
27500.0 -26470.899549663067 
27990.0 -26489.099549353123 
17414.0 -18613.799683332443 
16221.0 -17933.099694907665 
18595.0 -20007.099659621716 
12101.0 -13040.699778139591 
5450.0 -6953.799881696701 
6565.0 -7969.099864423275 
20814.0 -21714.299630582333 
8891.0 -10032.59982931614 
2338.0 -3930.9999331235886 
19594.0 -20731.899647295475 
32795.0 -27313.69953531027 
14830.0 -15912.299729287624 
24187.0 -24008.399591565132 
14139.0 -15195.199741482735 
12708.0 -14058.099760830402 
23008.0 -23369.6996024251 
28851.0 -26994.499540746212 
22347.0 -22799.599612116814 
11124.0 -12367.999789595604 
28851.0 -26994.499540746212 
24330.0 -24413.699584662914 
30410.0 -27220.599536895752 
24574.0 -24414.399584650993 
32836.0 -27385.099534094334 
30111.0 -27172.299537718296 
22078.0 -22793.299612224102 
16495.0 -17945.69969469309 
6769.0 -8273.199859261513 
20626.0 -21369.89963644743 
22760.0 -22989.299608886242 
26343.0 -25615.8995642066 
20524.0 -21308.29963749647 
9586.0 -11082.199811458588 
15661.0 -16997.599710822105 
9586.0 -11082.199811458588 
22907.0 -22989.99960887432 
24033.0 -23865.99959397316 
18278.0 -19299.399671673775 
33526.0 -27404.699533760548 
