0.0 -0.0 
34698.0 -27406.799533724785 
34698.0 -27406.799533724785 
0.0 -0.0 
24279.0 -24028.699591219425 
5741.0 -7223.599877119064 
3784.0 -5906.29989951849 
23298.0 -23775.69959551096 
10340.0 -11380.699806392193 
10415.0 -12049.199795007706 
346.0 -2063.499964892864 
24656.0 -24771.39957857132 
3573.0 -5105.899913132191 
8367.0 -9982.899830162525 
15195.0 -16906.599712371826 
6060.0 -7954.3998646736145 
1917.0 -3917.699933350086 
6977.0 -8286.499859035015 
19592.0 -20431.599652409554 
17699.0 -19025.399676322937 
12344.0 -13350.399772882462 
22848.0 -22909.499610245228 
12634.0 -13756.399765968323 
18566.0 -19405.099669873714 
2707.0 -4149.399929404259 
9076.0 -10301.699824750423 
22078.0 -22793.299612224102 
59.0 -1049.5999821424484 
23008.0 -23369.6996024251 
9586.0 -11082.199811458588 
32437.0 -27383.699534118176 
28603.0 -26965.79954123497 
19092.0 -20137.999657392502 
1297.0 -3057.799947977066 
13278.0 -14823.499747812748 
1283.0 -2095.6999643445015 
18595.0 -20007.099659621716 
17188.0 -18361.799687623978 
15099.0 -16189.099724590778 
21972.0 -22324.299620211124 
55.0 -1020.1999826431274 
21614.0 -22060.799624681473 
31035.0 -27242.299536526203 
17441.0 -18915.499678194523 
4922.0 -6313.299892604351 
20814.0 -21714.299630582333 
26308.0 -25841.99956035614 
13952.0 -14826.299747765064 
1755.0 -3112.3999470472336 
2869.0 -4954.699915707111 
7147.0 -9000.499846875668 
14230.0 -15860.499730169773 
20524.0 -21308.29963749647 
9250.0 -11020.59981250763 
21219.0 -21824.899628698826 
16194.0 -17631.399700045586 
19815.0 -20989.499642908573 
11635.0 -13031.599778294563 
34343.0 -27406.099533736706 
7856.0 -9319.299841463566 
25946.0 -25519.29956585169 
31766.0 -27333.299534976482 
25459.0 -25038.399574041367 
5032.0 -6904.799882531166 
8285.0 -9407.499839961529 
12966.0 -14167.999758958817 
13240.0 -14180.59975874424 
25152.0 -24912.799576163292 
33526.0 -27404.699533760548 
33223.0 -27402.59953379631 
20312.0 -21120.39964067936 
15863.0 -17067.599709630013 
7565.0 -9049.499846041203 
11879.0 -13032.299778282642 
29375.0 -27044.199539899826 
25688.0 -25409.399567723274 
2286.0 -4136.099929630756 
11460.0 -12429.599788546562 
15904.0 -17225.399706959724 
14139.0 -15195.199741482735 
28059.0 -26868.49954289198 
16626.0 -18043.69969302416 
27758.0 -26580.79954779148 
30136.0 -27207.99953711033 
1066.0 -2080.299964606762 
27449.0 -26085.899556219578 
29497.0 -27132.39953839779 
17083.0 -18049.99969291687 
14945.0 -15974.599728226662 
16221.0 -17933.099694907665 
27693.0 -26086.599556207657 
3016.0 -4955.39991569519 
26903.0 -25939.29955869913 
6584.0 -8004.099863827229 
14542.0 -15869.599730014801 
5004.0 -6888.699882805347 
4493.0 -6225.099894106388 
4493.0 -6225.099894106388 
26791.0 -25904.299559295177 
11124.0 -12367.999789595604 
