0.0 -0.0 
34698.0 -27406.799533724785 
34698.0 -27406.799533724785 
0.0 -0.0 
16051.0 -17226.099706947803 
12443.0 -13400.799772024155 
18742.0 -20007.799659609795 
20626.0 -21369.89963644743 
346.0 -2063.499964892864 
9076.0 -10301.699824750423 
1283.0 -2095.6999643445015 
3784.0 -5906.29989951849 
11743.0 -13011.99977862835 
4783.0 -6631.099887192249 
15195.0 -16906.599712371826 
18565.0 -19390.399670124054 
6977.0 -8286.499859035015 
5368.0 -6966.399881482124 
21788.0 -22387.29961913824 
1297.0 -3057.799947977066 
14230.0 -15860.499730169773 
8367.0 -9982.899830162525 
22683.0 -22861.199611067772 
1917.0 -3917.699933350086 
9250.0 -11020.59981250763 
16221.0 -17933.099694907665 
9959.0 -11339.399807095528 
10415.0 -12049.199795007706 
31021.0 -27289.89953571558 
7147.0 -9000.499846875668 
21453.0 -21950.89962655306 
16626.0 -18043.69969302416 
13240.0 -14180.59975874424 
27500.0 -26470.899549663067 
18140.0 -19100.999675035477 
5741.0 -7223.599877119064 
22078.0 -22793.299612224102 
14139.0 -15195.199741482735 
1755.0 -3112.3999470472336 
2707.0 -4149.399929404259 
3573.0 -5105.899913132191 
30375.0 -27228.9995367527 
24468.0 -24426.999584436417 
25609.0 -24966.69957524538 
26468.0 -25832.899560511112 
25779.0 -25440.199567198753 
24239.0 -24055.99959075451 
12708.0 -14058.099760830402 
17227.0 -18361.799687623978 
6722.0 -7957.89986461401 
13734.0 -15084.599743366241 
15099.0 -16189.099724590778 
23733.0 -23898.899593412876 
55.0 -1020.1999826431274 
2869.0 -4954.699915707111 
59.0 -1049.5999821424484 
13278.0 -14823.499747812748 
6031.0 -7629.5998702049255 
19304.0 -20325.899654209614 
23298.0 -23775.69959551096 
19815.0 -20989.499642908573 
26050.0 -25732.099562227726 
24717.0 -24806.399577975273 
23008.0 -23369.6996024251 
17559.0 -18961.69967740774 
7613.0 -9009.599846720695 
8668.0 -9989.199830055237 
4307.0 -5981.19989824295 
6060.0 -7954.3998646736145 
31800.0 -27329.099535048008 
28120.0 -26903.499542295933 
33806.0 -27387.19953405857 
33041.0 -27354.999534606934 
25061.0 -24881.999576687813 
27160.0 -25972.199558138847 
29766.0 -27149.199538111687 
2545.0 -4056.2999309897423 
7856.0 -9319.299841463566 
19788.0 -20687.799648046494 
28780.0 -26937.799541711807 
14838.0 -15956.399728536606 
32069.0 -27335.39953494072 
635.0 -2090.099964439869 
27360.0 -25993.19955778122 
19573.0 -20332.199654102325 
28780.0 -26937.799541711807 
34080.0 -27399.799533843994 
7856.0 -9319.299841463566 
20814.0 -21714.299630582333 
3143.0 -4967.299915492535 
29766.0 -27149.199538111687 
10415.0 -12049.199795007706 
9959.0 -11339.399807095528 
23110.0 -23431.299601376057 
11444.0 -12370.099789559841 
17569.0 -18980.599677085876 
17227.0 -18361.799687623978 
11469.0 -12727.799783468246 
11124.0 -12367.999789595604 
32767.0 -27342.39953482151 
