0.0 -0.0 
34698.0 -27406.799533724785 
0.0 -0.0 
34698.0 -27406.799533724785 
346.0 -2063.499964892864 
7147.0 -9000.499846875668 
5032.0 -6904.799882531166 
15195.0 -16906.599712371826 
1283.0 -2095.6999643445015 
22820.0 -23025.299608290195 
6060.0 -7954.3998646736145 
12641.0 -13417.599771738052 
9076.0 -10301.699824750423 
24656.0 -24771.39957857132 
23298.0 -23775.69959551096 
3784.0 -5906.29989951849 
25506.0 -24960.39957535267 
16051.0 -17226.099706947803 
18536.0 -19409.29966980219 
3573.0 -5105.899913132191 
1755.0 -3112.3999470472336 
1917.0 -3917.699933350086 
6769.0 -8273.199859261513 
31679.0 -27319.2995352149 
10317.0 -11543.799803614616 
12708.0 -14058.099760830402 
21788.0 -22387.29961913824 
13240.0 -14180.59975874424 
7856.0 -9319.299841463566 
11124.0 -12367.999789595604 
33704.0 -27392.799533963203 
18170.0 -18999.49967676401 
17077.0 -18252.599689483643 
11932.0 -13098.799777150154 
18595.0 -20007.099659621716 
16221.0 -17933.099694907665 
5713.0 -7207.499877393246 
2707.0 -4149.399929404259 
25688.0 -25409.399567723274 
2869.0 -4954.699915707111 
13278.0 -14823.499747812748 
10064.0 -11081.499811470509 
24040.0 -24007.699591577053 
17220.0 -18657.899682581425 
55.0 -1020.1999826431274 
11609.0 -12676.699784338474 
14230.0 -15860.499730169773 
26280.0 -25488.49956637621 
4660.0 -6151.999895334244 
27357.0 -26065.599556565285 
6049.0 -7269.099876344204 
20524.0 -21308.29963749647 
59.0 -1049.5999821424484 
1297.0 -3057.799947977066 
13847.0 -14838.899747550488 
9250.0 -11020.59981250763 
8285.0 -9974.499830305576 
8668.0 -9989.199830055237 
22078.0 -22793.299612224102 
26900.0 -25921.099559009075 
20847.0 -21627.499632060528 
26455.0 -25842.69956034422 
21246.0 -21802.499629080296 
19304.0 -20325.899654209614 
19815.0 -20989.499642908573 
28456.0 -26965.09954124689 
32655.0 -27369.699534356594 
10868.0 -12061.799794793129 
10415.0 -12049.199795007706 
27500.0 -26470.899549663067 
29375.0 -27044.199539899826 
28120.0 -26903.499542295933 
23689.0 -23796.69959515333 
34125.0 -27406.099533736706 
17569.0 -18980.599677085876 
32655.0 -27369.699534356594 
30527.0 -27214.99953699112 
14566.0 -15922.099729120731 
15099.0 -16189.099724590778 
27895.0 -26500.299549162388 
3290.0 -4967.999915480614 
9553.0 -11022.699812471867 
15096.0 -15937.499728858471 
11635.0 -13031.599778294563 
14139.0 -15195.199741482735 
31173.0 -27286.399535775185 
24330.0 -24413.699584662914 
7856.0 -9319.299841463566 
29892.0 -27161.79953789711 
19122.0 -20123.29965764284 
6769.0 -8273.199859261513 
16607.0 -17954.799694538116 
2545.0 -4056.2999309897423 
14134.0 -15142.999742388725 
24330.0 -24413.699584662914 
4307.0 -5981.19989824295 
30948.0 -27228.29953676462 
20626.0 -21369.89963644743 
30039.0 -27162.49953788519 
21467.0 -22060.099624693394 
