0.0 -0.0 
34698.0 -27406.799533724785 
34698.0 -27406.799533724785 
0.0 -0.0 
9076.0 -10301.699824750423 
15195.0 -16906.599712371826 
1283.0 -2095.6999643445015 
7147.0 -9000.499846875668 
12207.0 -13039.999778151512 
3573.0 -5105.899913132191 
8367.0 -9982.899830162525 
15904.0 -17225.399706959724 
11283.0 -12056.899794876575 
8285.0 -9407.499839961529 
3784.0 -5906.29989951849 
21365.0 -21777.29962950945 
6769.0 -8273.199859261513 
10415.0 -12049.199795007706 
14139.0 -15195.199741482735 
9250.0 -11020.59981250763 
12696.0 -13792.099765360355 
1755.0 -3112.3999470472336 
18595.0 -20007.099659621716 
1297.0 -3057.799947977066 
1917.0 -3917.699933350086 
23110.0 -23431.299601376057 
59.0 -1049.5999821424484 
21788.0 -22387.29961913824 
11414.0 -12773.999782681465 
22809.0 -22884.29961067438 
13240.0 -14180.59975874424 
20814.0 -21714.299630582333 
25779.0 -25440.199567198753 
10295.0 -11400.999806046486 
27469.0 -26431.69955033064 
29508.0 -27064.49953955412 
2707.0 -4149.399929404259 
6060.0 -7954.3998646736145 
346.0 -2063.499964892864 
18507.0 -19301.499671638012 
26276.0 -25571.09956496954 
4783.0 -6631.099887192249 
25529.0 -24961.799575328827 
19407.0 -20162.49965697527 
30375.0 -27228.9995367527 
26628.0 -25876.999559760094 
17335.0 -18362.499687612057 
18396.0 -19038.69967609644 
14230.0 -15860.499730169773 
31351.0 -27274.49953597784 
2869.0 -4954.699915707111 
24040.0 -24007.699591577053 
13278.0 -14823.499747812748 
4493.0 -6225.099894106388 
5741.0 -7223.599877119064 
55.0 -1020.1999826431274 
10138.0 -11087.099811375141 
22317.0 -22814.299611866474 
19815.0 -20989.499642908573 
20627.0 -21144.899640262127 
28456.0 -26965.09954124689 
28851.0 -26994.499540746212 
15099.0 -16189.099724590778 
23298.0 -23775.69959551096 
25187.0 -24815.4995778203 
14613.0 -15875.199729919434 
6584.0 -8004.099863827229 
16930.0 -18251.899689495564 
5368.0 -6966.399881482124 
17569.0 -18980.599677085876 
24656.0 -24771.39957857132 
19594.0 -20731.899647295475 
2545.0 -4056.2999309897423 
30237.0 -27074.999539375305 
22046.0 -22497.199617266655 
24360.0 -24409.49958473444 
12708.0 -14058.099760830402 
23730.0 -23863.899594008923 
32035.0 -27317.199535250664 
17441.0 -18915.499678194523 
5032.0 -6904.799882531166 
20376.0 -21101.499641001225 
32812.0 -27350.09953469038 
493.0 -2064.1999648809433 
33770.0 -27405.399533748627 
16221.0 -17933.099694907665 
34551.0 -27406.099533736706 
28122.0 -26586.399547696114 
11635.0 -13031.599778294563 
3016.0 -4955.39991569519 
7147.0 -9000.499846875668 
14939.0 -16179.299724757671 
33770.0 -27405.399533748627 
4307.0 -5981.19989824295 
32607.0 -27325.599535107613 
28124.0 -26638.199546813965 
27362.0 -26008.59955751896 
24529.0 -24461.99958384037 
27092.0 -26000.19955766201 
31614.0 -27303.89953547716 
