0.0 -0.0 
33830.0 -27399.099533855915 
33830.0 -27399.099533855915 
0.0 -0.0 
346.0 -2063.499964892864 
29493.0 -27021.799540281296 
1283.0 -2095.6999643445015 
3573.0 -5105.899913132191 
31523.0 -27310.899535357952 
2869.0 -4954.699915707111 
21846.0 -22352.299619734287 
1917.0 -3917.699933350086 
32291.0 -27361.299534499645 
5741.0 -7223.599877119064 
6769.0 -8273.199859261513 
8367.0 -9982.899830162525 
22940.0 -22910.199610233307 
15195.0 -16906.599712371826 
9250.0 -11020.59981250763 
11635.0 -13031.599778294563 
1755.0 -3112.3999470472336 
7147.0 -9000.499846875668 
33317.0 -27370.399534344673 
16221.0 -17933.099694907665 
59.0 -1049.5999821424484 
17441.0 -18915.499678194523 
28456.0 -26965.09954124689 
3784.0 -5906.29989951849 
13278.0 -14823.499747812748 
2707.0 -4149.399929404259 
9076.0 -10301.699824750423 
23294.0 -23368.29960244894 
6060.0 -7954.3998646736145 
11124.0 -12367.999789595604 
13240.0 -14180.59975874424 
18595.0 -20007.099659621716 
25749.0 -25444.399567127228 
55.0 -1020.1999826431274 
7856.0 -9319.299841463566 
25580.0 -24984.199574947357 
10377.0 -11388.399806261063 
11414.0 -12773.999782681465 
8100.0 -9319.999841451645 
17188.0 -18361.799687623978 
20814.0 -21714.299630582333 
10415.0 -12049.199795007706 
14230.0 -15860.499730169773 
30523.0 -27104.399538874626 
19573.0 -20332.199654102325 
5004.0 -6888.699882805347 
20671.0 -21308.99963748455 
12344.0 -13350.399772882462 
1297.0 -3057.799947977066 
26447.0 -25828.699560582638 
26050.0 -25732.099562227726 
15099.0 -16189.099724590778 
5450.0 -6953.799881696701 
27439.0 -26435.899550259113 
14139.0 -15195.199741482735 
26974.0 -25944.899558603764 
12634.0 -13756.399765968323 
20342.0 -21105.6996409297 
6584.0 -8004.099863827229 
9774.0 -11070.299811661243 
10868.0 -12061.799794793129 
9022.0 -10024.19982945919 
15727.0 -17029.099710285664 
30523.0 -27104.399538874626 
2517.0 -4040.1999312639236 
27331.0 -26010.699557483196 
19989.0 -20967.799643278122 
15904.0 -17225.399706959724 
24039.0 -23947.89959257841 
22225.0 -22793.99961221218 
28120.0 -26903.499542295933 
18555.0 -19344.899670898914 
4493.0 -6225.099894106388 
9959.0 -11339.399807095528 
18040.0 -18916.89967817068 
21209.0 -21950.19962656498 
22078.0 -22793.299612224102 
23298.0 -23775.69959551096 
24656.0 -24771.39957857132 
24330.0 -24413.699584662914 
18150.0 -19234.29967278242 
21209.0 -21950.19962656498 
14939.0 -16179.299724757671 
16930.0 -18251.899689495564 
4307.0 -5981.19989824295 
12634.0 -13756.399765968323 
4493.0 -6225.099894106388 
23634.0 -23837.299594461918 
24803.0 -24772.0995785594 
13987.0 -15142.299742400646 
7147.0 -9000.499846875668 
19741.0 -20732.599647283554 
27983.0 -26533.199548602104 
24330.0 -24413.699584662914 
16221.0 -17933.099694907665 
19000.0 -20117.69965773821 
