0.0 -0.0 
34698.0 -27406.799533724785 
34698.0 -27406.799533724785 
0.0 -0.0 
346.0 -2063.499964892864 
24656.0 -24771.39957857132 
1283.0 -2095.6999643445015 
9250.0 -11020.59981250763 
3573.0 -5105.899913132191 
2869.0 -4954.699915707111 
29414.0 -27044.199539899826 
24239.0 -24055.99959075451 
6060.0 -7954.3998646736145 
22580.0 -22903.899610340595 
9959.0 -11339.399807095528 
25506.0 -24960.39957535267 
23207.0 -23417.999601602554 
1297.0 -3057.799947977066 
17441.0 -18915.499678194523 
11414.0 -12773.999782681465 
27275.0 -25982.699557960033 
1755.0 -3112.3999470472336 
30699.0 -27257.699536263943 
1917.0 -3917.699933350086 
5741.0 -7223.599877119064 
19815.0 -20989.499642908573 
16051.0 -17226.099706947803 
31773.0 -27347.999534726143 
59.0 -1049.5999821424484 
7483.0 -9062.099845826626 
30228.0 -27223.39953684807 
9076.0 -10301.699824750423 
25688.0 -25409.399567723274 
13240.0 -14180.59975874424 
26468.0 -25832.899560511112 
15099.0 -16189.099724590778 
7856.0 -9319.299841463566 
4660.0 -6151.999895334244 
7059.0 -8679.199852347374 
15195.0 -16906.599712371826 
22078.0 -22793.299612224102 
13278.0 -14823.499747812748 
18440.0 -19640.299665868282 
55.0 -1020.1999826431274 
19562.0 -20435.799652338028 
18150.0 -19234.29967278242 
16221.0 -17933.099694907665 
8146.0 -9725.299834549427 
17077.0 -18252.599689483643 
3784.0 -5906.29989951849 
7059.0 -8679.199852347374 
2707.0 -4149.399929404259 
4783.0 -6631.099887192249 
26080.0 -25727.89956229925 
23755.0 -23933.89959281683 
18595.0 -20007.099659621716 
5032.0 -6904.799882531166 
14501.0 -15979.499728143215 
6060.0 -7954.3998646736145 
23298.0 -23775.69959551096 
8367.0 -9982.899830162525 
4120.0 -5967.899898469448 
13851.0 -14824.199747800827 
11387.0 -12152.39979326725 
27862.0 -26793.59954416752 
20814.0 -21714.299630582333 
14230.0 -15860.499730169773 
8934.0 -10045.899829089642 
5696.0 -6931.399882078171 
17873.0 -19003.699676692486 
10995.0 -12111.499793946743 
19122.0 -20123.29965764284 
2560.0 -4148.69992941618 
14139.0 -15195.199741482735 
33678.0 -27392.099533975124 
21788.0 -22387.29961913824 
34099.0 -27405.399533748627 
12708.0 -14058.099760830402 
12611.0 -13341.299773037434 
20342.0 -21105.6996409297 
33041.0 -27391.399533987045 
12281.0 -13314.699773490429 
21239.0 -21945.999626636505 
28623.0 -26880.399542689323 
32168.0 -27377.399534225464 
10415.0 -12049.199795007706 
28623.0 -26880.399542689323 
20782.0 -21418.199635624886 
32686.0 -27390.699533998966 
27500.0 -26470.899549663067 
21788.0 -22387.29961913824 
27439.0 -26435.899550259113 
21239.0 -21945.999626636505 
20618.0 -21158.49964004755 
19458.0 -20184.8996565938 
16831.0 -18007.299693644047 
15753.0 -17017.8997104764 
11932.0 -13098.799777150154 
11932.0 -13098.799777150154 
13992.0 -15194.499741494656 
