0.0 -0.0 
34698.0 -27406.799533724785 
34698.0 -27406.799533724785 
0.0 -0.0 
346.0 -2063.499964892864 
1283.0 -2095.6999643445015 
16221.0 -17933.099694907665 
3573.0 -5105.899913132191 
7856.0 -9319.299841463566 
11319.0 -12270.699791252613 
15195.0 -16906.599712371826 
16178.0 -17237.999706745148 
25398.0 -25003.399574637413 
12293.0 -13013.399778604507 
12708.0 -14058.099760830402 
10415.0 -12049.199795007706 
6060.0 -7954.3998646736145 
12443.0 -13400.799772024155 
15099.0 -16189.099724590778 
1755.0 -3112.3999470472336 
1297.0 -3057.799947977066 
19815.0 -20989.499642908573 
5880.0 -7134.399878621101 
1917.0 -3917.699933350086 
13278.0 -14823.499747812748 
7147.0 -9000.499846875668 
24604.0 -24426.299584448338 
28198.0 -26855.199543118477 
13240.0 -14180.59975874424 
3784.0 -5906.29989951849 
24656.0 -24771.39957857132 
11414.0 -12773.999782681465 
2707.0 -4149.399929404259 
34099.0 -27405.399533748627 
14139.0 -15195.199741482735 
31497.0 -27326.99953508377 
9076.0 -10301.699824750423 
26308.0 -25841.99956035614 
19304.0 -20325.899654209614 
14230.0 -15860.499730169773 
9250.0 -11020.59981250763 
29918.0 -27063.09953957796 
19594.0 -20731.899647295475 
13734.0 -15084.599743366241 
6977.0 -8286.499859035015 
4660.0 -6151.999895334244 
8367.0 -9982.899830162525 
55.0 -1020.1999826431274 
59.0 -1049.5999821424484 
14803.0 -15861.199730157852 
24040.0 -24007.699591577053 
16930.0 -18251.899689495564 
22561.0 -22855.59961116314 
23298.0 -23775.69959551096 
10267.0 -11343.599807024002 
20524.0 -21308.29963749647 
30596.0 -27221.29953688383 
17220.0 -18657.899682581425 
27774.0 -26483.49954944849 
25962.0 -25421.999567508698 
2869.0 -4954.699915707111 
18440.0 -19640.299665868282 
17441.0 -18915.499678194523 
5696.0 -6931.399882078171 
19013.0 -20056.09965878725 
17961.0 -18974.299677193165 
18595.0 -20007.099659621716 
29269.0 -27043.499539911747 
25688.0 -25409.399567723274 
32802.0 -27389.299534022808 
2541.0 -4027.5999314785004 
22078.0 -22793.299612224102 
20814.0 -21714.299630582333 
10340.0 -11380.699806392193 
24029.0 -23866.69959396124 
27453.0 -26025.399557232857 
5032.0 -6904.799882531166 
9040.0 -10043.099829137325 
21453.0 -21950.89962655306 
23008.0 -23369.6996024251 
26804.0 -25894.49955946207 
23008.0 -23369.6996024251 
21062.0 -21714.99963057041 
6565.0 -7969.099864423275 
27500.0 -26470.899549663067 
3016.0 -4955.39991569519 
33223.0 -27402.59953379631 
21727.0 -21963.499626338482 
29269.0 -27043.499539911747 
30410.0 -27220.599536895752 
4783.0 -6631.099887192249 
27062.0 -26004.399557590485 
18352.0 -19288.89967185259 
21935.0 -22387.99961912632 
18150.0 -19234.29967278242 
4307.0 -5981.19989824295 
8146.0 -9725.299834549427 
31918.0 -27340.299534857273 
9558.0 -11024.799812436104 
9558.0 -11024.799812436104 
