0.0 -0.0 
34698.0 -27406.799533724785 
34698.0 -27406.799533724785 
0.0 -0.0 
346.0 -2063.499964892864 
1283.0 -2095.6999643445015 
9076.0 -10301.699824750423 
3573.0 -5105.899913132191 
23298.0 -23775.69959551096 
22760.0 -22989.299608886242 
18526.0 -19390.399670124054 
25550.0 -24998.899574697018 
5741.0 -7223.599877119064 
3784.0 -5906.29989951849 
17253.0 -18571.09968405962 
1917.0 -3917.699933350086 
19562.0 -20435.799652338028 
6060.0 -7954.3998646736145 
1297.0 -3057.799947977066 
2869.0 -4954.699915707111 
1755.0 -3112.3999470472336 
15195.0 -16906.599712371826 
28877.0 -26978.399541020393 
33543.0 -27401.89953380823 
29892.0 -27161.79953789711 
7147.0 -9000.499846875668 
8367.0 -9982.899830162525 
9250.0 -11020.59981250763 
13278.0 -14823.499747812748 
2707.0 -4149.399929404259 
59.0 -1049.5999821424484 
11635.0 -13031.599778294563 
32442.0 -27389.999534010887 
17817.0 -19071.599675536156 
31523.0 -27310.899535357952 
15099.0 -16189.099724590778 
16221.0 -17933.099694907665 
14139.0 -15195.199741482735 
7989.0 -9255.59984254837 
27469.0 -26431.69955033064 
30646.0 -27272.399536013603 
20814.0 -21714.299630582333 
26111.0 -25767.09956163168 
10388.0 -11427.59980559349 
4922.0 -6313.299892604351 
13240.0 -14180.59975874424 
21846.0 -22352.299619734287 
13919.0 -14948.099745690823 
5004.0 -6888.699882805347 
7059.0 -8679.199852347374 
55.0 -1020.1999826431274 
22078.0 -22793.299612224102 
10415.0 -12049.199795007706 
24692.0 -24736.399579167366 
15727.0 -17029.099710285664 
27836.0 -26532.499548614025 
17559.0 -18961.69967740774 
28120.0 -26903.499542295933 
34099.0 -27405.399533748627 
5478.0 -6922.999882221222 
12708.0 -14058.099760830402 
12620.0 -13618.499768316746 
10868.0 -12061.799794793129 
4307.0 -5981.19989824295 
9823.0 -11021.299812495708 
6565.0 -7969.099864423275 
2286.0 -4136.099929630756 
9959.0 -11339.399807095528 
16162.0 -17335.29970508814 
24330.0 -24413.699584662914 
25749.0 -25444.399567127228 
4493.0 -6225.099894106388 
11282.0 -12589.89978581667 
18595.0 -20007.099659621716 
27199.0 -25923.89955896139 
11282.0 -12589.89978581667 
19815.0 -20989.499642908573 
14230.0 -15860.499730169773 
19594.0 -20731.899647295475 
22520.0 -22840.1996114254 
30228.0 -27223.39953684807 
14871.0 -15985.099728047848 
28456.0 -26965.09954124689 
24029.0 -23866.69959396124 
20524.0 -21308.29963749647 
23871.0 -23776.39959549904 
26863.0 -25862.299560010433 
16051.0 -17226.099706947803 
18742.0 -20007.799659609795 
8146.0 -9725.299834549427 
16718.0 -18063.99969267845 
21808.0 -21952.299626529217 
20671.0 -21308.99963748455 
14243.0 -15869.599730014801 
12161.0 -13131.69977658987 
16865.0 -18064.69969266653 
26018.0 -25450.69956701994 
12288.0 -13143.599776387215 
6769.0 -8273.199859261513 
24330.0 -24413.699584662914 
