0.0 -0.0 
34698.0 -27406.799533724785 
34698.0 -27406.799533724785 
0.0 -0.0 
7147.0 -9000.499846875668 
15195.0 -16906.599712371826 
30406.0 -27209.399537086487 
3573.0 -5105.899913132191 
11414.0 -12773.999782681465 
9989.0 -11335.199807167053 
346.0 -2063.499964892864 
1283.0 -2095.6999643445015 
1297.0 -3057.799947977066 
16221.0 -17933.099694907665 
6060.0 -7954.3998646736145 
1755.0 -3112.3999470472336 
5741.0 -7223.599877119064 
33933.0 -27399.099533855915 
3784.0 -5906.29989951849 
22729.0 -22907.39961028099 
19815.0 -20989.499642908573 
16900.0 -18056.29969280958 
9250.0 -11020.59981250763 
17335.0 -18362.499687612057 
9076.0 -10301.699824750423 
59.0 -1049.5999821424484 
33014.0 -27398.399533867836 
26665.0 -25907.799559235573 
22078.0 -22793.299612224102 
12189.0 -13065.899777710438 
28515.0 -26932.899541795254 
26170.0 -25457.69956690073 
12645.0 -13883.799763798714 
12525.0 -13127.499776661396 
2707.0 -4149.399929404259 
13240.0 -14180.59975874424 
15904.0 -17225.399706959724 
4783.0 -6631.099887192249 
29375.0 -27044.199539899826 
1917.0 -3917.699933350086 
17441.0 -18915.499678194523 
14230.0 -15860.499730169773 
15099.0 -16189.099724590778 
6892.0 -8155.299861252308 
28059.0 -26868.49954289198 
10249.0 -11745.399800181389 
2869.0 -4954.699915707111 
6977.0 -8286.499859035015 
19189.0 -20178.599656701088 
21788.0 -22387.29961913824 
55.0 -1020.1999826431274 
14651.0 -15873.799729943275 
24717.0 -24806.399577975273 
5032.0 -6904.799882531166 
29675.0 -27118.399538636208 
13278.0 -14823.499747812748 
18595.0 -20007.099659621716 
16178.0 -17237.999706745148 
11124.0 -12367.999789595604 
27739.0 -26491.89954930544 
19594.0 -20731.899647295475 
14139.0 -15195.199741482735 
4493.0 -6225.099894106388 
7856.0 -9319.299841463566 
32381.0 -27354.999534606934 
8367.0 -9982.899830162525 
13648.0 -14829.09974771738 
11123.0 -12081.399794459343 
4454.0 -5981.8998982310295 
5627.0 -6952.399881720543 
20782.0 -21418.199635624886 
19572.0 -20271.299655139446 
18526.0 -19390.399670124054 
10415.0 -12049.199795007706 
25749.0 -25444.399567127228 
2286.0 -4136.099929630756 
31412.0 -27307.399535417557 
23298.0 -23775.69959551096 
31960.0 -27341.69953483343 
18120.0 -19038.69967609644 
24146.0 -23954.8995924592 
635.0 -2090.099964439869 
12981.0 -13945.399762749672 
24330.0 -24413.699584662914 
27439.0 -26435.899550259113 
13987.0 -15142.299742400646 
21605.0 -21946.699626624584 
24975.0 -24916.299576103687 
24975.0 -24916.299576103687 
27396.0 -25998.799557685852 
3016.0 -4955.39991569519 
18163.0 -19152.09967416525 
18568.0 -19705.399664759636 
20524.0 -21308.29963749647 
8279.0 -9661.599835634232 
7856.0 -9319.299841463566 
23110.0 -23431.299601376057 
21052.0 -21766.799629688263 
25749.0 -25444.399567127228 
21072.0 -21824.199628710747 
