70.29999881982803
70.29999881982803
70.29999881982803
70.29999881982803
70.29999881982803
70.29999881982803
70.29999881982803
70.29999881982803
70.29999881982803
70.29999881982803
70.29999881982803
70.29999881982803
70.29999881982803
70.29999881982803
70.29999881982803
70.29999881982803
70.29999881982803
70.29999881982803
70.29999881982803
70.29999881982803
70.29999881982803
70.29999881982803
70.29999881982803
70.29999881982803
70.29999881982803
70.29999881982803
70.29999881982803
70.29999881982803
70.29999881982803
70.29999881982803
70.29999881982803
70.29999881982803
70.29999881982803
70.29999881982803
70.29999881982803
70.29999881982803
70.29999881982803
70.29999881982803
70.29999881982803
70.29999881982803
70.29999881982803
70.29999881982803
70.29999881982803
70.29999881982803
70.29999881982803
70.29999881982803
70.29999881982803
70.29999881982803
70.29999881982803
70.29999881982803
