0.0 -0.0 
16505.0 -6584.999888539314 
16505.0 -6584.999888539314 
0.0 -0.0 
455.0 -1085.299981534481 
285.0 -539.2999908328056 
2844.0 -2353.1999599933624 
15370.0 -6514.699889719486 
15370.0 -6514.699889719486 
14412.0 -6444.399890899658 
2797.0 -2038.1999653577805 
1664.0 -1624.5999723672867 
4559.0 -3250.399944782257 
1302.0 -1267.8999784588814 
1587.0 -1345.799977183342 
5398.0 -3698.9999371767044 
6631.0 -4238.29992800951 
14412.0 -6444.399890899658 
13695.0 -6374.09989207983 
2055.0 -1813.8999691605568 
5052.0 -3320.699943602085 
2055.0 -1813.8999691605568 
4309.0 -3026.0999485850334 
2462.0 -1988.8999661803246 
1302.0 -1267.8999784588814 
3448.0 -2437.499958574772 
7124.0 -4308.599926829338 
5148.0 -3474.6999409794807 
5148.0 -3474.6999409794807 
455.0 -1085.299981534481 
285.0 -539.2999908328056 
4309.0 -3026.0999485850334 
13695.0 -6374.09989207983 
13305.0 -6303.799893260002 
6500.0 -4063.2999309897423 
1664.0 -1624.5999723672867 
2462.0 -1988.8999661803246 
7733.0 -4602.599921822548 
5792.0 -3789.6999356150627 
12698.0 -6163.199895620346 
175.0 -364.2999938130379 
3770.0 -2711.0999539494514 
5792.0 -3789.6999356150627 
105.0 -70.29999881982803 
5398.0 -3698.9999371767044 
175.0 -364.2999938130379 
115.0 -224.29999619722366 
6060.0 -3839.5999348163605 
9148.0 -5024.399914741516 
4559.0 -3250.399944782257 
7648.0 -4519.499923288822 
13305.0 -6303.799893260002 
3770.0 -2711.0999539494514 
3586.0 -2577.499956190586 
6208.0 -3909.8999336361885 
10176.0 -5305.599910020828 
8979.0 -4954.099915921688 
8750.0 -4883.79991710186 
3586.0 -2577.499956190586 
9404.0 -5094.699913561344 
10243.0 -5363.099909126759 
9963.0 -5235.299911201 
11884.0 -5881.999900341034 
8750.0 -4883.79991710186 
8543.0 -4813.499918282032 
7441.0 -4449.199924468994 
6381.0 -4013.9999318122864 
12698.0 -6163.199895620346 
3932.0 -2801.7999523878098 
3932.0 -2801.7999523878098 
115.0 -224.29999619722366 
13023.0 -6219.499894678593 
9404.0 -5094.699913561344 
6208.0 -3909.8999336361885 
9148.0 -5024.399914741516 
7293.0 -4378.899925649166 
8302.0 -4730.399919748306 
10536.0 -5446.199907660484 
7124.0 -4308.599926829338 
8979.0 -4954.099915921688 
8046.0 -4660.099920928478 
4077.0 -2892.499950826168 
7441.0 -4449.199924468994 
8543.0 -4813.499918282032 
11963.0 -5938.299899399281 
10861.0 -5573.999905586243 
7293.0 -4378.899925649166 
8226.0 -4672.899920642376 
8046.0 -4660.099920928478 
10782.0 -5517.699906527996 
10479.0 -5433.399907946587 
9795.0 -5222.4999114871025 
10012.0 -5292.7999103069305 
6631.0 -4238.29992800951 
11750.0 -5867.9999005794525 
3520.0 -2486.799957752228 
6381.0 -4013.9999318122864 
10393.0 -5375.899908840656 
3448.0 -2437.499958574772 
6060.0 -3839.5999348163605 
1587.0 -1345.799977183342 
5052.0 -3320.699943602085 
13069.0 -6233.499894440174 
12462.0 -6092.899896800518 
8395.0 -4743.199919462204 
7648.0 -4519.499923288822 
2844.0 -2353.1999599933624 
11360.0 -5728.59990298748 
6500.0 -4063.2999309897423 
4077.0 -2892.499950826168 
7733.0 -4602.599921822548 
11581.0 -5797.6999017596245 
13069.0 -6233.499894440174 
12462.0 -6092.899896800518 
11360.0 -5728.59990298748 
9656.0 -5164.999912381172 
9582.0 -5152.1999126672745 
4075.0 -2886.099950969219 
12032.0 -5952.299899160862 
10930.0 -5587.999905347824 
9582.0 -5152.1999126672745 
12245.0 -6022.59989798069 
11143.0 -5658.299904167652 
12180.0 -6008.599898219109 
11078.0 -5644.299904406071 
12416.0 -6078.899897038937 
11314.0 -5714.599903225899 
11143.0 -5658.299904167652 
12245.0 -6022.59989798069 
3520.0 -2486.799957752228 
11750.0 -5867.9999005794525 
11596.0 -5798.899901807308 
11581.0 -5797.6999017596245 
12416.0 -6078.899897038937 
11314.0 -5714.599903225899 
13023.0 -6219.499894678593 
105.0 -70.29999881982803 
12180.0 -6008.599898219109 
11078.0 -5644.299904406071 
10930.0 -5587.999905347824 
12032.0 -5952.299899160862 
10648.0 -5503.699906766415 
8395.0 -4743.199919462204 
9795.0 -5222.4999114871025 
9656.0 -5164.999912381172 
2797.0 -2038.1999653577805 
10684.0 -5516.499906480312 
4075.0 -2886.099950969219 
11596.0 -5798.899901807308 
10648.0 -5503.699906766415 
