6.7145543629447216E-6
1.586718865559767E-5
1.4997086129553473E-5
1.5946742083628785E-5
1.5463402630233476E-5
1.547920048200275E-5
1.5463402630233476E-5
1.587229201773619E-5
1.5463402630233476E-5
1.547920048200275E-5
1.548443171789003E-5
1.5463402630233476E-5
1.548443171789003E-5
1.548443171789003E-5
1.548443171789003E-5
1.547920048200275E-5
1.547920048200275E-5
1.548443171789003E-5
1.547920048200275E-5
1.547920048200275E-5
1.5463402630233476E-5
1.5463402630233476E-5
1.547920048200275E-5
1.586718865559767E-5
1.5463402630233476E-5
1.586718865559767E-5
1.547920048200275E-5
1.512770519656806E-5
1.586718865559767E-5
1.548443171789003E-5
1.547920048200275E-5
1.547920048200275E-5
1.547920048200275E-5
1.547920048200275E-5
1.6684524616924367E-5
1.586718865559767E-5
1.5463402630233476E-5
1.586718865559767E-5
1.5463402630233476E-5
1.547920048200275E-5
1.548443171789003E-5
1.5463402630233476E-5
1.547920048200275E-5
1.547920048200275E-5
1.547920048200275E-5
1.548443171789003E-5
1.547920048200275E-5
6.728969867417457E-6
1.547920048200275E-5
1.548443171789003E-5
