1.008507948179739
1.0143476850727076
1.028238016336299
1.014191416163783
1.0152881411440777
1.0149030373817027
1.0152881411440777
1.01428775096537
1.0152881411440777
1.0149030373817027
1.0148438218189288
1.0152881411440777
1.0148438218189288
1.0148438218189288
1.0148438218189288
1.0149030373817027
1.0149030373817027
1.0148438218189288
1.0149030373817027
1.0149030373817027
1.0152881411440777
1.0152881411440777
1.0149030373817027
1.0143476850727076
1.0152881411440777
1.0143476850727076
1.0149030373817027
1.041176068646598
1.0143476850727076
1.0148438218189288
1.0149030373817027
1.0149030373817027
1.0149030373817027
1.0149030373817027
1.0138432034662324
1.0143476850727076
1.0152881411440777
1.0143476850727076
1.0152881411440777
1.0149030373817027
1.0148438218189288
1.0152881411440777
1.0149030373817027
1.0149030373817027
1.0149030373817027
1.0148438218189288
1.0149030373817027
1.0085264460928107
1.0149030373817027
1.0148438218189288
