202836.0 -133578.79772746563 
4393.0 -3242.8999448418617 
4393.0 -3242.8999448418617 
202836.0 -133578.79772746563 
64773.0 -56204.59904384613 
15546.0 -17530.19970178604 
49834.0 -45554.29922503233 
33829.0 -32430.699448287487 
28062.0 -28122.39952158928 
104123.0 -82452.19859731197 
30284.0 -30269.199485063553 
179094.0 -129227.2978015542 
183348.0 -129860.09779077768 
52718.0 -47008.49920028448 
8606.0 -10468.599821925163 
67782.0 -57435.0990229249 
190715.0 -132213.79775071144 
63471.0 -53701.49908643961 
17481.0 -19431.99966943264 
128937.0 -99821.79830181599 
74954.0 -61913.098946750164 
11816.0 -14344.699755966663 
125360.0 -95305.19837868214 
23771.0 -24593.199581623077 
105839.0 -84588.49856096506 
111884.0 -87867.39850521088 
131010.0 -100695.59828698635 
38574.0 -36702.199375629425 
76842.0 -63494.69891983271 
137452.0 -105445.1982061863 
26384.0 -27401.799533843994 
84493.0 -69011.79882597923 
122818.0 -95047.59838306904 
5305.0 -4282.699927151203 
110879.0 -86395.0985302329 
43643.0 -39961.59932017326 
9318.0 -12420.799788713455 
19955.0 -21221.09963899851 
127009.0 -96683.49835520983 
21998.0 -23053.999607801437 
89137.0 -72988.29875832796 
132051.0 -101952.3982656002 
90600.0 -73998.69874113798 
200054.0 -133130.79773509502 
185054.0 -130482.39778017998 
96291.0 -77243.39868593216 
58999.0 -51917.299116790295 
156435.0 -118430.9979852438 
142775.0 -109936.89812976122 
135022.0 -104277.69822603464 
153080.0 -116113.69802469015 
57347.0 -50830.599135279655 
158233.0 -119260.09797114134 
41519.0 -38761.499340593815 
87646.0 -72004.49877506495 
174997.0 -126920.8978407979 
36125.0 -35077.59940326214 
8173.0 -8142.9998614788055 
73823.0 -60923.398963570595 
82417.0 -68275.49883848429 
49048.0 -43608.39925813675 
192724.0 -132588.99774432182 
160721.0 -119393.39796888828 
92254.0 -74844.2987267375 
11456.0 -12567.79978621006 
99141.0 -80144.39863657951 
116803.0 -91266.09844738245 
54719.0 -47452.29919272661 
118460.0 -92466.49842697382 
197137.0 -133120.99773526192 
146925.0 -112088.59809315205 
102742.0 -81214.99861836433 
101527.0 -80709.9986269474 
61326.0 -52577.39910554886 
195114.0 -132913.7977387905 
121112.0 -94018.99840056896 
19025.0 -19802.29966312647 
94112.0 -76890.59869194031 
13896.0 -15504.899736225605 
97685.0 -78429.79866576195 
46151.0 -40822.89930552244 
150287.0 -114664.09804934263 
187352.0 -131394.09776467085 
151372.0 -115541.49803441763 
85334.0 -70456.19880139828 
173034.0 -126357.39785039425 
93228.0 -75844.49870973825 
37785.0 -35698.499392688274 
133540.0 -102964.19824838638 
170680.0 -125199.6978700757 
166172.0 -123862.69789284468 
176555.0 -127789.89782601595 
21381.0 -22219.599622011185 
70910.0 -59781.09898298979 
139428.0 -107411.39817273617 
144594.0 -110726.79811632633 
177885.0 -128201.49781900644 
5920.0 -6294.399892926216 
32795.0 -30371.399483323097 
149168.0 -113680.9980660677 
87134.0 -70557.69879966974 
147788.0 -113237.89807361364 
71222.0 -60685.09896761179 
163470.0 -121425.39793431759 
113864.0 -88658.69849175215 
165829.0 -122710.1979124546 
25219.0 -25891.999559521675 
78814.0 -65146.59889173508 
78445.0 -63749.49891549349 
128460.0 -97815.59833598137 
146344.0 -110733.79811620712 
141587.0 -108876.0981478095 
140659.0 -108442.09815520048 
106356.0 -85215.99855029583 
164879.0 -121694.19792973995 
40964.0 -37760.19935762882 
33145.0 -31465.099464714527 
171600.0 -125883.49785846472 
55337.0 -48825.59916937351 
69286.0 -58800.09899967909 
155788.0 -116447.99801898003 
98560.0 -79110.89865416288 
114122.0 -89418.49847882986 
7897.0 -7210.299877345562 
81443.0 -66490.19886887074 
62033.0 -53355.39909231663 
45410.0 -40180.69931644201 
169509.0 -124070.59788930416 
47308.0 -43568.8992587924 
81699.0 -67202.39885675907 
187069.0 -131305.8977661729 
55337.0 -48825.59916937351 
156051.0 -116835.79801237583 
168698.0 -124004.09789043665 
69241.0 -58200.899009883404 
115885.0 -89994.19846904278 
133843.0 -103991.3982309103 
202372.0 -133575.9977275133 
108042.0 -86010.7985367775 
24622.0 -25565.799565076828 
108250.0 -86225.69853311777 
13896.0 -15504.899736225605 
6599.0 -6518.399889111519 
57961.0 -50902.6991340518 
36125.0 -35077.59940326214 
127622.0 -97771.49833673239 
120662.0 -93046.39841711521 
119837.0 -92789.19842147827 
161233.0 -121054.09794062376 
161125.0 -120949.0979424119 
