3757.0 -2122.599963903427 
203341.0 -133615.89772683382 
203341.0 -133615.89772683382 
3757.0 -2122.599963903427 
144181.0 -111171.99810874462 
28776.0 -28701.29951173067 
148249.0 -113227.79807376862 
13897.0 -12929.399780035019 
26046.0 -26676.299546182156 
46121.0 -42158.79928278923 
70675.0 -60341.398973464966 
47814.0 -44294.39924645424 
138702.0 -105872.19819891453 
91819.0 -73916.09874254465 
69706.0 -57826.79901623726 
15650.0 -14948.099745690823 
23838.0 -22271.099621117115 
133321.0 -101665.09827047586 
21913.0 -20312.59965443611 
170064.0 -126526.39784753323 
12471.0 -11321.89980739355 
35544.0 -33840.09942430258 
140558.0 -107880.39816474915 
63001.0 -55388.79905772209 
113201.0 -89114.39848399162 
52047.0 -45693.599222660065 
88943.0 -72938.29875916243 
24665.0 -25704.399562716484 
180392.0 -130566.39777874947 
59204.0 -51786.79911899567 
67909.0 -57238.39902627468 
198858.0 -133298.797732234 
112030.0 -87276.9985152483 
7997.0 -7826.2998668551445 
32954.0 -33027.099438130856 
98071.0 -79357.29864996672 
125247.0 -97137.39834749699 
7997.0 -7826.2998668551445 
172935.0 -127401.39783263206 
122952.0 -95254.49837952852 
137292.0 -104969.59821426868 
130823.0 -100509.79829013348 
160945.0 -120944.89794248343 
57349.0 -50326.2991438508 
136258.0 -103391.8982411027 
40216.0 -38217.999349832535 
24558.0 -23320.599603295326 
42536.0 -38996.69933658838 
94878.0 -76930.49869126081 
32063.0 -32008.299455463886 
101587.0 -80837.3986247778 
176707.0 -128225.69781857729 
154873.0 -117149.69800704718 
45088.0 -40603.49930924177 
36261.0 -35398.89939779043 
72473.0 -61263.59895777702 
16636.0 -15953.59972858429 
80008.0 -65804.5988805294 
100258.0 -79939.29864007235 
120708.0 -94213.29839724302 
102691.0 -82238.69860094786 
75181.0 -63107.29892641306 
114058.0 -90401.29846209288 
135499.0 -102145.59826231003 
5153.0 -5781.699901640415 
105707.0 -83721.19857573509 
74116.0 -61914.89894670248 
195264.0 -132806.6977406144 
182164.0 -131413.69776433706 
115889.0 -91009.19845175743 
168428.0 -125723.89786118269 
85603.0 -70596.89879900217 
82379.0 -66957.79886090755 
62280.0 -53593.39908826351 
127316.0 -98085.49833136797 
84710.0 -69612.39881575108 
18878.0 -16653.199716687202 
104353.0 -82724.49859267473 
159196.0 -120122.0979564786 
123846.0 -96249.4983626008 
11199.0 -10060.899828851223 
184198.0 -131657.29776018858 
77144.0 -63618.5989177227 
83707.0 -68310.09883791208 
174153.0 -127938.29782348871 
191140.0 -132675.09774285555 
20659.0 -16818.399713873863 
43162.0 -40252.09931522608 
162538.0 -121956.6979252696 
201868.0 -133410.79773032665 
93216.0 -75079.09872275591 
31002.0 -30036.49948900938 
163951.0 -122242.99792039394 
54515.0 -48607.89917308092 
109805.0 -85640.19854307175 
109933.0 -87094.29851835966 
11199.0 -10060.899828851223 
106631.0 -84860.09855633974 
87650.0 -71262.19878768921 
78219.0 -64428.09890395403 
93349.0 -76137.0987047553 
156483.0 -118148.89799004793 
189764.0 -132324.39774882793 
116945.0 -92090.99843335152 
20662.0 -18785.299680411816 
167145.0 -124858.39787590504 
149349.0 -113837.09806340933 
158095.0 -119380.49796909094 
65340.0 -56471.29903930426 
107958.0 -85274.79854929447 
196213.0 -132950.19773817062 
143140.0 -109439.89813822508 
178916.0 -129272.49780076742 
142273.0 -108030.89816218615 
39044.0 -37306.29936534166 
151339.0 -114078.59805929661 
31224.0 -30246.099485456944 
38723.0 -35592.099394500256 
165317.0 -123263.49790304899 
64768.0 -56435.599039912224 
186948.0 -132070.9977531433 
78424.0 -65749.99888145924 
60636.0 -52409.39910840988 
88413.0 -71768.99877905846 
128508.0 -98530.99832379818 
178054.0 -129259.897800982 
5153.0 -5781.699901640415 
49960.0 -44816.19923758507 
96349.0 -78127.79867088795 
152751.0 -116241.4980224967 
96474.0 -78309.7986677885 
21233.0 -19340.29967099428 
118294.0 -92327.59842932224 
153154.0 -116468.9980186224 
4506.0 -3997.099932014942 
157016.0 -118679.09798103571 
4506.0 -3997.099932014942 
53617.0 -47377.69919401407 
55984.0 -49887.799151301384 
120141.0 -93372.99841153622 
61519.0 -52797.19910180569 
53617.0 -47377.69919401407 
49982.0 -45325.79922890663 
55175.0 -49483.89915817976 
129130.0 -99398.59830904007 
82754.0 -67578.99885034561 
130463.0 -99482.59830760956 
186524.0 -131885.49775630236 
166931.0 -123821.39789354801 
142506.0 -109423.79813849926 
