202836.0 -133578.79772746563 
68.0 -743.6999873518944 
202836.0 -133578.79772746563 
68.0 -743.6999873518944 
5588.0 -6072.499896705151 
59778.0 -52685.49910372496 
179893.0 -129328.09779983759 
19612.0 -21709.6996306777 
92864.0 -75588.69871407747 
189477.0 -131662.19776010513 
9847.0 -11832.499798715115 
2665.0 -4214.099928319454 
143467.0 -109458.09813791513 
43330.0 -40336.09931379557 
184508.0 -130044.89778763056 
95753.0 -77641.69867914915 
133867.0 -102768.5982517004 
35301.0 -33130.2994363904 
117674.0 -92342.2984290719 
140533.0 -108046.5981619358 
185063.0 -131072.09777015448 
62237.0 -54345.499075472355 
138683.0 -105333.29820805788 
27840.0 -28837.09950941801 
89068.0 -71588.69878214598 
36986.0 -35015.69940429926 
117093.0 -90815.29845505953 
25743.0 -27044.09953993559 
63648.0 -54996.79906439781 
11984.0 -13463.799770951271 
23456.0 -24984.499574959278 
18296.0 -19294.799671769142 
71199.0 -60448.498971641064 
49480.0 -44153.699248850346 
7307.0 -11220.699809134007 
121209.0 -93010.39841771126 
39716.0 -38133.29935127497 
5794.0 -8741.799851298332 
114292.0 -89978.49846929312 
155999.0 -118675.2979810834 
154821.0 -117361.79800343513 
105850.0 -84318.6985655427 
129455.0 -100043.2982980609 
58063.0 -50896.09913414717 
176966.0 -128982.29780572653 
89603.0 -73224.49875432253 
30345.0 -31013.299472391605 
15362.0 -17733.199698328972 
131220.0 -100986.49828201532 
139125.0 -107413.4981727004 
54357.0 -48668.7991720438 
145820.0 -111722.49809938669 
109154.0 -85915.9985383749 
28724.0 -29883.199491620064 
77517.0 -64098.098909556866 
87041.0 -70177.99880611897 
144779.0 -110418.09812158346 
110400.0 -87252.79851567745 
67163.0 -58102.899011552334 
107160.0 -85541.4985447526 
111743.0 -88007.69850283861 
126194.0 -98194.6983295083 
45828.0 -41654.49929136038 
164784.0 -122684.69791287184 
641.0 -2417.299958884716 
175714.0 -127998.49782246351 
104175.0 -83370.49858170748 
113189.0 -89180.89848285913 
160512.0 -120960.29794222116 
69006.0 -59435.998988866806 
72771.0 -61301.39895713329 
22162.0 -22746.699613034725 
25162.0 -26030.899557173252 
133037.0 -101669.29827040434 
33011.0 -32702.299443662167 
12487.0 -14504.299753248692 
124098.0 -94222.69839709997 
55543.0 -49904.59915101528 
6383.0 -9803.999833226204 
32287.0 -31590.39946258068 
151440.0 -114489.49805229902 
80811.0 -66733.09886473417 
166460.0 -123647.09789651632 
158453.0 -119164.89797276258 
136244.0 -104488.39822244644 
39124.0 -36647.59937655926 
100610.0 -80095.39863741398 
77144.0 -62904.29892987013 
158621.0 -120278.89795380831 
2199.0 -3006.2999488711357 
121341.0 -94204.198397398 
22562.0 -23336.799602985382 
101939.0 -81830.29860788584 
37842.0 -36108.99938571453 
198589.0 -133249.0977330804 
65730.0 -56568.19903767109 
152232.0 -116074.1980253458 
103534.0 -82194.8986017108 
125504.0 -95921.8983681798 
152717.0 -116662.19801533222 
14423.0 -15656.399733662605 
128296.0 -98810.99831902981 
91803.0 -73856.29874354601 
50887.0 -45935.099218547344 
147111.0 -112725.598082304 
201852.0 -133366.69773107767 
161511.0 -122007.0979244113 
53312.0 -47204.09919697046 
51229.0 -45956.799218177795 
192175.0 -132631.69774359465 
83797.0 -67240.89885610342 
163084.0 -122183.49792140722 
79282.0 -65312.198888897896 
74763.0 -62690.49893349409 
192061.0 -131853.69775682688 
85517.0 -70107.29880732298 
74330.0 -62000.998945236206 
173905.0 -127330.69783383608 
57313.0 -50219.199145674706 
98632.0 -79102.09865432978 
100911.0 -80849.99862456322 
194919.0 -132824.1977403164 
171024.0 -126876.79784154892 
68508.0 -58606.899002969265 
167388.0 -124361.09788435698 
46987.0 -43332.99926280975 
41759.0 -39184.299333393574 
82794.0 -66808.69886344671 
48024.0 -43482.099260270596 
46045.0 -42274.999280810356 
92215.0 -74462.49873322248 
18296.0 -19294.799671769142 
79706.0 -65424.49888700247 
14206.0 -15517.79973602295 
136244.0 -104488.39822244644 
147767.0 -113388.7980710268 
124379.0 -95723.09837156534 
173232.0 -126953.79784023762 
84758.0 -68345.79883730412 
168797.0 -125325.29786795378 
85433.0 -68502.19883465767 
198727.0 -133359.69773119688 
194919.0 -132824.1977403164 
149595.0 -114369.7980543375 
149573.0 -113495.19806921482 
15362.0 -17733.199698328972 
53684.0 -47221.59919667244 
41759.0 -39184.299333393574 
127238.0 -98534.89832371473 
170632.0 -125692.09786170721 
