202836.0 -133578.79772746563 
22546.0 -11932.199797034264 
22546.0 -11932.199797034264 
202836.0 -133578.79772746563 
101048.0 -81226.1986181736 
97779.0 -78601.69866281748 
95288.0 -76644.59869611263 
136152.0 -105446.59820616245 
180580.0 -130402.89778155088 
51325.0 -46168.199214577675 
99426.0 -79574.99864625931 
70943.0 -60846.798964858055 
33477.0 -27549.7995313406 
109912.0 -86744.29852432013 
107085.0 -85598.09854382277 
44643.0 -39246.19933235645 
38926.0 -31737.399460077286 
26177.0 -15347.299738943577 
43570.0 -37132.299368321896 
104157.0 -82408.79859805107 
68520.0 -58569.799003601074 
177142.0 -129800.1977918148 
77816.0 -65149.79889166355 
89587.0 -73443.99875056744 
66876.0 -57186.29902714491 
24549.0 -13410.899771869183 
73581.0 -61878.19894731045 
49652.0 -44500.49924296141 
26887.0 -16381.499721348286 
27428.0 -18699.099681913853 
161930.0 -121780.99792826176 
136003.0 -104029.89823025465 
93682.0 -75787.09871071577 
134395.0 -102506.39825618267 
69517.0 -59848.29898184538 
36980.0 -30512.39948093891 
76989.0 -63274.1989235878 
54762.0 -49217.59916269779 
121043.0 -94016.89840060472 
115094.0 -91261.89844745398 
47269.0 -42485.99927723408 
56711.0 -49854.19915187359 
48516.0 -43830.299254357815 
33347.0 -24606.7995814085 
145806.0 -110559.89811915159 
126620.0 -98065.4983317256 
129042.0 -99090.29831427336 
194224.0 -132466.497746408 
53131.0 -47125.399198293686 
159167.0 -120472.79795050621 
59646.0 -52316.69910997152 
186749.0 -132158.4977516532 
83187.0 -68370.29883688688 
45314.0 -40573.69930976629 
123656.0 -94984.99838411808 
119177.0 -92569.7984251976 
117090.0 -91766.59843885899 
172145.0 -126728.39784407616 
198865.0 -133165.0977345109 
152558.0 -116482.99801838398 
148800.0 -114030.29806011915 
150431.0 -114617.89805012941 
113454.0 -90446.79846131802 
173909.0 -127707.9978274107 
125147.0 -97177.99834680557 
130927.0 -100395.69829207659 
151504.0 -115532.79803454876 
42467.0 -36193.99938428402 
182738.0 -131228.8977674842 
87726.0 -71506.89878350496 
45609.0 -42020.199285149574 
124449.0 -96221.09836310148 
156288.0 -118071.19799137115 
89199.0 -72310.79876983166 
53551.0 -48171.09918051958 
160610.0 -121360.6979354024 
143563.0 -110373.2981223464 
176191.0 -128957.09780615568 
65001.0 -55411.19905734062 
92357.0 -74555.89873164892 
201967.0 -133476.59772920609 
57370.0 -51099.79913067818 
110667.0 -87925.49850422144 
36442.0 -29546.099497377872 
65672.0 -56123.09904521704 
164535.0 -122863.197909832 
190836.0 -132224.9977505207 
112565.0 -89646.69847494364 
111303.0 -88875.69848805666 
166471.0 -124518.59788167477 
184080.0 -131307.99776613712 
148659.0 -112471.09808665514 
41705.0 -35119.8994025588 
140344.0 -108554.79815328121 
195278.0 -132959.99773800373 
31936.0 -23559.99959921837 
23544.0 -12841.099781572819 
169619.0 -126149.89785391092 
175300.0 -127915.89782387018 
166076.0 -122934.89790862799 
59114.0 -51310.49912708998 
82528.0 -67109.29885834455 
121389.0 -94871.19838607311 
157391.0 -119009.49797540903 
142283.0 -109782.89813238382 
158796.0 -119096.697973907 
128432.0 -98521.19832396507 
39445.0 -33432.2994312644 
186686.0 -131546.6977620721 
63773.0 -54290.89907640219 
79454.0 -65997.79887723923 
197690.0 -133012.49773710966 
168761.0 -125023.99787306786 
41275.0 -34101.099419891834 
154904.0 -116583.09801667929 
146114.0 -112245.39809048176 
141709.0 -108935.59814679623 
139283.0 -107172.39817678928 
190875.0 -132397.89774757624 
30654.0 -20944.599643707275 
81477.0 -66775.798864007 
60802.0 -53659.199087142944 
28551.0 -20058.39965879917 
86886.0 -70617.89879864454 
85285.0 -68724.79883086681 
133928.0 -101474.99827373028 
155449.0 -117121.29800754786 
106477.0 -84391.6985643506 
132564.0 -101299.69827669859 
105784.0 -84058.19857001305 
30451.0 -20620.499649226665 
86110.0 -70132.79880690575 
171236.0 -126155.49785381556 
35226.0 -28625.999513030052 
74812.0 -62473.09893721342 
75758.0 -62679.298933684826 
62927.0 -54170.49907845259 
34515.0 -28564.399514079094 
118468.0 -92357.69842880964 
80133.0 -66221.79887342453 
28073.0 -19738.199664235115 
31252.0 -22594.39961564541 
139423.0 -107589.89816969633 
167435.0 -125012.79787325859 
131857.0 -100491.59829044342 
92357.0 -74555.89873164892 
32521.0 -24574.599581956863 
86088.0 -68859.89882856607 
61341.0 -53675.29908686876 
146943.0 -112354.5980886221 
