202836.0 -133578.79772746563 
13309.0 -5367.599908709526 
13309.0 -5367.599908709526 
202836.0 -133578.79772746563 
19990.0 -17470.299702823162 
21496.0 -22358.89961963892 
17218.0 -15968.899728357792 
47334.0 -43819.79925453663 
63096.0 -55364.299058139324 
17201.0 -12251.099791586399 
115080.0 -90545.49845963717 
174770.0 -127212.79783582687 
198840.0 -133190.29773408175 
72152.0 -60413.49897223711 
65704.0 -57048.39902949333 
178146.0 -128228.09781855345 
122185.0 -95174.69838088751 
170133.0 -126010.59785628319 
46242.0 -42037.99928486347 
37191.0 -35328.199398994446 
50204.0 -45100.39923274517 
172806.0 -126903.69784110785 
167491.0 -123728.69789510965 
80032.0 -66501.39886868 
97264.0 -78711.59866094589 
73596.0 -62252.69894093275 
61329.0 -54317.49907594919 
69475.0 -58906.49899786711 
118009.0 -91520.19844305515 
128305.0 -99343.69830995798 
169283.0 -124823.09787648916 
131211.0 -100291.79829382896 
99561.0 -79766.0986430049 
135297.0 -103627.6982371211 
40071.0 -36180.799384474754 
184345.0 -130723.89777606726 
160688.0 -120099.69795686007 
133398.0 -102561.79825520515 
123406.0 -96333.49836117029 
92312.0 -74608.29873079062 
165858.0 -122808.59791076183 
103876.0 -82943.59858894348 
121014.0 -93467.49840992689 
145869.0 -111782.39809834957 
109358.0 -86478.69852882624 
105257.0 -83915.49857240915 
13397.0 -5651.09990388155 
13468.0 -8952.099847733974 
89329.0 -72997.69875818491 
41965.0 -38049.5993527174 
82376.0 -67659.19884896278 
90432.0 -73935.99874222279 
147670.0 -112320.9980891943 
60160.0 -53160.799095630646 
15758.0 -10174.599826931953 
191392.0 -131170.79776847363 
107599.0 -85242.59854984283 
58836.0 -51465.799124479294 
96229.0 -77794.29867655039 
55508.0 -48598.79917323589 
44878.0 -41029.39930200577 
111071.0 -88052.19850206375 
26255.0 -27635.599529862404 
43130.0 -38980.599336862564 
179084.0 -129075.7978041172 
52135.0 -46322.09921199083 
18934.0 -16991.199710965157 
137406.0 -105443.79820621014 
28836.0 -28775.099510490894 
151831.0 -115720.39803135395 
78914.0 -65710.09888213873 
181089.0 -129651.49779433012 
69897.0 -59938.59898030758 
154701.0 -116816.19801270962 
182735.0 -129935.69778949022 
136898.0 -104197.79822742939 
85038.0 -68638.09883230925 
44168.0 -39995.19931960106 
78291.0 -64344.89890533686 
56682.0 -50354.699143350124 
164471.0 -121931.89792567492 
40539.0 -37051.09936970472 
193276.0 -132222.1977505684 
149364.0 -113010.7980774641 
187952.0 -131072.09777015448 
23975.0 -23413.39960169792 
88007.0 -71889.29877704382 
33940.0 -32854.899441063404 
202589.0 -133328.8977317214 
150735.0 -114478.29805248976 
66975.0 -57763.79901731014 
24800.0 -25640.99956381321 
15930.0 -11198.299809515476 
140093.0 -106539.5981875658 
35170.0 -34496.99941313267 
127491.0 -98723.89832049608 
158348.0 -119329.09796994925 
53262.0 -47563.899190843105 
77304.0 -63585.698918282986 
26012.0 -26410.999550700188 
138814.0 -106267.6981921792 
112840.0 -88879.59848797321 
107489.0 -84215.39856731892 
87897.0 -70855.89879459143 
126723.0 -97393.59834313393 
102648.0 -81870.89860719442 
27786.0 -28652.299512565136 
119663.0 -93109.0984160304 
163795.0 -121053.79794061184 
195879.0 -133021.5977369547 
187097.0 -130936.99777245522 
24636.0 -24283.39958691597 
101926.0 -81376.6986156106 
83244.0 -68002.39884316921 
13626.0 -9185.899843752384 
86809.0 -69790.89881271124 
110140.0 -87262.99851548672 
22594.0 -22540.89961653948 
118351.0 -92418.59842777252 
132719.0 -101472.99827373028 
30239.0 -30338.49948388338 
60113.0 -51554.99912297726 
156256.0 -118210.19798898697 
140511.0 -108156.49816006422 
31775.0 -31454.199464917183 
195252.0 -132821.39774036407 
53656.0 -48301.99917829037 
56345.0 -49953.19915020466 
157582.0 -119187.69797235727 
50775.0 -45851.799219965935 
93699.0 -75618.79871356487 
155288.0 -118153.49798995256 
31775.0 -31454.199464917183 
75710.0 -63089.49892669916 
144155.0 -110941.39811265469 
142831.0 -109946.3981295824 
149802.0 -114020.8980602622 
85622.0 -69632.59881544113 
191907.0 -131937.2977554202 
113427.0 -89563.79847633839 
75648.0 -62272.298940598965 
124729.0 -97347.39834392071 
33940.0 -32854.899441063404 
132106.0 -100805.598285079 
35795.0 -34621.9994109869 
140528.0 -108825.69814866781 
161844.0 -120912.69794303179 
30239.0 -30338.49948388338 
93764.0 -76099.29870539904 
100333.0 -80651.49862796068 
