202836.0 -133578.79772746563 
0.0 -0.0 
0.0 -0.0 
202836.0 -133578.79772746563 
103541.0 -82706.99859297276 
106388.0 -84525.79856204987 
19265.0 -18854.199679255486 
2938.0 -2156.8999633193016 
60251.0 -53043.19909763336 
20678.0 -21201.199639320374 
78419.0 -65217.69889050722 
45814.0 -42911.59926998615 
26328.0 -26618.199547171593 
192808.0 -132303.39774918556 
13505.0 -12796.399782299995 
80750.0 -65688.39888250828 
180465.0 -129556.99779593945 
75964.0 -63366.59892201424 
33218.0 -32873.79944074154 
22430.0 -22575.899615943432 
110818.0 -87634.29850918055 
167286.0 -124678.49787896872 
58212.0 -51604.79912209511 
5219.0 -7761.89986795187 
48443.0 -44557.89924198389 
3880.0 -5919.599899291992 
170235.0 -125933.19785761833 
114023.0 -88558.59849345684 
199732.0 -133274.9977326393 
24133.0 -23758.499595820904 
9010.0 -9410.299839913845 
163674.0 -122959.79790818691 
10430.0 -10772.09981673956 
86608.0 -70946.19879305363 
41327.0 -37898.49935525656 
31171.0 -31518.999463796616 
25579.0 -25007.89957457781 
122695.0 -95455.39837610722 
108063.0 -86039.79853630066 
65844.0 -56823.69903331995 
54022.0 -48045.499182641506 
13595.0 -15766.999731779099 
73101.0 -61739.59894967079 
7242.0 -8375.399857521057 
71969.0 -60407.89897233248 
139362.0 -106662.09818547964 
166235.0 -123765.39789450169 
12500.0 -11540.9998036623 
101425.0 -81420.0986148715 
38984.0 -37183.799367427826 
135402.0 -103274.69824308157 
154226.0 -116963.19801020622 
85000.0 -69358.99882006645 
181839.0 -130717.89777618647 
28636.0 -28223.199519872665 
148241.0 -112999.59807765484 
14093.0 -16596.09971767664 
143989.0 -110056.59812772274 
173290.0 -127360.79783332348 
98051.0 -78275.79866838455 
133998.0 -102351.79825878143 
36210.0 -33055.09943765402 
45309.0 -41248.79929828644 
121878.0 -93996.99840092659 
116919.0 -91517.798443079 
174291.0 -128412.49781543016 
36971.0 -34058.09942060709 
185098.0 -131587.29776138067 
129511.0 -98659.49832159281 
75026.0 -62579.19893538952 
129933.0 -100097.19829714298 
171436.0 -126569.49784678221 
55559.0 -49084.59916496277 
96335.0 -76415.69870001078 
157473.0 -119327.99796998501 
110127.0 -86316.29853159189 
68637.0 -57988.799013495445 
120055.0 -93565.49840825796 
52216.0 -47091.79919886589 
149470.0 -114878.29804569483 
195941.0 -133207.79773378372 
177010.0 -129002.19780540466 
141072.0 -107093.6981781125 
115416.0 -90536.39845979214 
90756.0 -73618.59874761105 
43653.0 -40681.49930793047 
137423.0 -104021.19823038578 
132595.0 -101449.89827412367 
89416.0 -72673.69876366854 
64102.0 -54956.899065077305 
142142.0 -109384.59813916683 
161829.0 -122191.59792125225 
131750.0 -100670.79828739166 
127666.0 -98058.89833182096 
145428.0 -111020.09811133146 
156418.0 -117560.89800006151 
161037.0 -121574.19793176651 
92460.0 -73922.79874241352 
189948.0 -132200.49775093794 
184268.0 -130951.69777220488 
65741.0 -55681.39905273914 
141952.0 -108273.39815807343 
153095.0 -115834.49802941084 
96670.0 -77303.89868491888 
16499.0 -17810.19969701767 
126865.0 -97298.6983447671 
786.0 -1882.899967968464 
125704.0 -95780.59837055206 
114046.0 -90097.49846726656 
94174.0 -75517.59871530533 
56726.0 -50572.69913965464 
99249.0 -79283.09865123034 
16333.0 -17808.099697053432 
138059.0 -104971.398214221 
37970.0 -35469.59939658642 
42645.0 -39169.59933364391 
70168.0 -59556.398986816406 
188532.0 -131704.19775938988 
146454.0 -111528.59810268879 
151656.0 -115665.0980322957 
30829.0 -30079.499488294125 
158982.0 -120331.39795291424 
148052.0 -111966.09809523821 
159792.0 -120451.09795087576 
49943.0 -44837.49923723936 
30121.0 -29549.299497306347 
196505.0 -133220.39773356915 
84575.0 -68383.19883668423 
50813.0 -45582.59922456741 
101424.0 -80140.89863663912 
119615.0 -92098.69843322039 
3880.0 -5919.599899291992 
156948.0 -118261.59798812866 
51899.0 -46068.09921628237 
196.0 -1027.1999825239182 
38006.0 -36148.89938503504 
176547.0 -128804.79780876637 
119082.0 -91738.59843933582 
29497.0 -28384.19951713085 
82685.0 -68348.59883725643 
99939.0 -79882.9986410141 
126351.0 -95978.5983672142 
56213.0 -50037.19914877415 
88922.0 -71183.79878902435 
62836.0 -54450.499073684216 
150149.0 -115102.29804188013 
62836.0 -54450.499073684216 
43001.0 -39558.0993270278 
68637.0 -57988.799013495445 
93116.0 -75133.69872182608 
