202666.0 -133586.4977273345 
1116.0 -1569.29997330904 
202666.0 -133586.4977273345 
1116.0 -1569.29997330904 
22760.0 -23525.699599802494 
104717.0 -82921.49858933687 
101659.0 -81033.69862145185 
82933.0 -68403.89883631468 
42621.0 -38565.89934390783 
25893.0 -25518.89956587553 
39578.0 -36980.799370884895 
192534.0 -132332.0977486968 
56910.0 -50189.099146187305 
7917.0 -11767.399799823761 
85434.0 -70089.09880763292 
47379.0 -42579.099275648594 
112085.0 -88622.39849233627 
80621.0 -66243.09887307882 
4657.0 -4673.999920487404 
120013.0 -93212.29841428995 
146153.0 -111269.29810708761 
105580.0 -84512.89856225252 
109659.0 -86890.29852181673 
61531.0 -53634.9990875721 
116233.0 -90102.79846715927 
97676.0 -78405.69866615534 
129706.0 -100415.99829173088 
59225.0 -52457.99910759926 
149443.0 -112303.09808951616 
125268.0 -96781.09835356474 
89945.0 -72698.49876326323 
34204.0 -32756.899442732334 
62406.0 -54982.79906463623 
95096.0 -77090.79868853092 
28960.0 -29663.399495363235 
184068.0 -130633.1977776289 
113188.0 -89560.69847637415 
91302.0 -74304.89873594046 
18377.0 -20480.19965159893 
197049.0 -133050.29773646593 
3702.0 -3597.7999387979507 
136970.0 -103527.29823881388 
127789.0 -98747.29832011461 
165852.0 -123803.89789384604 
173953.0 -127759.09782654047 
22148.0 -21582.99963283539 
92456.0 -75239.39872002602 
26577.0 -26484.49954944849 
173211.0 -126713.6978443265 
168300.0 -124100.39788877964 
44047.0 -39564.39932692051 
170678.0 -126007.39785635471 
15388.0 -16646.499716818333 
164233.0 -122768.99791145325 
48986.0 -43527.899259507656 
15388.0 -16646.499716818333 
58674.0 -51044.09913164377 
12086.0 -12646.199784874916 
188353.0 -131760.1977584362 
53729.0 -46805.49920374155 
1599.0 -2606.299955666065 
107473.0 -85808.49854022264 
5626.0 -7075.89987963438 
195167.0 -132595.9977442026 
100415.0 -79986.19863927364 
127197.0 -98055.39833188057 
9926.0 -12416.999788761139 
30735.0 -30570.899479925632 
94413.0 -76249.09870284796 
19803.0 -21478.699634611607 
179269.0 -128961.99780607224 
118649.0 -91440.99844443798 
143025.0 -108971.99814617634 
187594.0 -131521.49776250124 
54503.0 -48483.29917520285 
170326.0 -124755.19787764549 
98501.0 -79436.39864861965 
156665.0 -118932.49797672033 
161615.0 -120490.59795022011 
85203.0 -68789.19882977009 
155599.0 -118101.99799084663 
154309.0 -117172.0980066657 
13158.0 -14063.299760758877 
45815.0 -40595.7993093729 
66696.0 -57222.29902654886 
50321.0 -44475.29924339056 
31534.0 -31584.09946268797 
132755.0 -101372.49827545881 
51476.0 -46532.49920839071 
159012.0 -119238.39797151089 
137236.0 -105200.8982103467 
76488.0 -63427.498920977116 
151493.0 -114881.79804563522 
36225.0 -34548.09941226244 
78319.0 -65182.99889111519 
17305.0 -18996.299676835537 
88178.0 -71968.79877567291 
72785.0 -61042.39896154404 
144592.0 -110784.8981153369 
68662.0 -58529.49900430441 
141643.0 -107699.79816782475 
159696.0 -120113.69795662165 
76694.0 -64458.19890344143 
131767.0 -100618.29828828573 
200654.0 -133095.79773569107 
33862.0 -31719.89946037531 
117635.0 -91227.29844802618 
5987.0 -7488.899872601032 
13158.0 -14063.299760758877 
124196.0 -95622.99837327003 
6484.0 -9416.899839818478 
64264.0 -56167.49904447794 
74291.0 -62082.89894384146 
143911.0 -109756.29813283682 
38182.0 -35500.3993960619 
50771.0 -45564.09922486544 
71180.0 -59560.19898676872 
135027.0 -102592.89825469255 
177410.0 -127949.7978233099 
74996.0 -62451.39893758297 
17305.0 -18996.299676835537 
138737.0 -105494.89820533991 
69650.0 -59338.698990523815 
6484.0 -9416.899839818478 
150527.0 -113981.29806095362 
64956.0 -56177.999044299126 
182646.0 -130526.0977794528 
152971.0 -115489.69803529978 
27700.0 -28280.59951889515 
67218.0 -57960.79901397228 
124171.0 -94622.39839029312 
79835.0 -65467.19888627529 
121342.0 -94382.99839437008 
153850.0 -115961.49802726507 
71936.0 -60641.69896835089 
88178.0 -71968.79877567291 
108591.0 -86261.3985325098 
39020.0 -35544.49939531088 
149502.0 -113512.29806894064 
139362.0 -106536.79818761349 
36225.0 -34548.09941226244 
162687.0 -122039.29792386293 
161898.0 -122028.09792405367 
177496.0 -128222.79781866074 
45706.0 -40399.79931271076 
181499.0 -129172.69780248404 
54473.0 -48298.49917834997 
27700.0 -28280.59951889515 
133960.0 -102378.69825834036 
181599.0 -129622.79779481888 
