202666.0 -133586.4977273345 
0.0 -0.0 
202666.0 -133586.4977273345 
0.0 -0.0 
104724.0 -83252.59858369827 
160822.0 -121147.89793902636 
101184.0 -81009.89862185717 
67222.0 -57465.59902238846 
70171.0 -59269.39899170399 
164020.0 -122721.09791225195 
31475.0 -31719.89946037531 
29814.0 -30680.099478065968 
25086.0 -26161.499554932117 
141653.0 -109255.49814134836 
149604.0 -114057.59805965424 
40963.0 -39061.09933549166 
169026.0 -126315.3978511095 
27696.0 -27676.89952915907 
43179.0 -40422.19931232929 
15975.0 -18398.49968701601 
151461.0 -115454.69803589582 
100046.0 -80154.8986364007 
6788.0 -7035.699880301952 
167089.0 -125313.39786815643 
28241.0 -28725.79951131344 
94869.0 -76053.7987061739 
49100.0 -44877.799236536026 
34561.0 -32715.59944343567 
95675.0 -77627.69867938757 
10156.0 -8665.899852573872 
127683.0 -97415.29834276438 
5645.0 -6002.899897873402 
135002.0 -102982.09824806452 
125275.0 -97055.49834889174 
117451.0 -90848.29845446348 
190524.0 -131721.69775909185 
118668.0 -92422.09842771292 
183949.0 -131020.9977710247 
21422.0 -22794.99961221218 
108443.0 -85601.6985437274 
123287.0 -96203.99836337566 
147950.0 -112941.49807864428 
22617.0 -23941.19959270954 
70808.0 -60678.098967731 
85944.0 -69759.39881324768 
9593.0 -7985.899864137173 
24354.0 -24844.499577343464 
10256.0 -11759.699799954891 
5322.0 -3837.899934709072 
63859.0 -55894.4990491271 
65962.0 -55909.19904887676 
137680.0 -105223.69820994139 
200239.0 -132890.6977391839 
4731.0 -2765.8999529480934 
128874.0 -98858.59831821918 
75081.0 -62981.698928534985 
158304.0 -120156.39795589447 
45635.0 -41471.09929448366 
92702.0 -75279.29871934652 
12098.0 -13764.399765849113 
90360.0 -73342.19875228405 
181996.0 -130451.89778071642 
89302.0 -72465.49876719713 
34815.0 -33736.499426066875 
123.0 -1010.3999828100204 
82998.0 -68780.49882990122 
54747.0 -48628.59917271137 
178106.0 -128030.39782190323 
140420.0 -108419.39815557003 
81322.0 -67421.89885300398 
91997.0 -74310.89873582125 
156369.0 -118409.29798561335 
119804.0 -93321.19841241837 
146559.0 -112077.39809334278 
79189.0 -65011.898894011974 
154779.0 -117994.89799267054 
73883.0 -60747.39896655083 
115304.0 -90541.29845970869 
123236.0 -94412.09839385748 
121217.0 -94200.39839744568 
97798.0 -78622.69866245985 
179547.0 -128896.89780718088 
62111.0 -52322.59910988808 
10931.0 -11996.299795925617 
18263.0 -19651.09966570139 
180013.0 -129994.79778850079 
20050.0 -20549.49965041876 
20540.0 -21315.299637377262 
144951.0 -110311.39812338352 
14543.0 -14783.199748516083 
39537.0 -38062.59935247898 
62164.0 -54621.59907078743 
109180.0 -86552.5985275507 
139476.0 -106495.1981883049 
36537.0 -35022.69940418005 
48486.0 -42396.099278748035 
74005.0 -61960.79894590378 
157635.0 -119586.29796558619 
172170.0 -126698.29784458876 
186983.0 -131167.29776853323 
166221.0 -123588.99789750576 
129046.0 -100206.39829528332 
192802.0 -132292.1977493763 
15256.0 -15888.099729716778 
59905.0 -52187.79911220074 
50356.0 -45700.599222540855 
84259.0 -69073.09882491827 
130622.0 -100716.2982866168 
175206.0 -127089.89783793688 
58364.0 -50749.09913665056 
187857.0 -131464.09776347876 
48797.0 -42424.79927825928 
87421.0 -70883.89879411459 
175728.0 -127828.3978253603 
113112.0 -88423.89849573374 
132447.0 -102273.39826011658 
76545.0 -63954.298911988735 
145283.0 -111283.99810683727 
87799.0 -71414.49878507853 
110990.0 -87760.29850703478 
77675.0 -64106.498909413815 
153022.0 -116429.09801930189 
114201.0 -89602.99847567081 
193953.0 -132456.69774657488 
81322.0 -67421.89885300398 
17724.0 -18891.299678623676 
53682.0 -47824.29918640852 
197558.0 -132771.69774121046 
154129.0 -116492.09801822901 
196376.0 -132711.49774223566 
106229.0 -84510.0985623002 
136656.0 -103629.1982370615 
56511.0 -49546.599157094955 
45521.0 -40693.09930771589 
39258.0 -37078.099369227886 
13573.0 -13886.89976376295 
140025.0 -106755.59818387032 
2461.0 -1971.799966454506 
59261.0 -51248.89912813902 
56627.0 -50076.399148106575 
110280.0 -87483.09851175547 
97395.0 -78605.89866274595 
172676.0 -126931.39784061909 
37303.0 -35164.09940177202 
2461.0 -1971.799966454506 
62128.0 -53942.29908233881 
166185.0 -122894.2979093194 
131700.0 -101370.09827548265 
79189.0 -65011.898894011974 
202326.0 -133384.19773077965 
