203262.0 -133578.79772746563 
4501.0 -4723.999919652939 
203262.0 -133578.79772746563 
4501.0 -4723.999919652939 
76814.0 -64164.19890844822 
72349.0 -61164.898959457874 
86969.0 -71330.09878653288 
66047.0 -57545.39902102947 
57735.0 -49902.799151062965 
25789.0 -26959.79954135418 
155774.0 -118263.29798811674 
104195.0 -83351.29858201742 
158529.0 -120122.0979564786 
102853.0 -82130.89860278368 
121921.0 -94580.39839100838 
83765.0 -68851.49882870913 
16083.0 -18710.699681699276 
64127.0 -55383.19905781746 
90466.0 -72183.99877202511 
150003.0 -114353.69805461168 
30182.0 -30387.499483048916 
118324.0 -92739.89842230082 
162794.0 -121896.4979262948 
44625.0 -39724.29932421446 
53831.0 -47627.29918974638 
120382.0 -93578.69840806723 
106553.0 -84631.89856022596 
27650.0 -27956.899524390697 
28263.0 -29486.29949837923 
113746.0 -89694.9984741211 
33306.0 -32381.699449121952 
15922.0 -16269.899723231792 
31571.0 -31645.699461638927 
70356.0 -59568.99898660183 
108431.0 -86800.99852335453 
40269.0 -37879.199355602264 
39427.0 -36539.099378407 
165975.0 -123735.69789499044 
17509.0 -19709.199664711952 
48489.0 -44381.199244976044 
116061.0 -90705.39845693111 
124045.0 -95768.29837077856 
74549.0 -62163.39894247055 
175464.0 -127415.39783239365 
164192.0 -122928.59790873528 
179794.0 -129999.69778841734 
59383.0 -51795.499118864536 
34237.0 -33957.69942229986 
142726.0 -109698.19813382626 
98708.0 -79194.89865273237 
193103.0 -132068.89775317907 
128059.0 -99300.598310709 
44828.0 -41234.09929853678 
94780.0 -77325.99868452549 
178016.0 -129140.4978030324 
138255.0 -106602.59818649292 
22150.0 -23694.79959690571 
19737.0 -21811.899628937244 
15017.0 -15367.299738585949 
100920.0 -80682.99862742424 
151615.0 -115590.49803358316 
6482.0 -8420.199856758118 
201752.0 -133194.49773401022 
81843.0 -67466.29885226488 
146418.0 -112374.89808827639 
51783.0 -46829.99920332432 
19092.0 -20741.299647152424 
144092.0 -110929.09811288118 
61475.0 -53095.69909673929 
141688.0 -108683.59815108776 
6627.0 -10346.499823987484 
116690.0 -91719.69843965769 
111293.0 -87914.29850441217 
75687.0 -62923.89892953634 
21460.0 -22864.29961103201 
8291.0 -12480.699787676334 
48029.0 -43252.49926418066 
94181.0 -75607.59871375561 
172895.0 -126259.09785205126 
5057.0 -6857.49988335371 
177287.0 -127915.89782387018 
160690.0 -120953.29794234037 
135368.0 -103632.99823701382 
152289.0 -116502.19801807404 
186483.0 -131067.897770226 
90916.0 -73156.59875547886 
37767.0 -35510.199395895004 
92262.0 -74340.99873530865 
24660.0 -24907.49957627058 
7693.0 -11141.99981045723 
126948.0 -98379.7983263731 
182524.0 -130114.89778643847 
140378.0 -107713.09816759825 
50804.0 -45391.599227786064 
136904.0 -104944.39821469784 
126004.0 -97431.69834250212 
189163.0 -131731.49775892496 
79408.0 -66238.89887315035 
12687.0 -14715.299749672413 
198326.0 -133187.49773412943 
62894.0 -53960.499082028866 
145576.0 -111384.3981051445 
125525.0 -96174.89836388826 
197615.0 -132833.9977401495 
100462.0 -80039.79863834381 
133842.0 -102214.19826114178 
189760.0 -132057.6977533698 
131701.0 -101421.49827462435 
112752.0 -88788.19848954678 
24212.0 -24740.199579119682 
172984.0 -126801.89784282446 
80947.0 -67121.1988581419 
168164.0 -124337.99788475037 
97188.0 -78397.29866629839 
153811.0 -117514.6980008483 
169675.0 -125542.29786425829 
54489.0 -49268.299161851406 
55002.0 -49625.99915575981 
85875.0 -69925.59881043434 
60167.0 -52207.79911184311 
97072.0 -77455.09868234396 
37767.0 -35510.199395895004 
183321.0 -130909.69777292013 
9878.0 -13169.799775958061 
79408.0 -66238.89887315035 
92628.0 -75312.19871878624 
9878.0 -13169.799775958061 
139559.0 -106900.7981814146 
5630.0 -7384.599874377251 
12687.0 -14715.299749672413 
68423.0 -57660.19901907444 
85304.0 -69733.79881370068 
42210.0 -38731.399341106415 
134197.0 -102716.79825258255 
129991.0 -100159.79829609394 
69599.0 -58938.29899734259 
107145.0 -85609.99854362011 
136496.0 -104590.19822072983 
148434.0 -113270.49807304144 
194827.0 -132532.9977452755 
42210.0 -38731.399341106415 
46311.0 -42364.59927928448 
160255.0 -120168.9979556799 
63108.0 -54997.49906438589 
185129.0 -131018.19777107239 
148179.0 -113248.79807341099 
168551.0 -124869.99787569046 
34237.0 -33957.69942229986 
131033.0 -101158.29827910662 
50968.0 -45933.699218571186 
