546.0 -1454.4999752640724 
546.0 -1454.4999752640724 
203341.0 -133615.89772683382 
107973.0 -84398.09856420755 
109552.0 -87035.49851936102 
40819.0 -37792.79935705662 
123809.0 -96173.19836390018 
8334.0 -12285.399791002274 
48420.0 -43335.79926276207 
193052.0 -132481.89774614573 
42359.0 -39569.29932683706 
18322.0 -20444.499652206898 
73859.0 -61791.698948800564 
121534.0 -94185.99839770794 
34093.0 -33188.79943537712 
111792.0 -88419.2984958291 
36771.0 -34485.09941333532 
24727.0 -23863.499594032764 
27934.0 -28455.599515914917 
45077.0 -40678.69930797815 
46128.0 -41972.5992859602 
13393.0 -14510.899753153324 
17569.0 -17502.19970226288 
7002.0 -10158.199827194214 
176375.0 -127739.19782686234 
49784.0 -45413.999227404594 
97971.0 -79606.49864572287 
131091.0 -100714.19828665257 
88415.0 -71929.59877634048 
69398.0 -58071.799012064934 
32665.0 -32020.19945526123 
140173.0 -107270.39817512035 
126863.0 -97939.89833384752 
85220.0 -68861.69882851839 
61975.0 -53814.5990844965 
26073.0 -26764.49954468012 
104587.0 -83685.89857631922 
197325.0 -132514.79774558544 
82314.0 -67106.49885839224 
179449.0 -129302.19780027866 
153204.0 -115798.7980300188 
150428.0 -115112.79804170132 
55372.0 -48592.49917334318 
5645.0 -7160.599878191948 
155381.0 -117999.09799259901 
102383.0 -81389.9986153841 
78720.0 -64423.598904013634 
37611.0 -36316.199382185936 
96136.0 -77378.49868363142 
2789.0 -3715.3999367952347 
6070.0 -9132.399844646454 
93108.0 -75079.39872276783 
94088.0 -76291.0987021327 
116833.0 -90418.49846178293 
147192.0 -112735.69808214903 
166246.0 -123583.39789760113 
67118.0 -56484.59903907776 
104267.0 -82722.3985927105 
135390.0 -104616.79822027683 
760.0 -2491.4999576210976 
186419.0 -131356.99776530266 
144594.0 -110753.39811587334 
136775.0 -105751.09820097685 
83531.0 -68418.29883605242 
157009.0 -118742.09797996283 
16422.0 -16964.99971139431 
153769.0 -116915.19801104069 
181111.0 -130346.89778250456 
60804.0 -52377.89910894632 
77076.0 -63117.798926234245 
177974.0 -128411.49781543016 
114610.0 -88857.4984883666 
69694.0 -59222.09899252653 
80692.0 -66285.79887235165 
201762.0 -133029.99773681164 
53810.0 -46668.99920606613 
189902.0 -131607.59776103497 
76036.0 -62592.79893517494 
170967.0 -126330.79785084724 
198480.0 -132998.49773734808 
63951.0 -55828.39905023575 
50932.0 -46283.69921261072 
29656.0 -29404.39949977398 
30744.0 -30992.299472749233 
63081.0 -55062.299063265324 
117888.0 -91791.39843845367 
168418.0 -124303.69788533449 
142076.0 -108815.8981488347 
142684.0 -109012.59814548492 
79484.0 -65464.398886322975 
22999.0 -23752.89959591627 
91468.0 -74119.09873908758 
160816.0 -121084.19794011116 
90337.0 -72622.59876453876 
148857.0 -113610.99806725979 
115187.0 -89770.59847283363 
159422.0 -120122.0979564786 
184607.0 -130822.89777439833 
145823.0 -111816.29809778929 
126273.0 -97052.69834893942 
158073.0 -119885.49796050787 
129527.0 -99632.79830503464 
14352.0 -15978.399728178978 
10877.0 -13457.49977105856 
182856.0 -130697.59777653217 
66080.0 -56483.1990391016 
3382.0 -4676.099920451641 
129527.0 -99632.79830503464 
10877.0 -13457.49977105856 
120293.0 -93303.69841271639 
86966.0 -70395.59880244732 
71464.0 -60277.99897456169 
55545.0 -49492.29915803671 
57911.0 -49576.2991566062 
132556.0 -102141.09826236963 
164957.0 -122791.79791104794 
170450.0 -125296.59786844254 
71464.0 -60277.99897456169 
4577.0 -6157.199895262718 
26073.0 -26764.49954468012 
101230.0 -80763.89862602949 
149690.0 -114131.79805839062 
189113.0 -131594.99776124954 
173329.0 -126837.59784221649 
86966.0 -70395.59880244732 
58115.0 -50454.79914164543 
173329.0 -126837.59784221649 
95580.0 -77267.19868552685 
134384.0 -103122.09824568033 
37453.0 -36082.399386167526 
168652.0 -125209.79786992073 
30586.0 -30059.59948861599 
59023.0 -51294.69912737608 
53306.0 -46472.69920939207 
3932.0 -5682.999903321266 
21642.0 -22732.699613273144 
60223.0 -51344.39912652969 
163953.0 -122443.19791698456 
91086.0 -73264.7987536192 
19748.0 -21442.999635219574 
19748.0 -21442.999635219574 
21642.0 -22732.699613273144 
132856.0 -102199.1982613802 
99710.0 -80574.89862924814 
138322.0 -106365.29819053411 
135013.0 -103175.99824476242 
138897.0 -106524.89818781614 
99516.0 -79718.49864381552 
119243.0 -92097.99843323231 
162825.0 -121939.19792556763 
