202836.0 -133578.79772746563 
8637.0 -5543.999905705452 
202836.0 -133578.79772746563 
8637.0 -5543.999905705452 
14387.0 -12473.299787819386 
19753.0 -20061.299658715725 
130002.0 -99711.49830371141 
20156.0 -22276.99962103367 
57520.0 -48971.19916689396 
11677.0 -11440.499805390835 
47878.0 -42423.69927829504 
45911.0 -40471.49931150675 
14979.0 -15804.799731135368 
51942.0 -47038.59919977188 
132760.0 -101495.69827336073 
31159.0 -30985.599472880363 
193483.0 -132431.49774700403 
88254.0 -72246.6987709403 
65926.0 -57227.599026441574 
86582.0 -70598.29879897833 
58506.0 -51195.29912906885 
150634.0 -115062.39804255962 
38564.0 -36692.39937579632 
136128.0 -104233.59822678566 
106000.0 -83791.89857453108 
36730.0 -34808.799407839775 
25471.0 -24563.799582123756 
41545.0 -38850.799339056015 
68658.0 -58387.799006700516 
128147.0 -98577.89832299948 
93227.0 -76158.79870438576 
148621.0 -114098.8980589509 
16559.0 -18588.19968378544 
34873.0 -32955.69943934679 
10011.0 -6554.399888515472 
197366.0 -132800.3977407217 
76874.0 -62846.198930859566 
10558.0 -9602.399836659431 
50551.0 -45991.09921759367 
180257.0 -129594.09779530764 
63472.0 -55402.099057495594 
135204.0 -103276.09824305773 
172676.0 -126899.19784116745 
72091.0 -60914.29896372557 
89525.0 -73244.4987539649 
101547.0 -82103.5986032486 
79471.0 -65783.59888088703 
140041.0 -107044.9981789589 
30138.0 -29197.899503290653 
139124.0 -104907.99821531773 
191499.0 -132019.89775401354 
71697.0 -59340.398990511894 
163439.0 -122164.59792172909 
109571.0 -86880.49852198362 
73821.0 -61623.69895166159 
97454.0 -79129.79865384102 
92067.0 -74967.09872466326 
155021.0 -117682.69799798727 
166586.0 -123894.19789230824 
183482.0 -130388.8977817893 
61965.0 -54464.79907345772 
65393.0 -56061.799046278 
59310.0 -52227.39911150932 
33168.0 -31955.799456357956 
10344.0 -8415.599856853485 
49125.0 -44992.599234580994 
108039.0 -84604.8985607028 
91028.0 -74095.99873948097 
133244.0 -102366.79825854301 
48438.0 -43977.9992518425 
201286.0 -133116.79773533344 
115157.0 -90997.29845196009 
168239.0 -124901.79787516594 
158792.0 -119916.99795997143 
22801.0 -23852.99959421158 
169772.0 -125159.7978707552 
76025.0 -61847.69894784689 
185867.0 -130799.79777479172 
120878.0 -93544.49840861559 
144908.0 -110237.49812465906 
111748.0 -87681.598508358 
37718.0 -35236.49940055609 
152186.0 -116092.39802503586 
122635.0 -94154.49839824438 
141723.0 -107806.89816600084 
118946.0 -93382.09841138124 
81173.0 -66609.19886684418 
28549.0 -29083.099505245686 
84159.0 -68377.99883675575 
69066.0 -59302.2989911437 
77565.0 -64752.89889842272 
181892.0 -129962.29778903723 
198558.0 -133008.99773716927 
142841.0 -109798.29813212156 
98852.0 -79851.09864157438 
187074.0 -131240.79776728153 
126659.0 -97801.29833620787 
27598.0 -27898.399525403976 
54769.0 -48020.99918305874 
54769.0 -48020.99918305874 
161568.0 -121711.69792944193 
100488.0 -81205.19861853123 
157025.0 -119129.19797337055 
155903.0 -119047.2979747653 
139149.0 -105864.49819904566 
82829.0 -67916.39884459972 
177157.0 -127879.49782449007 
124344.0 -96790.89835339785 
39738.0 -38132.59935128689 
103571.0 -82827.69859093428 
177906.0 -128703.69781047106 
113495.0 -88954.09848672152 
43722.0 -39651.89932543039 
103824.0 -83216.89858430624 
118249.0 -92267.39843034744 
126231.0 -97010.9983496666 
123020.0 -95189.69838064909 
25791.0 -26034.799557089806 
60427.0 -53368.69909209013 
124224.0 -95640.49837297201 
22801.0 -23852.99959421158 
100266.0 -80173.39863610268 
154088.0 -116748.59801387787 
112024.0 -88428.09849566221 
165196.0 -122916.69790893793 
82140.0 -67011.69885998964 
174387.0 -127784.29782611132 
95881.0 -76534.29869800806 
117081.0 -91745.19843924046 
78155.0 -64954.49889498949 
15477.0 -16633.89971703291 
43834.0 -39929.399320721626 
146193.0 -112163.4980918765 
27328.0 -27073.899539411068 
97066.0 -77511.09868139029 
85632.0 -69525.59881722927 
16559.0 -18588.19968378544 
159675.0 -120735.59794604778 
33875.0 -32632.29944485426 
85050.0 -69419.19881904125 
61265.0 -53412.79909133911 
189665.0 -131335.9977656603 
26898.0 -26139.399555325508 
114542.0 -90042.19846820831 
109032.0 -85906.49853855371 
147490.0 -113073.79807639122 
145170.0 -111438.29810422659 
109021.0 -85200.59855055809 
174940.0 -127801.7978258133 
153300.0 -116388.09802001715 
