201772.0 -132656.1977431774 
82420.0 -52006.39911532402 
195330.0 -132564.49774473906 
96306.0 -73835.1987439394 
94486.0 -70908.9987937212 
105271.0 -81124.99861991405 
115200.0 -89140.29848355055 
117092.0 -89523.49847704172 
93759.0 -69782.79881286621 
96221.0 -71701.69878023863 
183334.0 -130677.29777687788 
88526.0 -63091.49892669916 
141387.0 -107483.49817150831 
103838.0 -80370.0986327529 
128160.0 -98771.39831972122 
180842.0 -130465.19778048992 
118290.0 -91267.09844738245 
89005.0 -64208.2989076972 
173236.0 -127102.4978377223 
149534.0 -114474.3980525732 
107530.0 -82099.69860333204 
129480.0 -99418.89830869436 
142209.0 -108550.59815335274 
117348.0 -90549.29845958948 
122358.0 -95205.79838037491 
102411.0 -78471.79866504669 
136791.0 -104996.19821381569 
149067.0 -113555.69806820154 
106389.0 -81554.09861260653 
127239.0 -98241.89832872152 
131642.0 -101056.398280859 
98536.0 -75214.49872046709 
189433.0 -131927.4977555871 
150939.0 -114882.89804559946 
119278.0 -91889.39843678474 
167678.0 -124445.79788291454 
170262.0 -125918.19785785675 
108947.0 -84291.29856604338 
184980.0 -131514.49776262045 
100655.0 -77398.69868332148 
90436.0 -66491.19886887074 
146355.0 -112097.29809302092 
135369.0 -103047.49824696779 
121947.0 -94244.39839673042 
140192.0 -107196.19817638397 
139383.0 -106542.39818751812 
124377.0 -96044.69836610556 
100338.0 -76227.29870325327 
159024.0 -119814.79796171188 
164813.0 -123293.99790251255 
155947.0 -117814.6979957223 
159821.0 -120413.29795151949 
101464.0 -77862.49867540598 
92103.0 -67539.39885103703 
173944.0 -127771.6978263259 
164414.0 -122361.99791836739 
99238.0 -76076.49870580435 
157057.0 -118045.69799178839 
120030.0 -92516.49842613935 
192977.0 -132371.29774802923 
151812.0 -115382.29803711176 
137685.0 -105874.29819887877 
123767.0 -95554.6983744502 
111526.0 -85605.79854369164 
93387.0 -68848.69882875681 
93255.0 -67934.19884431362 
91422.0 -66920.59886157513 
83618.0 -56253.19904303551 
153392.0 -116417.19801950455 
114601.0 -88310.49849766493 
110338.0 -84611.49856060743 
187223.0 -131753.1977585554 
112054.0 -86511.1985282898 
143777.0 -110277.39812397957 
148034.0 -112977.49807804823 
152740.0 -115874.69802874327 
125988.0 -97746.99833714962 
169751.0 -125030.29787296057 
85576.0 -58773.799000144005 
83212.0 -54722.29906910658 
160763.0 -120909.89794307947 
89663.0 -65725.79888188839 
144689.0 -110603.59811842442 
191392.0 -132313.19774901867 
130841.0 -100437.29829138517 
113003.0 -86724.29852467775 
125188.0 -96883.5983518362 
175658.0 -128635.09781163931 
175415.0 -127868.2978246808 
98351.0 -74221.59873735905 
147394.0 -112576.39808487892 
166542.0 -123918.697891891 
171840.0 -126589.7978464365 
107927.0 -83103.79858624935 
85873.0 -59486.69898802042 
168783.0 -124827.29787641764 
84701.0 -56749.79903459549 
161445.0 -121394.29793483019 
95672.0 -71516.19878339767 
120552.0 -93254.99841356277 
89075.0 -65339.39888846874 
157970.0 -118674.59798109531 
184056.0 -131037.7977707386 
155031.0 -117139.19800722599 
162531.0 -121696.29792970419 
163176.0 -122168.79792165756 
130336.0 -99889.2983006835 
121214.0 -93680.59840631485 
132621.0 -101717.99826955795 
102914.0 -79413.59864902496 
108563.0 -83397.79858124256 
88131.0 -62065.6989441514 
135673.0 -103979.49823111296 
85353.0 -57750.79901754856 
158779.0 -118839.39797830582 
87027.0 -59783.498982965946 
154521.0 -116833.29801243544 
143304.0 -109425.19813847542 
138551.0 -106012.89819651842 
83350.0 -55500.399055838585 
110548.0 -85334.19854831696 
166147.0 -123468.29789954424 
82478.0 -52422.19910824299 
180115.0 -130201.29778498411 
178810.0 -130050.79778754711 
194358.0 -132533.69774526358 
136482.0 -104160.79822802544 
97366.0 -73988.49874132872 
113122.0 -87828.19850587845 
186600.0 -131721.69775909185 
171157.0 -126498.79784798622 
190572.0 -131938.69775539637 
87174.0 -61242.19895815849 
142775.0 -109133.29814344645 
134414.0 -102504.29825621843 
132924.0 -102096.19826316833 
83035.0 -53382.899091899395 
103568.0 -79577.39864623547 
87170.0 -60441.798971772194 
176963.0 -128845.79780805111 
145533.0 -111470.49810367823 
113855.0 -87916.39850437641 
87958.0 -61608.29895192385 
83113.0 -53577.7990885973 
178243.0 -129682.59779381752 
85035.0 -57277.59902560711 
145301.0 -111307.3981064558 
134294.0 -102177.09826177359 
125679.0 -97197.19834649563 
177451.0 -129512.89779669046 
