66576.0 -46408.89921051264 
197899.0 -132586.1977443695 
66773.0 -47358.39919435978 
68634.0 -50121.0991473794 
190132.0 -131961.79775500298 
194247.0 -131994.6977544427 
100931.0 -79935.09864014387 
102176.0 -81761.99860906601 
80731.0 -61801.09894865751 
81164.0 -63242.39892411232 
126578.0 -97315.49834448099 
108408.0 -85678.29854243994 
166408.0 -123684.59789586067 
73336.0 -55905.99904894829 
167876.0 -124412.89788347483 
163925.0 -122575.79791474342 
109959.0 -86676.79852545261 
91848.0 -73416.99875104427 
84591.0 -65994.59887731075 
114671.0 -89501.49847739935 
165436.0 -122946.09790843725 
170150.0 -125403.69786661863 
147037.0 -111613.29810124636 
93133.0 -74000.09874111414 
136172.0 -103985.49823099375 
69404.0 -52125.4991132617 
150155.0 -113873.49806278944 
87665.0 -67724.89884787798 
134869.0 -103403.09824091196 
173698.0 -127208.89783591032 
76024.0 -58445.79900574684 
89900.0 -70988.89879232645 
160287.0 -120307.19795334339 
111456.0 -87999.3985029459 
88149.0 -69789.39881277084 
113867.0 -88616.6984924674 
175199.0 -127748.8978267312 
77117.0 -59289.9989913702 
162855.0 -121768.39792847633 
145899.0 -110854.8981141448 
95223.0 -76378.8987006545 
68779.0 -51010.49913221598 
94412.0 -75543.49871486425 
169002.0 -124855.99787592888 
129243.0 -99074.89831453562 
143076.0 -109281.69814091921 
103693.0 -81873.29860717058 
127821.0 -98106.79833102226 
144065.0 -109917.298130095 
138913.0 -105761.19820082188 
130171.0 -99824.19830179214 
188697.0 -131602.6977611184 
181963.0 -130451.19778072834 
121738.0 -94316.19839549065 
133314.0 -102215.59826111794 
93819.0 -74802.19872748852 
87924.0 -68595.99883306026 
115916.0 -90022.69846850634 
99560.0 -79624.99864542484 
90721.0 -71864.89877742529 
71258.0 -54039.19908070564 
138317.0 -104892.59821557999 
173054.0 -126571.59784674644 
116773.0 -90503.49846035242 
89220.0 -70290.59880423546 
107037.0 -84274.19856631756 
74359.0 -56738.599034786224 
137395.0 -104394.59822404385 
132453.0 -101437.59827435017 
104299.0 -82804.59859132767 
110759.0 -86981.29852026701 
107770.0 -85011.59855377674 
91736.0 -72152.49877256155 
149341.0 -113229.89807373285 
106176.0 -83738.69857543707 
142355.0 -108593.29815262556 
120942.0 -93703.2984059453 
157478.0 -118846.39797818661 
86219.0 -67110.69885832071 
151544.0 -114391.49805396795 
117799.0 -91142.89844948053 
156645.0 -118396.99798583984 
195857.0 -132179.49775129557 
96378.0 -76768.09869402647 
134429.0 -102532.69825571775 
180623.0 -130071.79778718948 
185022.0 -131173.59776842594 
112774.0 -88204.49849945307 
85904.0 -66651.49886614084 
96879.0 -77500.5986815691 
105192.0 -83195.19858467579 
72578.0 -55020.19906401634 
156121.0 -117519.59800076485 
144851.0 -110525.89811974764 
131031.0 -100306.49829357862 
161557.0 -120626.09794789553 
98126.0 -77798.0986765027 
141513.0 -108038.89816206694 
153233.0 -116158.89802390337 
153172.0 -115137.29804128408 
79211.0 -61301.298957169056 
177166.0 -128490.19781410694 
131713.0 -100952.19828259945 
159390.0 -119496.2979671359 
71117.0 -52849.29910093546 
141160.0 -107280.49817496538 
176307.0 -128037.99782180786 
84194.0 -65015.29889398813 
147663.0 -112384.99808812141 
120100.0 -93134.29841560125 
162316.0 -121109.69793969393 
75551.0 -57748.999017596245 
180132.0 -129447.39779782295 
148613.0 -112594.99808454514 
139784.0 -106337.29819101095 
122858.0 -94839.69838660955 
158666.0 -119310.09797030687 
128742.0 -98306.2983276248 
178245.0 -128837.39780819416 
82981.0 -63493.19891989231 
83474.0 -64710.498899161816 
124519.0 -96069.8983656764 
179220.0 -129040.39780473709 
70186.0 -52697.3991035223 
72256.0 -54469.99907338619 
139974.0 -107008.19817960262 
78867.0 -59923.79898059368 
152088.0 -114825.7980465889 
75420.0 -56855.49903279543 
77983.0 -59691.39898455143 
99007.0 -78828.79865896702 
170961.0 -126270.9978518486 
119987.0 -92322.69842940569 
183593.0 -130519.09777957201 
196972.0 -132416.79774725437 
186641.0 -131331.09776574373 
118666.0 -91481.6984437108 
119480.0 -91778.89843863249 
154478.0 -116375.49802023172 
171424.0 -126338.89785069227 
123691.0 -95819.2983699441 
187258.0 -131447.99776375294 
99003.0 -78214.89866942167 
78986.0 -60873.29896444082 
183825.0 -130976.89777177572 
155397.0 -117074.09800833464 
83216.0 -63791.79891479015 
123586.0 -95023.09838348627 
125372.0 -96571.09835714102 
154966.0 -116696.09801477194 
