195331.0 -132444.09774678946 
70837.0 -43555.39925909042 
72805.0 -44530.79924249649 
78106.0 -56737.199034810066 
73803.0 -47529.099191486835 
77512.0 -53251.29909414053 
82697.0 -62484.998937010765 
84308.0 -64468.29890328646 
89637.0 -69283.69882136583 
81333.0 -58661.399002075195 
93455.0 -72880.39876019955 
190941.0 -131923.29775565863 
74008.0 -48945.49916738272 
81927.0 -61143.498959839344 
94447.0 -74273.3987364769 
113598.0 -88477.39849483967 
171453.0 -126740.99784386158 
75394.0 -49749.39915370941 
170328.0 -125555.59786403179 
159792.0 -120543.09794932604 
104179.0 -82574.8985952735 
112027.0 -87631.49850922823 
100136.0 -78172.19867014885 
143344.0 -108972.29814618826 
100841.0 -79140.59865367413 
185778.0 -131737.0977588296 
103370.0 -81805.69860833883 
105615.0 -83080.29858666658 
160997.0 -121364.49793535471 
95336.0 -74821.79872715473 
96899.0 -75184.39872097969 
76943.0 -52428.4991081357 
103055.0 -80665.79862773418 
99709.0 -77120.49868804216 
157516.0 -118834.49797838926 
149298.0 -113561.5980681181 
76108.0 -51635.79912161827 
143942.0 -110015.598128438 
193642.0 -132380.39774787426 
184831.0 -131078.3977700472 
91058.0 -70578.99879932404 
148452.0 -112902.99807929993 
187947.0 -131815.49775749445 
123726.0 -95285.59837901592 
124511.0 -95978.89836722612 
156130.0 -118392.09798592329 
175829.0 -128885.69780737162 
87535.0 -67397.99885344505 
84606.0 -65393.29888755083 
92744.0 -72000.19877517223 
133766.0 -103062.49824672937 
92275.0 -71292.59878718853 
137882.0 -106030.69819623232 
125626.0 -96413.19835984707 
76011.0 -50542.79914021492 
192302.0 -132069.59775316715 
147617.0 -112247.09809046984 
168586.0 -124687.29787880182 
132955.0 -102335.59825909138 
138688.0 -106716.29818457365 
139577.0 -107157.29817706347 
178357.0 -129406.49779850245 
177441.0 -128992.79780554771 
167630.0 -124110.49788862467 
105848.0 -84087.19856953621 
140383.0 -107842.19816541672 
129402.0 -99020.49831551313 
150344.0 -114111.09805876017 
162215.0 -121498.59793305397 
79575.0 -57085.099028885365 
125973.0 -97333.29834419489 
137129.0 -105416.49820667505 
131698.0 -101024.89828139544 
132579.0 -101572.99827206135 
114680.0 -88859.59848833084 
158715.0 -120051.39795768261 
163642.0 -121754.09792870283 
142119.0 -108516.59815394878 
163696.0 -122637.39791369438 
166443.0 -123892.79789233208 
97179.0 -76164.69870430231 
183798.0 -130620.59777784348 
152507.0 -115346.89803773165 
134875.0 -103384.49824124575 
131170.0 -100363.79829263687 
173315.0 -127391.59783279896 
110760.0 -86442.59852945805 
169393.0 -125205.59786999226 
164896.0 -123048.99790668488 
108133.0 -85422.39854681492 
175419.0 -127974.69782286882 
122700.0 -94786.49838751554 
181560.0 -130193.59778511524 
111472.0 -87126.09851783514 
145657.0 -110835.99811446667 
87234.0 -66466.69886928797 
174227.0 -127929.19782364368 
127004.0 -97660.49833863974 
88536.0 -68389.49883657694 
158436.0 -119312.19797027111 
128478.0 -98558.19832336903 
115204.0 -89537.4984768033 
117206.0 -90713.09845679998 
145178.0 -110213.69812506437 
109649.0 -86311.69853168726 
182487.0 -130577.89777857065 
179182.0 -130078.0977870822 
86128.0 -65625.69888359308 
121374.0 -93196.49841457605 
119987.0 -93065.6984167695 
172723.0 -126880.29784148932 
81067.0 -57939.39901435375 
108947.0 -85694.29854220152 
127436.0 -98367.4983265996 
165786.0 -123249.89790326357 
155454.0 -117829.9979954958 
79724.0 -57834.39901614189 
141492.0 -108099.09816104174 
81985.0 -61534.798953175545 
152832.0 -116192.098023355 
101744.0 -79750.89864331484 
101886.0 -80268.19863450527 
154965.0 -117296.29800456762 
136238.0 -104986.6982139945 
107870.0 -84360.89856487513 
154264.0 -116836.39801239967 
180211.0 -130105.39778661728 
134944.0 -104353.5982247591 
151467.0 -115012.99804341793 
118050.0 -91268.09844738245 
98716.0 -76596.89869695902 
107247.0 -84227.19856715202 
116443.0 -89650.89847487211 
88007.0 -68374.0988368392 
151027.0 -114627.29804998636 
146498.0 -111362.69810551405 
119129.0 -92179.79843187332 
146860.0 -111670.29810029268 
118374.0 -91650.29844087362 
121485.0 -93998.99840092659 
153420.0 -116576.69801682234 
121955.0 -94449.79839324951 
86287.0 -66202.79887378216 
187616.0 -131811.29775756598 
116938.0 -90012.79846870899 
91306.0 -70609.09879881144 
135801.0 -104532.09822171926 
98434.0 -76264.09870260954 
129842.0 -99888.49830073118 
119914.0 -92239.39843082428 
