205315.0 -132693.2977425456 
66929.0 -36369.59938132763 
70623.0 -46381.599210977554 
70371.0 -43015.09926825762 
67544.0 -38571.29934388399 
202717.0 -132511.99774563313 
183625.0 -130873.29777354002 
180136.0 -130574.39777863026 
87089.0 -66772.2988640666 
76701.0 -55898.29904907942 
71719.0 -47265.599195957184 
106738.0 -83764.598574996 
93447.0 -71747.59877943993 
80517.0 -60342.398973464966 
91951.0 -71270.59878754616 
148378.0 -112772.79808151722 
73673.0 -51184.69912928343 
145254.0 -110377.89812225103 
147068.0 -112164.19809186459 
82750.0 -63375.698921859264 
146082.0 -111285.39810681343 
124078.0 -95781.1983705759 
100993.0 -79573.19864630699 
69615.0 -42039.69928485155 
81229.0 -61594.298952162266 
104468.0 -81572.99861228466 
150230.0 -113090.59807610512 
78836.0 -57661.89901906252 
74517.0 -52480.69910722971 
196869.0 -132213.09775072336 
159655.0 -120292.89795356989 
102641.0 -81164.59861922264 
99005.0 -77478.19868195057 
83813.0 -64120.498909175396 
81546.0 -62617.99893474579 
68086.0 -40279.999314785004 
152350.0 -115187.69804042578 
178220.0 -129731.59779298306 
88293.0 -67959.09884387255 
72854.0 -50520.79914057255 
101893.0 -80475.09863096476 
137036.0 -104059.99822974205 
188782.0 -131739.8977587819 
120637.0 -93081.79841649532 
171736.0 -126512.49784773588 
200131.0 -132429.3977470398 
125051.0 -96834.99835264683 
112573.0 -87996.8985030055 
90066.0 -69169.59882330894 
187050.0 -131457.79776358604 
190399.0 -131853.9977568388 
94603.0 -72641.79876422882 
176001.0 -128676.39781093597 
162334.0 -122234.597920537 
121910.0 -93614.09840744734 
129068.0 -98771.0983197093 
176955.0 -129246.19780123234 
97847.0 -77050.19868922234 
128220.0 -97878.69833487272 
135550.0 -103540.99823856354 
75500.0 -54860.599066734314 
195054.0 -132180.19775128365 
109464.0 -85593.59854388237 
134212.0 -102102.59826302528 
172988.0 -127021.69783908129 
175369.0 -127712.89782732725 
170118.0 -126294.79785144329 
131642.0 -100328.19829320908 
72233.0 -48563.6991738677 
96900.0 -75249.49871987104 
144184.0 -109513.79813694954 
84966.0 -64697.59889936447 
163909.0 -122435.09791713953 
119022.0 -91761.29843896627 
155563.0 -117230.89800566435 
199058.0 -132337.69774860144 
161293.0 -120534.39794945717 
123700.0 -94729.49838846922 
165192.0 -122754.29791170359 
153441.0 -115915.99802803993 
169490.0 -125519.19786465168 
117992.0 -91114.19844996929 
105867.0 -82800.3985913992 
97445.0 -75968.39870762825 
91276.0 -70128.8988069892 
156460.0 -118052.9979916811 
119479.0 -92579.19842505455 
88659.0 -68431.19883584976 
79505.0 -58657.59900212288 
161585.0 -121432.79793417454 
110134.0 -86384.89853042364 
86858.0 -65473.498886168 
114738.0 -88886.19848787785 
108030.0 -84538.39856183529 
114376.0 -88158.59850025177 
72655.0 -49151.69916385412 
79560.0 -59601.49898606539 
135112.0 -102811.9982509613 
169176.0 -124483.29788225889 
116889.0 -90784.49845558405 
122462.0 -94428.49839359522 
74732.0 -53413.39909136295 
137524.0 -104898.59821546078 
174145.0 -127404.19783258438 
165582.0 -123747.19789481163 
142383.0 -108210.79815912247 
132278.0 -101278.3982770443 
140655.0 -107125.49817758799 
138249.0 -105568.79820406437 
141429.0 -107577.29816991091 
157750.0 -118166.39798974991 
192227.0 -131987.6977545619 
96106.0 -74369.99873483181 
126672.0 -97846.09833544493 
150711.0 -114139.49805825949 
130430.0 -100013.1982985735 
104813.0 -82644.29859405756 
129650.0 -99489.59830749035 
151224.0 -114663.39804935455 
158496.0 -119557.59796607494 
180083.0 -129829.99779129028 
133129.0 -101617.09827131033 
193381.0 -132057.6977533698 
111905.0 -87176.19851696491 
167709.0 -124393.29788380861 
126383.0 -96879.49835187197 
115352.0 -89885.3984708786 
166698.0 -124051.69788962603 
139968.0 -106280.9981919527 
85658.0 -65360.09888809919 
69304.0 -40755.599306702614 
108452.0 -84975.89855438471 
111205.0 -86792.59852349758 
75436.0 -54194.19907808304 
99442.0 -78814.79865920544 
115873.0 -90224.19846510887 
95092.0 -73247.9987539053 
158236.0 -119103.29797381163 
138981.0 -106185.09819358587 
99900.0 -78834.39865887165 
185925.0 -131073.49777013063 
95640.0 -73847.79874372482 
78087.0 -56663.699036061764 
155105.0 -116502.5980180502 
91210.0 -69327.4988206029 
185024.0 -131030.79777085781 
154811.0 -115950.2980274558 
77849.0 -56540.49903815985 
143684.0 -108340.2981569171 
143695.0 -108935.59814679623 
