198911.0 -132739.49774175882 
64921.0 -40869.299304783344 
66479.0 -45067.69923335314 
65924.0 -42806.799271821976 
69343.0 -48376.79917705059 
70109.0 -51431.79912507534 
114201.0 -89698.49847406149 
116047.0 -91013.3984516859 
78791.0 -62393.29893857241 
79078.0 -64380.49890476465 
81799.0 -65731.0988817811 
75310.0 -57838.999016046524 
184483.0 -131051.79777050018 
186234.0 -131422.7977641821 
122734.0 -95054.99838292599 
153615.0 -116374.79802024364 
154272.0 -117392.89800292253 
82677.0 -66860.0988625884 
67584.0 -46228.59921360016 
194490.0 -132047.19775354862 
74781.0 -56855.19903278351 
121792.0 -94139.79839849472 
126489.0 -97629.7983391285 
159825.0 -120461.89795070887 
155223.0 -118247.897988379 
74444.0 -55516.4990555644 
128013.0 -98231.7983288765 
111876.0 -88045.89850217104 
93442.0 -73868.49874335527 
145931.0 -112008.09809452295 
170915.0 -125971.9978569746 
191754.0 -131890.3977562189 
76539.0 -61571.19895255566 
106427.0 -83093.99858641624 
156518.0 -118752.19797980785 
76109.0 -59833.19898211956 
119640.0 -93026.49841743708 
188244.0 -131800.7977577448 
136333.0 -104840.09821647406 
97450.0 -75763.99871110916 
140255.0 -107372.89817339182 
68857.0 -46383.99921095371 
152415.0 -115649.59803259373 
145000.0 -111057.49811071157 
157486.0 -119498.39796710014 
139118.0 -106911.99818122387 
84951.0 -68483.29883497953 
64983.0 -41662.69929128885 
160649.0 -121467.39793360233 
140958.0 -108372.79815638065 
182437.0 -130953.09777218103 
131613.0 -101363.39827561378 
162997.0 -122251.69792026281 
106997.0 -84439.29856353998 
120926.0 -93382.39841139317 
137690.0 -105358.79820764065 
109669.0 -85938.2985380292 
123911.0 -95706.29837185144 
125878.0 -96787.39835345745 
158850.0 -119797.59796202183 
173960.0 -127484.29783123732 
88443.0 -70765.89879614115 
75395.0 -59554.59898686409 
179416.0 -130221.5977846384 
138386.0 -106014.29819649458 
131206.0 -100380.29829233885 
150169.0 -113714.89806550741 
166983.0 -124271.0978859067 
108928.0 -85054.59855306149 
104293.0 -82258.59860062599 
172025.0 -126604.49784618616 
110952.0 -87297.29851490259 
87183.0 -70468.39880120754 
125332.0 -95850.49836939573 
95208.0 -74156.89873844385 
164434.0 -122536.597915411 
162074.0 -121541.59793233871 
151218.0 -115340.59803783894 
99680.0 -77829.89867597818 
73023.0 -55174.89906138182 
135622.0 -104024.9982303381 
77469.0 -61727.29894989729 
89027.0 -71746.89877945185 
150631.0 -114495.39805221558 
165804.0 -123745.0978948474 
69079.0 -47910.99918496609 
117279.0 -91360.59844577312 
132634.0 -102016.79826450348 
147333.0 -112311.19808936119 
148498.0 -113487.79806935787 
169296.0 -125646.19786250591 
105385.0 -82720.8985927701 
177140.0 -128942.69780641794 
175102.0 -128081.39782106876 
176128.0 -128277.3978177309 
85756.0 -69281.29882138968 
97825.0 -76926.99869132042 
109893.0 -86973.89852041006 
100972.0 -79113.99865412712 
71141.0 -52373.59910905361 
96498.0 -75090.29872256517 
143526.0 -109890.29813057184 
172896.0 -127046.09783869982 
141801.0 -108931.69814687967 
144697.0 -110204.59812521935 
130087.0 -99894.49830061197 
98638.0 -77190.49868685007 
100587.0 -78228.19866919518 
86443.0 -69706.49881416559 
128569.0 -99077.29831451178 
118840.0 -92025.89843446016 
165696.0 -122817.99791061878 
142982.0 -109171.7981427908 
90744.0 -72438.49876767397 
168101.0 -124628.09787982702 
72680.0 -54357.99907529354 
92053.0 -73463.59875023365 
192045.0 -132022.69775396585 
71432.0 -54174.599078416824 
71269.0 -53311.19909310341 
147774.0 -113054.89807671309 
83984.0 -67869.79884541035 
195945.0 -132270.49774974585 
107729.0 -84810.99855720997 
91374.0 -73239.59875404835 
102696.0 -80671.0986276269 
178322.0 -129569.89779573679 
83860.0 -67276.89885550737 
90288.0 -71854.69877761602 
129420.0 -99427.99830853939 
103641.0 -81478.09861391783 
168358.0 -125424.99786627293 
196588.0 -132556.0977448821 
113063.0 -88706.9984909296 
81253.0 -64456.39890348911 
96380.0 -74275.8987364173 
198011.0 -132689.09774261713 
113232.0 -88944.29848688841 
187905.0 -131747.59775865078 
134996.0 -103389.3982411623 
118427.0 -91706.6984398961 
133579.0 -102329.69825917482 
181058.0 -130229.29778450727 
181359.0 -130575.09777861834 
102671.0 -79597.69864588976 
70314.0 -51729.999119997025 
81483.0 -64554.79890179634 
102312.0 -79281.9986512661 
103247.0 -81117.99862003326 
177697.0 -129492.89779704809 
