195373.0 -132696.09774249792 
70001.0 -42571.999275803566 
71758.0 -47102.49919873476 
78427.0 -56893.69903212786 
79994.0 -58783.89899998903 
83185.0 -61654.79895114899 
156832.0 -118087.99799108505 
71150.0 -44636.19924068451 
88921.0 -68233.79883921146 
111103.0 -88158.89850026369 
72149.0 -48731.9991710186 
123825.0 -94472.19839286804 
92215.0 -70726.69879680872 
87499.0 -66102.39887547493 
88066.0 -67160.39885747433 
72348.0 -51145.499129951 
155158.0 -117109.39800775051 
113158.0 -88563.4984933734 
185390.0 -130837.59777414799 
107910.0 -83986.0985712409 
160774.0 -120313.19795322418 
93518.0 -71811.59877836704 
183016.0 -130738.19777584076 
150195.0 -113036.69807702303 
125341.0 -95199.4983804822 
82110.0 -60102.298977553844 
99650.0 -77177.89868706465 
84350.0 -62406.49893838167 
119646.0 -92318.09842950106 
101579.0 -79740.79864346981 
108493.0 -85468.19854605198 
131716.0 -100614.39828836918 
97005.0 -75249.49871987104 
135324.0 -103370.79824149609 
148907.0 -112491.39808630943 
87235.0 -64594.99890112877 
123087.0 -93491.19840955734 
134408.0 -102602.2982545495 
116505.0 -90808.99845516682 
100556.0 -78032.19867253304 
74628.0 -53127.09909623861 
147946.0 -111909.69809621572 
78245.0 -55567.599054694176 
105858.0 -82976.39858841896 
130886.0 -99738.39830327034 
132646.0 -101267.79827725887 
190444.0 -131856.09775680304 
133675.0 -101856.09826725721 
142902.0 -108048.39816188812 
157742.0 -118886.9979774952 
129887.0 -99264.49831134081 
142055.0 -107177.1981767416 
138153.0 -105883.3981987238 
72218.0 -50146.299146950245 
111039.0 -86659.59852576256 
105138.0 -82174.19860208035 
103008.0 -80254.89863473177 
161706.0 -121087.69794005156 
106912.0 -83568.49857836962 
159241.0 -119882.69796055555 
95762.0 -73821.8987441659 
98237.0 -75848.59870970249 
118033.0 -91236.69844788313 
113894.0 -89264.89848142862 
121018.0 -92836.79842066765 
101124.0 -78807.39865934849 
91497.0 -70076.09880787134 
90290.0 -69153.1988235712 
136376.0 -103955.29823154211 
98488.0 -76642.09869617224 
186779.0 -131128.0977692008 
162616.0 -121479.99793338776 
171605.0 -125872.39785861969 
180859.0 -130108.1977865696 
96600.0 -74247.49873691797 
188783.0 -131732.19775891304 
163491.0 -122137.99792218208 
81088.0 -59004.69899624586 
175297.0 -127857.79782485962 
127757.0 -97469.79834187031 
147429.0 -110867.49811393023 
150928.0 -114006.79806053638 
168316.0 -124901.09787517786 
115368.0 -89425.89847868681 
175929.0 -128392.89781576395 
118502.0 -91824.99843788147 
77390.0 -54966.299064934254 
191614.0 -132335.5977486372 
174312.0 -127270.89783483744 
115818.0 -90130.39846670628 
86485.0 -64102.1989095211 
177295.0 -128666.29781109095 
181963.0 -130330.09778279066 
70690.0 -43097.29926687479 
193888.0 -132629.5977436304 
137745.0 -104874.69821590185 
170225.0 -125548.597864151 
127171.0 -96817.79835295677 
164530.0 -122411.99791753292 
165226.0 -123050.39790666103 
121970.0 -93094.39841628075 
145084.0 -109588.99813568592 
109822.0 -86529.79852795601 
128860.0 -98607.59832251072 
145169.0 -110447.49812108278 
167803.0 -124179.09788745642 
104295.0 -81578.19861221313 
158379.0 -119570.49796587229 
85169.0 -63087.59892678261 
180048.0 -129377.09779900312 
140716.0 -107051.99817883968 
139726.0 -106016.69819647074 
187547.0 -131625.79776072502 
146261.0 -110842.29811435938 
153077.0 -115120.39804160595 
169545.0 -125191.59787023067 
109632.0 -85549.39854466915 
73782.0 -52167.799112558365 
143910.0 -109212.79814207554 
165876.0 -123597.39789736271 
77037.0 -54222.59907758236 
166997.0 -123757.69789463282 
85790.0 -63443.198920726776 
177819.0 -129219.59780168533 
128135.0 -98404.59832596779 
192729.0 -132422.397747159 
137673.0 -104062.39822971821 
151893.0 -114848.8980461955 
143237.0 -108927.89814692736 
70945.0 -44072.69925028086 
126132.0 -95767.8983708024 
81414.0 -60047.69897848368 
94933.0 -72981.99875843525 
126345.0 -96323.69836133718 
94330.0 -72178.09877210855 
90935.0 -69210.59882259369 
172575.0 -126191.49785321951 
154682.0 -116520.39801776409 
179104.0 -129301.49780029058 
139763.0 -106773.39818358421 
153382.0 -115803.99802994728 
75986.0 -53995.79908144474 
154175.0 -116053.89802569151 
73782.0 -52167.799112558365 
173529.0 -126923.69784075022 
151552.0 -114325.99805510044 
173413.0 -126361.59785032272 
103408.0 -80921.29862338305 
103841.0 -81022.79862165451 
75296.0 -53991.89908152819 
