198642.0 -132516.1977455616 
75119.0 -46836.19920325279 
79520.0 -53392.09909170866 
85899.0 -63081.998926877975 
77107.0 -49439.69915896654 
87414.0 -64265.29890674353 
78255.0 -52540.19910621643 
128031.0 -98884.09831780195 
129075.0 -99890.99830067158 
183533.0 -130908.99777293205 
79673.0 -55664.49905306101 
75716.0 -48400.59917664528 
104517.0 -81805.39860832691 
181957.0 -130464.49778050184 
132311.0 -101775.99826860428 
125236.0 -96718.39835464954 
125541.0 -98003.89833277464 
91247.0 -70241.99880504608 
116731.0 -91533.0984428525 
120630.0 -94112.79839897156 
169530.0 -125477.89786535501 
119382.0 -93455.19841015339 
115914.0 -90647.29845792055 
91041.0 -68784.29882985353 
160930.0 -120784.59794521332 
133096.0 -102852.49825030565 
82943.0 -60125.698977172375 
83758.0 -61077.99896097183 
159692.0 -120212.3979549408 
93422.0 -72017.09877485037 
166874.0 -123877.7978925705 
161982.0 -121332.69793587923 
196376.0 -132458.09774655104 
126974.0 -98302.09832769632 
185119.0 -131200.19776797295 
80408.0 -57487.89902204275 
117567.0 -92276.79843020439 
81951.0 -58777.59900009632 
77486.0 -50608.69913905859 
156370.0 -118212.59798896313 
145895.0 -111466.69810372591 
189069.0 -132056.29775339365 
107687.0 -84298.99856591225 
103942.0 -80819.79862511158 
123988.0 -96291.49836188555 
77877.0 -51432.1991250515 
106842.0 -83549.69857865572 
110025.0 -85702.7985420227 
186574.0 -131378.6977649331 
148473.0 -113223.89807385206 
119004.0 -92500.09842640162 
165744.0 -123127.39790534973 
187724.0 -131839.99775707722 
130804.0 -99979.89829915762 
180577.0 -130134.7977861166 
143529.0 -109888.59813058376 
102326.0 -78853.29865854979 
123526.0 -95426.9983766079 
140158.0 -107099.59817802906 
81102.0 -57702.799018383026 
85393.0 -62082.79894387722 
168449.0 -124641.0978795886 
115464.0 -89674.6984744668 
80307.0 -55707.19905233383 
163167.0 -121850.99792706966 
97743.0 -75062.59872305393 
192266.0 -132126.99775218964 
171880.0 -126738.89784389734 
190924.0 -132114.3977524042 
94027.0 -72748.89876240492 
88389.0 -64581.29890137911 
174813.0 -127894.19782423973 
90445.0 -68081.49884182215 
138861.0 -106879.09818178415 
105456.0 -82596.69859486818 
137684.0 -106578.09818691015 
158741.0 -119657.29796439409 
146952.0 -112207.59809112549 
142440.0 -109423.49813848734 
194123.0 -132206.09775084257 
177643.0 -129153.09780281782 
150707.0 -114774.69804745913 
101957.0 -77995.09867316484 
144478.0 -110396.09812194109 
163967.0 -122284.29791969061 
140451.0 -108145.69816023111 
133621.0 -103555.29823833704 
95243.0 -73040.09875744581 
85071.0 -61305.49895709753 
121750.0 -94585.29839092493 
151517.0 -115289.89803868532 
152433.0 -115709.4980315566 
173223.0 -126973.39783990383 
153260.0 -116211.69802302122 
92280.0 -71315.39878678322 
113593.0 -87909.79850447178 
153855.0 -116848.69801217318 
137520.0 -105573.29820400476 
165063.0 -122702.8979125619 
122332.0 -95065.09838277102 
157525.0 -118721.09798032045 
147504.0 -112571.19808495045 
155581.0 -117543.39800035954 
175444.0 -128645.5978114605 
145000.0 -111036.19811105728 
82456.0 -59299.39899122715 
176372.0 -128866.79780769348 
173621.0 -127658.99782824516 
114283.0 -88715.79849076271 
179106.0 -130042.39778769016 
149176.0 -113855.99806308746 
102820.0 -79773.69864290953 
100022.0 -76527.29869812727 
150269.0 -113978.4980610013 
101465.0 -77281.89868527651 
75664.0 -47587.59919047356 
135567.0 -104991.29821389914 
108534.0 -84861.79855632782 
110637.0 -86654.39852583408 
95672.0 -73750.19874536991 
136125.0 -105566.99820411205 
112480.0 -86998.09851998091 
106352.0 -82769.59859192371 
89772.0 -66788.99886381626 
89029.0 -66031.69887667894 
178107.0 -129841.49779111147 
88693.0 -65630.19888353348 
154758.0 -117272.19800496101 
98760.0 -75700.29871219397 
109387.0 -85073.89855271578 
167669.0 -124431.79788315296 
103752.0 -79851.79864156246 
97586.0 -74194.29873782396 
195130.0 -132335.5977486372 
91819.0 -71026.29879170656 
158168.0 -119036.79797494411 
134786.0 -103826.89823371172 
114936.0 -88989.39848613739 
96824.0 -73883.89874309301 
170389.0 -126066.19785535336 
90072.0 -67215.69885653257 
100862.0 -76775.79869389534 
141928.0 -108794.19814920425 
131308.0 -101290.59827685356 
170864.0 -126320.99785101414 
134861.0 -104473.9982227087 
99120.0 -75997.09870713949 
112600.0 -87781.29850667715 
140941.0 -108711.59815061092 
130946.0 -100993.09828191996 
