199514.0 -132890.6977391839 
58994.0 -39261.199332118034 
59569.0 -40543.199310302734 
63515.0 -44655.4992403388 
60177.0 -42273.89928084612 
148982.0 -113915.49806207418 
76296.0 -59535.698987185955 
82699.0 -66454.4988694787 
74000.0 -56698.3990354538 
93115.0 -73136.99875581264 
77472.0 -60781.29896599054 
91281.0 -72475.89876705408 
150608.0 -114498.19805216789 
140410.0 -106777.59818351269 
129700.0 -98693.39832103252 
117345.0 -91463.49844402075 
127179.0 -97307.79834461212 
62117.0 -43934.19925260544 
72581.0 -56028.199046850204 
94146.0 -73940.59874212742 
128238.0 -98168.39832997322 
151868.0 -115199.59804022312 
64780.0 -45825.49922043085 
95327.0 -74759.19872820377 
183947.0 -131000.69777137041 
135249.0 -103576.99823796749 
194246.0 -132245.297750175 
109123.0 -86331.69853132963 
61426.0 -42910.499270021915 
148021.0 -112625.79808402061 
98660.0 -77819.09867614508 
69760.0 -53689.299086630344 
74614.0 -58055.59901237488 
105354.0 -82991.09858816862 
138882.0 -106209.19819319248 
125620.0 -96763.59835386276 
86947.0 -69291.79882121086 
157006.0 -118316.19798719883 
95885.0 -75810.89871031046 
102907.0 -80064.49863797426 
195973.0 -132679.29774278402 
70135.0 -54979.999064683914 
172985.0 -128058.69782143831 
158306.0 -118717.99798035622 
71530.0 -55235.09906035662 
80514.0 -64069.698910057545 
172166.0 -127176.39783644676 
79181.0 -62739.09893268347 
164539.0 -123582.39789760113 
99468.0 -78540.39866387844 
153177.0 -115824.69802957773 
155945.0 -117505.99800097942 
133179.0 -102456.69825702906 
75980.0 -58239.39900922775 
66138.0 -48329.29917782545 
136714.0 -104311.59822547436 
197601.0 -132775.89774113894 
112828.0 -88565.29849332571 
158965.0 -119694.79796373844 
130121.0 -100081.09829741716 
68786.0 -51069.29913121462 
170084.0 -126039.99785578251 
167784.0 -125076.49787217379 
132633.0 -101450.49827414751 
90331.0 -71627.19878149033 
86272.0 -68372.39883685112 
108363.0 -85340.19854819775 
100877.0 -78978.89865642786 
170876.0 -126820.09784251451 
144652.0 -110627.09811800718 
85545.0 -67687.09884852171 
134044.0 -103116.39824581146 
166839.0 -124411.49788349867 
88512.0 -69670.79881477356 
97429.0 -76980.89869040251 
169143.0 -125421.89786630869 
161424.0 -121660.29793030024 
141393.0 -107733.39816725254 
111808.0 -87814.19850611687 
114644.0 -89712.19847381115 
174655.0 -128233.99781847 
106546.0 -83798.19857442379 
137773.0 -105717.49820154905 
189735.0 -131579.5977615118 
145945.0 -111248.29810744524 
160380.0 -120919.39794290066 
103570.0 -81116.5986200571 
123734.0 -94765.19838786125 
101364.0 -79805.59864234924 
153940.0 -116438.898019135 
185526.0 -131338.7977656126 
155357.0 -116796.19801306725 
178590.0 -130168.3977855444 
65860.0 -47305.59919524193 
192172.0 -132238.9977502823 
66688.0 -49336.199160695076 
122552.0 -94318.99839544296 
165820.0 -123886.89789241552 
113887.0 -88998.1984859705 
118596.0 -92030.4984343648 
175600.0 -128793.29780894518 
115985.0 -90616.19845843315 
190915.0 -132081.4977529645 
179675.0 -130308.39778316021 
142719.0 -108864.89814800024 
79874.0 -63506.29891961813 
110772.0 -86701.5985250473 
177530.0 -129344.19779956341 
65353.0 -46468.39920949936 
96559.0 -76722.59869480133 
81342.0 -65179.49889117479 
82027.0 -65243.19889008999 
159266.0 -120640.79794764519 
181896.0 -130768.99777531624 
132001.0 -100696.99828696251 
67922.0 -50476.799141287804 
137113.0 -104914.99821519852 
162604.0 -121928.39792573452 
88806.0 -70550.39879977703 
104757.0 -82169.29860216379 
89153.0 -71351.09878617525 
125097.0 -95881.29836887121 
124083.0 -95744.7983711958 
119438.0 -92423.49842768908 
143630.0 -109339.79813992977 
141823.0 -108320.9981572628 
187983.0 -131574.69776159525 
120509.0 -92774.19842171669 
143993.0 -110032.09812813997 
121721.0 -93731.3984054327 
67451.0 -49831.79915225506 
69074.0 -52267.99911081791 
181254.0 -130643.69777745008 
163645.0 -122697.59791266918 
107674.0 -84765.19855797291 
69623.0 -52453.49910765886 
186970.0 -131408.09776443243 
131181.0 -100268.69829422235 
104558.0 -81420.39861488342 
176564.0 -129316.19780004025 
111132.0 -87211.19851636887 
115850.0 -90170.69846600294 
147149.0 -112211.79809105396 
146217.0 -112042.39809393883 
120961.0 -93413.5984108448 
78514.0 -61771.39894914627 
107297.0 -84169.49856811762 
78297.0 -61568.39895260334 
84294.0 -67178.59885716438 
84294.0 -67178.59885716438 
