75635.0 -52761.799102425575 
197671.0 -132672.29774290323 
146020.0 -111391.79810500145 
136011.0 -104581.79822087288 
95540.0 -76274.2987024188 
147747.0 -112379.09808820486 
94354.0 -73524.79874920845 
186290.0 -131646.7977603674 
91649.0 -71206.4987886548 
137150.0 -105417.89820665121 
76968.0 -54285.599076509476 
193987.0 -132483.29774612188 
79950.0 -59731.29898387194 
77673.0 -55186.09906119108 
159524.0 -120287.99795365334 
182894.0 -131221.8977676034 
178009.0 -129605.99779510498 
191281.0 -132479.0977461934 
152622.0 -116086.09802514315 
78636.0 -56008.89904719591 
100374.0 -78759.89866012335 
184623.0 -131383.59776484966 
93075.0 -72204.99877166748 
176450.0 -129106.8978036046 
153939.0 -116607.89801627398 
138103.0 -106154.59819412231 
195589.0 -132578.49774450064 
181237.0 -130858.59777379036 
97946.0 -76363.49870091677 
160726.0 -120860.89794391394 
135190.0 -103516.79823899269 
101182.0 -79620.79864549637 
89745.0 -69826.89881211519 
108159.0 -84950.2985548377 
149287.0 -113239.99807357788 
108959.0 -85754.89854115248 
173777.0 -127524.29783052206 
113192.0 -88233.09849900007 
79161.0 -56881.399032354355 
144912.0 -110689.69811695814 
119049.0 -91423.29844468832 
76777.0 -52831.0991012454 
114066.0 -88906.49848753214 
158305.0 -119657.69796437025 
88669.0 -68203.69883972406 
170158.0 -125420.49786633253 
123495.0 -95037.09838324785 
88886.0 -69142.69882375002 
128959.0 -99369.89830952883 
121373.0 -93238.19841384888 
103838.0 -81596.79861187935 
124288.0 -95774.99837064743 
104628.0 -82318.49859958887 
130048.0 -99847.59830141068 
179497.0 -129832.39779126644 
168947.0 -124930.49787467718 
188186.0 -132045.79775357246 
174804.0 -128379.29781597853 
81566.0 -60212.19897568226 
120160.0 -92846.29842048883 
87059.0 -65969.69887775183 
110933.0 -86547.5985276699 
84364.0 -63763.79891526699 
161646.0 -121424.39793431759 
87870.0 -67450.89885252714 
117754.0 -90986.09845215082 
79851.0 -58444.39900577068 
180017.0 -130524.69777947664 
127293.0 -97582.8983399272 
93784.0 -72452.79876744747 
167253.0 -124180.49788743258 
119482.0 -92263.49843043089 
121857.0 -94052.59839999676 
107736.0 -84102.29856926203 
170916.0 -125994.79785656929 
86513.0 -65242.09889012575 
154706.0 -117344.29800373316 
110248.0 -86019.49853664637 
85390.0 -64969.49889475107 
122743.0 -94458.69839304686 
130968.0 -100313.39829349518 
144407.0 -110034.89812809229 
166507.0 -123427.69790023565 
99131.0 -78313.2986677289 
79454.0 -57886.89901524782 
87220.0 -66976.99886059761 
95153.0 -74591.1987310648 
140409.0 -107491.59817135334 
162696.0 -121747.39792883396 
83808.0 -62769.49893218279 
111822.0 -87174.3985170126 
126443.0 -97111.0983479619 
151775.0 -115327.69803804159 
157867.0 -118989.19797575474 
112494.0 -87504.79851138592 
103380.0 -80832.09862488508 
150481.0 -113968.6980611682 
82333.0 -61235.1989582777 
95335.0 -74891.49872595072 
156889.0 -118624.19798195362 
171741.0 -126490.6978481412 
114629.0 -89676.09847444296 
143368.0 -109660.39813446999 
82565.0 -62172.69894236326 
85095.0 -64108.498909413815 
140786.0 -108115.19816076756 
148990.0 -112500.89808613062 
190151.0 -132295.6977493167 
132723.0 -101722.09826952219 
168508.0 -124267.99788594246 
156071.0 -118230.0979886651 
164832.0 -123023.79790711403 
142701.0 -109264.89814120531 
117105.0 -90522.09846001863 
175688.0 -128493.39781403542 
107412.0 -83321.8985825181 
106547.0 -83078.5985866785 
125466.0 -96034.19836628437 
155573.0 -117628.0979989171 
151021.0 -115171.59804069996 
102113.0 -80103.09863728285 
128640.0 -98443.4983252883 
128233.0 -98099.0983311534 
134688.0 -102925.99824905396 
126407.0 -96188.19836366177 
131385.0 -101012.69828158617 
115970.0 -90318.29846352339 
139097.0 -106761.79818379879 
133182.0 -102441.29825729132 
163585.0 -122714.09791237116 
90560.0 -70511.09880048037 
139554.0 -106915.79818117619 
132104.0 -101285.99827694893 
102503.0 -80518.49863022566 
150635.0 -114308.19805538654 
163113.0 -122465.59791660309 
188947.0 -132138.1977519989 
82230.0 -60451.5989716053 
115563.0 -89820.29847198725 
165376.0 -123382.89790099859 
173099.0 -127064.39783835411 
133963.0 -102599.49825459719 
172380.0 -126940.49784046412 
83518.0 -62337.598939538 
91124.0 -70523.69880026579 
142520.0 -108375.99815630913 
141979.0 -108339.89815694094 
98199.0 -77104.09868830442 
99097.0 -77574.79868030548 
105702.0 -82528.79859602451 
