63153.0 -42165.59928274155 
200102.0 -132159.89775162935 
73206.0 -55681.299052774906 
137258.0 -105776.2982005477 
72956.0 -53775.99908518791 
136017.0 -104387.89822417498 
196471.0 -132136.79775202274 
176124.0 -128523.79781353474 
120455.0 -93722.5984055996 
185171.0 -130984.59777164459 
80303.0 -64177.49890822172 
91105.0 -72613.49876469374 
89939.0 -71883.39877712727 
104586.0 -82660.09859377146 
101480.0 -80796.79862546921 
65089.0 -45055.799233555794 
183404.0 -130435.7977809906 
69791.0 -51362.49912625551 
150004.0 -114236.79805660248 
93870.0 -75804.59871041775 
187336.0 -131043.39777064323 
178499.0 -129216.39780175686 
151216.0 -115070.0980424285 
88797.0 -70975.89879256487 
75246.0 -58916.19899773598 
64568.0 -43624.69925791025 
113301.0 -88328.39849734306 
152992.0 -115135.19804131985 
117638.0 -91524.39844298363 
159524.0 -119851.89796108007 
130877.0 -100704.39828681946 
188894.0 -131442.3977638483 
132222.0 -101383.29827529192 
142107.0 -108807.49814897776 
76469.0 -59423.298989117146 
156065.0 -117816.39799571037 
160812.0 -120515.79794979095 
142515.0 -109741.59813308716 
112465.0 -87359.59851384163 
67752.0 -47960.6991841197 
91743.0 -73877.5987432003 
167483.0 -124721.19787824154 
194382.0 -132036.69775372744 
124219.0 -96292.49836188555 
181570.0 -130388.8977817893 
79662.0 -62779.998932003975 
111341.0 -86956.39852070808 
86910.0 -69746.79881346226 
107756.0 -84239.89856690168 
180660.0 -129624.19779479504 
95469.0 -76559.4986975789 
110598.0 -85989.39853715897 
125688.0 -96810.49835306406 
83190.0 -66152.09887462854 
81397.0 -64829.49889713526 
139836.0 -106443.69818919897 
166660.0 -123969.79789102077 
119299.0 -92689.49842315912 
135060.0 -102614.19825434685 
108933.0 -84824.69855695963 
82179.0 -65480.098886072636 
85171.0 -68495.89883476496 
141412.0 -107749.49816697836 
116476.0 -89996.69846898317 
115159.0 -89430.3984786272 
78423.0 -61307.59895706177 
88050.0 -70265.79880464077 
84754.0 -67350.39885425568 
155141.0 -117053.09800869226 
105950.0 -83244.49858385324 
68304.0 -48833.899169266224 
199217.0 -132137.49775201082 
67305.0 -46834.799203276634 
135298.0 -103705.09823578596 
70704.0 -52140.89911299944 
86122.0 -68945.9988270998 
63789.0 -43115.79926657677 
93580.0 -74893.59872591496 
147257.0 -111842.89809733629 
138458.0 -106190.29819351435 
99079.0 -78854.69865852594 
104012.0 -81415.19861495495 
169201.0 -124926.99787473679 
73271.0 -57020.69902998209 
140277.0 -107520.5981708765 
170741.0 -125991.99785661697 
114449.0 -88841.99848866463 
69606.0 -49919.899150788784 
122570.0 -95178.49838083982 
143875.0 -110306.79812347889 
100616.0 -79893.7986408472 
164377.0 -122534.49791544676 
117005.0 -90704.69845694304 
79278.0 -62241.39894115925 
103115.0 -81277.29861730337 
126782.0 -97165.69834703207 
156955.0 -118556.99798309803 
153476.0 -116359.79802048206 
130410.0 -99808.09830206633 
109331.0 -85706.99854195118 
118402.0 -92561.39842534065 
66324.0 -45439.699227035046 
163579.0 -121938.49792557955 
75053.0 -57517.29902154207 
83576.0 -67104.398858428 
92594.0 -74266.79873657227 
123471.0 -95651.69837278128 
107226.0 -83361.09858185053 
172137.0 -126345.09785062075 
77486.0 -60142.19897687435 
192940.0 -131839.29775708914 
148308.0 -112363.29808849096 
162084.0 -120851.09794408083 
130303.0 -98821.498318851 
71849.0 -53184.199095249176 
170029.0 -125396.29786676168 
162326.0 -121647.69793051481 
100048.0 -79432.89864867926 
158547.0 -119236.99797153473 
172600.0 -126951.9978402853 
66867.0 -46135.49921518564 
148886.0 -113671.59806621075 
190925.0 -131443.09776383638 
127503.0 -97896.09833461046 
145990.0 -111524.39810276031 
96782.0 -77468.79868209362 
173964.0 -127185.09783631563 
128861.0 -98729.39832043648 
68630.0 -49803.69915276766 
175510.0 -127913.39782392979 
133900.0 -102119.99826276302 
97906.0 -78481.29866486788 
133643.0 -101638.39827096462 
179019.0 -129491.19779706001 
71798.0 -52443.99910783768 
154260.0 -116563.49801701307 
77873.0 -60681.49896770716 
95823.0 -77091.498688519 
165256.0 -123669.49789613485 
144960.0 -110452.7981209755 
97800.0 -77788.99867665768 
145621.0 -110918.59811306 
174883.0 -127420.59783232212 
158203.0 -118675.99798107147 
128618.0 -97961.8983334899 
191526.0 -131737.79775881767 
164866.0 -123389.1979008913 
148718.0 -113056.59807670116 
74334.0 -57281.79902553558 
122170.0 -94036.49840027094 
