74923.0 -46488.599209189415 
199532.0 -132449.6977466941 
199532.0 -132449.6977466941 
76376.0 -50408.7991424799 
75849.0 -47503.89919191599 
81522.0 -54913.099065840244 
81856.0 -57723.7990180254 
195943.0 -132434.99774694443 
183094.0 -130662.59777712822 
180845.0 -130435.09778100252 
92747.0 -68884.39882814884 
164871.0 -123640.79789662361 
135143.0 -103678.49823623896 
166332.0 -124206.3978869915 
92076.0 -67938.29884427786 
113834.0 -87410.99851298332 
126130.0 -97255.29834550619 
79593.0 -53081.199097037315 
129536.0 -99619.3983052969 
107284.0 -82113.99860310555 
148128.0 -113139.59807527065 
108105.0 -82937.19858908653 
149281.0 -113750.29806488752 
127078.0 -97947.89833372831 
109925.0 -84322.39856553078 
78527.0 -52330.89910978079 
88922.0 -64856.09889668226 
91057.0 -67242.5988560915 
150378.0 -114292.7980556488 
109171.0 -83540.19857883453 
187499.0 -131259.69776695967 
119707.0 -91893.89843672514 
171260.0 -126412.99784946442 
89928.0 -65624.998883605 
114651.0 -88296.09849792719 
116645.0 -90337.8984631896 
124982.0 -96615.49835640192 
130534.0 -100332.99829316139 
112429.0 -87032.99851942062 
170570.0 -125521.59786462784 
104227.0 -79829.69864195585 
179893.0 -129864.59779071808 
93722.0 -69724.29881387949 
84234.0 -58460.099005520344 
118408.0 -91306.29844671488 
199306.0 -132435.6977469325 
135739.0 -104703.9982187748 
151309.0 -115000.79804360867 
110774.0 -85118.5985519886 
97555.0 -74521.19873225689 
146783.0 -111626.59810101986 
94694.0 -71434.69878476858 
153247.0 -115987.398026824 
167533.0 -124628.7978798151 
147591.0 -112180.99809157848 
133989.0 -103035.59824717045 
105077.0 -80349.09863311052 
142800.0 -109177.79814267159 
99964.0 -76624.59869647026 
90488.0 -66378.49887079 
122569.0 -94311.19839560986 
121557.0 -93612.69840747118 
98714.0 -75178.79872107506 
190258.0 -131656.5977602005 
103168.0 -79111.89865416288 
93823.0 -70675.19879770279 
83094.0 -57814.0990164876 
194893.0 -132131.8977521062 
141645.0 -108682.1981511116 
156669.0 -118123.29799050093 
193073.0 -132040.19775366783 
191816.0 -131914.1977558136 
154028.0 -116698.19801473618 
152129.0 -115556.19803416729 
176750.0 -128879.69780749083 
88636.0 -63847.0989138484 
99628.0 -75477.69871598482 
189281.0 -131277.19776666164 
185730.0 -131097.29776972532 
172133.0 -127048.89783865213 
86622.0 -60799.39896571636 
115617.0 -89617.9984754324 
184614.0 -130953.79777216911 
157640.0 -118678.79798102379 
87940.0 -63219.59892451763 
77428.0 -51216.19912874699 
143779.0 -109635.89813488722 
133585.0 -102317.0982593894 
87575.0 -62334.498939573765 
87461.0 -61343.2989564538 
159027.0 -119748.99796283245 
117495.0 -90915.69845336676 
155738.0 -117650.49799853563 
175779.0 -128295.1978174448 
80192.0 -53955.09908217192 
140358.0 -107447.0981721282 
139547.0 -106901.49818140268 
173248.0 -127335.89783376455 
138349.0 -106686.99818503857 
154716.0 -117298.09800451994 
140678.0 -108271.69815808535 
97144.0 -73805.098744452 
86209.0 -59913.598980784416 
123007.0 -95001.39838385582 
178693.0 -129378.49779897928 
136814.0 -105013.69821351767 
132831.0 -101619.59827125072 
144767.0 -110036.99812805653 
96948.0 -72823.39876115322 
102807.0 -78424.8986658454 
127827.0 -98783.29831951857 
158269.0 -119264.29797106981 
128416.0 -99052.09831494093 
95340.0 -72082.49877375364 
130924.0 -101239.49827772379 
120407.0 -92556.79842543602 
145631.0 -111078.8981103301 
114849.0 -89309.9984806776 
162610.0 -122063.09792345762 
111699.0 -86320.09853154421 
160191.0 -120124.19795644283 
106643.0 -81210.3986184597 
105803.0 -81174.69861906767 
101954.0 -77905.89867466688 
84914.0 -59076.098995029926 
124125.0 -96050.99836599827 
80866.0 -54356.59907531738 
78226.0 -51350.59912645817 
162030.0 -121790.09792810678 
96075.0 -72496.89876669645 
121407.0 -92725.798422575 
111344.0 -85804.89854031801 
178261.0 -128899.29780715704 
101306.0 -76736.89869457483 
164043.0 -122879.59790956974 
161544.0 -120946.29794245958 
124071.0 -95366.39837765694 
163674.0 -122635.29791373014 
168477.0 -125177.19787049294 
174101.0 -127832.8978253007 
169210.0 -125268.59786891937 
85270.0 -59625.598985672 
138114.0 -105754.59820091724 
131671.0 -101560.098272264 
75403.0 -46503.999208927155 
145344.0 -110618.29811817408 
138097.0 -105160.69821101427 
174846.0 -128024.99782204628 
101345.0 -77504.0986815095 
160630.0 -120615.89794808626 
