0.0 -0.0 
97496.0 -64923.49889546633 
97496.0 -64923.49889546633 
0.0 -0.0 
26802.0 -23904.79959332943 
9133.0 -9784.099833548069 
25496.0 -22432.79961836338 
31313.0 -27625.799530029297 
50565.0 -39919.99932086468 
22254.0 -19366.599670529366 
30178.0 -25891.999559521675 
8435.0 -8945.8998478055 
61113.0 -48878.09916847944 
46910.0 -37663.59935927391 
43481.0 -35872.399389743805 
5074.0 -6936.999881982803 
91016.0 -64183.59890806675 
12562.0 -11540.299803674221 
15607.0 -14789.899748384953 
3203.0 -3958.2999326586723 
41421.0 -34824.899407565594 
48333.0 -39132.89933425188 
18768.0 -17068.599709630013 
14248.0 -13943.299762785435 
88796.0 -63729.99891579151 
85722.0 -62232.39894127846 
28360.0 -24960.69957536459 
74770.0 -57088.69902879 
67398.0 -52792.99910187721 
92871.0 -64479.6989030242 
57452.0 -45851.799219965935 
17267.0 -15336.899739086628 
45036.0 -36882.799372553825 
52227.0 -42547.299276173115 
56166.0 -44957.59923517704 
20392.0 -18326.799688220024 
3682.0 -5864.999900221825 
24966.0 -21330.299637138844 
17920.0 -16253.499723494053 
53857.0 -42945.599269390106 
83602.0 -61668.19895088673 
35895.0 -30191.899486362934 
663.0 -2035.4999653697014 
76280.0 -57684.69901865721 
1025.0 -3015.799948692322 
81644.0 -60987.09896248579 
78481.0 -59572.498986542225 
126.0 -1049.5999821424484 
66526.0 -51301.69912725687 
23169.0 -20139.69965738058 
37783.0 -32305.399450421333 
69804.0 -54399.39907455444 
33888.0 -29107.99950480461 
35277.0 -29641.699495732784 
47819.0 -38520.39934468269 
37587.0 -30712.999477505684 
64338.0 -50669.29913800955 
60031.0 -48114.799181461334 
1654.0 -3919.7999333143234 
77469.0 -59187.498993098736 
24278.0 -20475.699651658535 
79666.0 -60216.09897559881 
88112.0 -62948.09892910719 
63144.0 -49533.599157333374 
71850.0 -55181.59906125069 
73319.0 -55765.39905130863 
19915.0 -18118.19969177246 
11569.0 -10830.199815750122 
86623.0 -62810.59893143177 
77175.0 -58051.09901243448 
73399.0 -56492.99903893471 
51367.0 -40888.699304401875 
54713.0 -43591.99925839901 
32779.0 -27956.899524390697 
51396.0 -41617.39929199219 
69509.0 -53518.49908953905 
6653.0 -7926.399865150452 
58299.0 -46577.69920760393 
71393.0 -54692.999069571495 
29533.0 -25225.29957085848 
40948.0 -33349.69943267107 
68185.0 -53257.39909398556 
80266.0 -60753.69896644354 
6653.0 -7926.399865150452 
44626.0 -36181.099384486675 
95151.0 -64862.59889650345 
4488.0 -5900.699899613857 
82710.0 -61622.69895166159 
38903.0 -33046.29943782091 
63259.0 -49814.99915254116 
94811.0 -64707.198899149895 
33076.0 -28685.89951199293 
59510.0 -47543.29919117689 
41050.0 -34215.59941792488 
13660.0 -12894.399780631065 
58867.0 -47084.7991989851 
13660.0 -12894.399780631065 
37675.0 -31421.699465453625 
11569.0 -10830.199815750122 
65098.0 -51005.2991322875 
