0.0 -0.0 
96921.0 -64922.09889549017 
96921.0 -64922.09889549017 
0.0 -0.0 
45251.0 -36784.099374234676 
17860.0 -16247.199723601341 
13202.0 -12591.999785780907 
1085.0 -2933.8999500870705 
92943.0 -64627.39890050888 
22429.0 -19666.899665415287 
47075.0 -37880.2993555665 
19644.0 -17279.999706029892 
94.0 -1049.5999821424484 
16300.0 -15234.699740827084 
9016.0 -9501.999838352203 
6653.0 -7843.799866557121 
52262.0 -41261.09929805994 
3026.0 -4826.599917888641 
23820.0 -21103.199640989304 
7774.0 -8740.099851310253 
31805.0 -27870.79952585697 
43345.0 -35445.79939699173 
1699.0 -3930.9999331235886 
69108.0 -53484.19909012318 
14503.0 -14271.19975721836 
37597.0 -31300.599467515945 
62930.0 -49665.19915509224 
70189.0 -54420.399074196815 
50545.0 -40679.09930795431 
38147.0 -32464.299447715282 
36561.0 -30365.799483418465 
96288.0 -64757.59889829159 
39989.0 -32750.199442863464 
67629.0 -52948.69909924269 
76321.0 -58123.19901120663 
20407.0 -18209.89969021082 
57275.0 -46066.69921630621 
5500.0 -6830.599883794785 
28872.0 -25013.19957447052 
66867.0 -52045.399114608765 
73031.0 -56149.299044787884 
21850.0 -18720.89968150854 
75173.0 -57511.79902160168 
27919.0 -24122.49958962202 
74007.0 -56861.89903265238 
65378.0 -51578.1991225481 
59339.0 -47631.099189698696 
47852.0 -38721.999341249466 
30993.0 -27039.199540019035 
85207.0 -62369.598938941956 
77648.0 -58791.99899983406 
33231.0 -28737.699511110783 
3682.0 -5864.999900221825 
25292.0 -22347.399619817734 
61634.0 -49008.29916626215 
55089.0 -44068.2992503047 
88894.0 -64039.39891052246 
52838.0 -42489.19927716255 
40211.0 -34028.69942110777 
10411.0 -10536.199820756912 
48957.0 -39363.499330341816 
50096.0 -39629.49932581186 
27165.0 -23359.199602603912 
86400.0 -62732.89893275499 
25945.0 -23109.299606859684 
64309.0 -50340.299143612385 
24622.0 -21455.999634981155 
54548.0 -43177.5992654562 
78616.0 -59229.49899238348 
56552.0 -45170.39923155308 
72393.0 -55122.799062252045 
83515.0 -61990.89894539118 
5218.0 -5920.99989926815 
71323.0 -55099.699062645435 
12233.0 -11778.299799621105 
15055.0 -14522.499752938747 
79737.0 -59596.99898612499 
29850.0 -25712.099562585354 
81307.0 -60943.39896321297 
30651.0 -25917.8995590806 
55994.0 -44727.999239087105 
41177.0 -34409.499414622784 
35681.0 -29602.199496388435 
11471.0 -11575.299803078175 
64680.0 -50739.999136805534 
41806.0 -35011.799404382706 
60658.0 -48140.2991810441 
34132.0 -28913.39950811863 
82413.0 -61449.798954606056 
90882.0 -64186.398908019066 
53710.0 -42763.19927251339 
91169.0 -64349.49890524149 
10746.0 -10797.299816310406 
34840.0 -29510.09949797392 
88072.0 -63589.29891818762 
58657.0 -46646.5992064476 
80197.0 -60302.19897413254 
60869.0 -48506.399174809456 
43106.0 -35024.39940416813 
58755.0 -46658.499206244946 
