0.0 -0.0 
95213.0 -64832.49889701605 
0.0 -0.0 
11473.0 -10837.199815630913 
23733.0 -21092.699641168118 
29489.0 -24983.7995749712 
87609.0 -63456.298920452595 
5029.0 -6925.799882173538 
15723.0 -14714.999749660492 
76714.0 -58687.39900159836 
40905.0 -34459.89941376448 
65089.0 -50899.59913408756 
25857.0 -21677.499631226063 
12766.0 -12632.599785089493 
90742.0 -64026.79891073704 
26026.0 -23175.799605727196 
66266.0 -51819.69911843538 
1634.0 -2995.4999490380287 
13766.0 -13665.399767518044 
84926.0 -62398.59893846512 
57766.0 -46205.999213933945 
39272.0 -32934.29943972826 
18370.0 -15767.699731767178 
36365.0 -30954.099473416805 
67551.0 -52573.89910560846 
92405.0 -64404.09890431166 
37316.0 -31766.39945960045 
46395.0 -37278.2993658185 
811.0 -2013.7999657392502 
83904.0 -61618.49895173311 
82246.0 -61283.89895743132 
57003.0 -45290.79922950268 
35281.0 -30033.699489057064 
86238.0 -63228.7989243269 
52966.0 -42506.69927686453 
75773.0 -57843.59901595116 
16548.0 -15458.699737012386 
63538.0 -50026.39914894104 
48395.0 -39248.69933229685 
70520.0 -54196.39907801151 
3052.0 -3719.599936723709 
22928.0 -19218.89967304468 
78968.0 -59792.99898278713 
3146.0 -4769.1999188661575 
71465.0 -55089.59906280041 
10306.0 -10223.299826085567 
20842.0 -18449.29968613386 
78722.0 -59512.998987555504 
50737.0 -41441.69929498434 
73025.0 -55998.49904733896 
51697.0 -42204.99928200245 
54475.0 -43197.89926511049 
140.0 -1044.699982225895 
50024.0 -39394.999329805374 
50349.0 -40483.79931128025 
42668.0 -35519.99939572811 
22940.0 -19770.49966365099 
27621.0 -24158.899589002132 
69073.0 -53011.39909815788 
19703.0 -17086.09970933199 
74375.0 -56886.399032235146 
7819.0 -8751.299851119518 
44964.0 -36884.89937251806 
42375.0 -34489.2994132638 
58903.0 -47138.69919806719 
18768.0 -17068.599709630013 
61552.0 -48742.99917078018 
7086.0 -7943.899864852428 
9837.0 -9293.39984190464 
30175.0 -26308.099552452564 
69218.0 -53797.7990847826 
20277.0 -18383.49968725443 
3737.0 -5939.899898946285 
27500.0 -23934.19959282875 
32393.0 -27880.59952569008 
56218.0 -44354.59924542904 
38459.0 -32553.199446201324 
43662.0 -36076.099386274815 
80793.0 -60804.09896558523 
31421.0 -27634.199529886246 
72655.0 -55421.69905716181 
9216.0 -8788.399850487709 
74913.0 -57042.49902957678 
34646.0 -29235.399502635002 
4400.0 -6021.799897551537 
59325.0 -47390.699193775654 
30175.0 -26308.099552452564 
54699.0 -43895.09925323725 
33074.0 -28680.999512076378 
62640.0 -49719.09915417433 
47505.0 -38150.099350988865 
80793.0 -60804.09896558523 
62170.0 -49212.69916278124 
13648.0 -12918.899780213833 
47555.0 -38231.29934960604 
44734.0 -36114.59938561916 
60866.0 -47880.999185442924 
60646.0 -47789.999186992645 
7086.0 -7943.899864852428 
91635.0 -64218.5989074707 
