97545.0 -64923.49889546633 
91.0 -1045.399982213974 
97545.0 -64923.49889546633 
91.0 -1045.399982213974 
43806.0 -36080.29938620329 
77246.0 -58968.39899682999 
86759.0 -63333.79892253876 
22733.0 -18660.69968253374 
55334.0 -44323.79924595356 
89591.0 -63459.79892039299 
10405.0 -10592.199819803238 
8682.0 -8685.499852240086 
41972.0 -35195.19940125942 
93922.0 -64492.9989027977 
36712.0 -31307.599467396736 
46017.0 -37410.599363565445 
56617.0 -45274.69922977686 
53937.0 -43415.599261403084 
3250.0 -3896.699933707714 
28632.0 -25017.399574398994 
27484.0 -24131.59958946705 
47901.0 -38470.69934552908 
29927.0 -25663.799563407898 
1407.0 -2052.299965083599 
80843.0 -61083.6989608407 
2612.0 -2877.1999510526657 
10296.0 -8998.39984691143 
76196.0 -57505.499021708965 
23286.0 -20167.699656903744 
20424.0 -18400.299686968327 
78684.0 -59568.99898660183 
79634.0 -60336.49897354841 
57701.0 -46034.49921685457 
41288.0 -34398.9994148016 
51308.0 -41107.099300682545 
7833.0 -7228.499877035618 
49078.0 -39943.39932048321 
11492.0 -11635.499802052975 
59173.0 -46510.09920877218 
85226.0 -62628.198934555054 
96684.0 -64600.0989009738 
63916.0 -50625.19913876057 
73120.0 -56142.99904489517 
45932.0 -36496.799379110336 
6454.0 -5899.299899637699 
65203.0 -51410.899125397205 
4398.0 -4935.099916040897 
63172.0 -48705.19917142391 
26892.0 -23063.799607634544 
50328.0 -40534.199310421944 
52403.0 -42046.0992847085 
14335.0 -14194.199758529663 
18484.0 -16472.599719762802 
37968.0 -32351.599449634552 
72091.0 -55291.4990593791 
17829.0 -15511.199736118317 
74922.0 -56224.89904350042 
82328.0 -61648.59895122051 
91313.0 -63895.19891297817 
13035.0 -11705.499800860882 
15870.0 -14712.199749708176 
33387.0 -28680.999512076378 
63417.0 -49791.89915293455 
53419.0 -42344.99927961826 
40150.0 -33485.89943033457 
32496.0 -27903.699525296688 
71203.0 -54836.499067127705 
5765.0 -4951.899915754795 
92680.0 -63911.99891269207 
66174.0 -51884.39911735058 
13277.0 -12914.699780285358 
25601.0 -21880.499627768993 
48800.0 -38679.59934198856 
6839.0 -7022.39988052845 
34159.0 -29259.19950222969 
66984.0 -52527.699106395245 
24963.0 -20860.999645113945 
74989.0 -57426.39902305603 
35625.0 -29387.59950006008 
16381.0 -15301.199739694595 
31398.0 -27631.39952993393 
26504.0 -22105.899623930454 
20072.0 -16626.599717140198 
20190.0 -17373.09970444441 
14107.0 -13271.299774229527 
84106.0 -62251.99894094467 
70535.0 -53989.89908152819 
698.0 -1046.7999821901321 
39639.0 -33112.79943668842 
38657.0 -32600.099445402622 
30632.0 -26791.799544215202 
68196.0 -52712.09910327196 
69935.0 -53796.39908480644 
24725.0 -20320.99965429306 
61247.0 -48537.199174284935 
83666.0 -61719.2989500165 
61068.0 -48304.79917824268 
59948.0 -47638.09918957949 
59653.0 -47591.89919036627 
36393.0 -30099.09948796034 
