97894.0 -64910.898895680904 
0.0 -0.0 
97894.0 -64910.898895680904 
0.0 -0.0 
3737.0 -5939.899898946285 
6707.0 -6832.699883759022 
46099.0 -37537.29936140776 
67583.0 -52840.19910109043 
2460.0 -3708.399936914444 
30352.0 -26362.69955152273 
65541.0 -51206.49912887812 
74590.0 -57176.4990273118 
89740.0 -64019.09891086817 
12754.0 -12468.79978787899 
72850.0 -55775.49905115366 
18733.0 -16262.59972333908 
15659.0 -14721.299749553204 
11674.0 -11139.899810492992 
752.0 -2073.9999647140503 
52057.0 -42305.099280297756 
53488.0 -43150.999265909195 
51169.0 -41477.39929437637 
58251.0 -46933.59920156002 
10624.0 -10520.099821031094 
80600.0 -60647.29896825552 
65181.0 -50626.99913871288 
33443.0 -28832.199509501457 
31670.0 -27769.299527585506 
23284.0 -20047.999658942223 
16861.0 -15567.899735152721 
37049.0 -31401.39946579933 
34556.0 -29365.19950044155 
39797.0 -33768.999425530434 
47916.0 -39287.1993316412 
86736.0 -62664.298933923244 
57710.0 -45908.49921900034 
19975.0 -18104.89969199896 
93381.0 -64034.49891060591 
2295.0 -2920.599950313568 
26086.0 -22911.199610233307 
49476.0 -39896.89932125807 
38028.0 -32338.29944986105 
50432.0 -40372.89931315184 
62926.0 -49976.29914981127 
68576.0 -53491.899089992046 
15009.0 -13410.599771857262 
39037.0 -32814.59944176674 
56935.0 -45027.59923398495 
126.0 -1049.5999821424484 
28708.0 -25078.999573349953 
45098.0 -36535.999378442764 
41133.0 -34211.39941799641 
81936.0 -61269.898957669735 
28190.0 -23568.499599039555 
35509.0 -30255.89948529005 
79371.0 -60002.99897921085 
75276.0 -57820.09901636839 
25525.0 -21946.999626636505 
13741.0 -13370.699772536755 
85059.0 -62424.8989380002 
29039.0 -25576.299564898014 
7837.0 -8055.199862957001 
59544.0 -47701.0991885066 
20120.0 -18116.799691796303 
55806.0 -44568.39924180508 
7837.0 -8055.199862957001 
23621.0 -20998.199642777443 
9525.0 -9589.499836862087 
61557.0 -49031.39916586876 
32402.0 -27896.699525415897 
25266.0 -21017.099642455578 
84153.0 -61998.59894526005 
83362.0 -61348.29895633459 
43131.0 -35908.79938912392 
36567.0 -30507.899480998516 
88092.0 -63193.79892492294 
70397.0 -53597.599088191986 
95028.0 -64700.198899269104 
72449.0 -55094.0990627408 
96030.0 -64748.49889844656 
76409.0 -58441.699005782604 
27379.0 -23473.99960064888 
9525.0 -9589.499836862087 
70855.0 -54974.39906477928 
77209.0 -58614.899002850056 
17816.0 -16109.999725937843 
44203.0 -36224.49938374758 
88655.0 -63538.198919057846 
54386.0 -43966.799252033234 
42244.0 -34700.69940966368 
62869.0 -49487.399158120155 
22077.0 -19166.39967393875 
47916.0 -39287.1993316412 
78164.0 -59305.09899109602 
42588.0 -35113.29940265417 
93475.0 -64311.69890588522 
70657.0 -54245.39907717705 
54979.0 -44035.39925086498 
78894.0 -59305.7989910841 
22002.0 -19061.39967572689 
