0.0 -0.0 
98703.0 -64923.49889546633 
98703.0 -64923.49889546633 
0.0 -0.0 
1130.0 -2945.0999498963356 
23353.0 -20133.39965748787 
5354.0 -6601.699887692928 
12068.0 -11636.199802041054 
25196.0 -21286.59963786602 
94.0 -1049.5999821424484 
25890.0 -22282.99962091446 
26802.0 -23904.79959332943 
1747.0 -3867.299934208393 
63980.0 -50199.99914598465 
51145.0 -41450.09929484129 
88430.0 -63737.69891566038 
9211.0 -8808.699850142002 
10508.0 -10601.999819636345 
94522.0 -64507.69890254736 
18768.0 -17068.599709630013 
91644.0 -64491.59890282154 
60532.0 -47793.49918693304 
3469.0 -4898.699916660786 
44730.0 -36726.39937520027 
19855.0 -18111.89969187975 
13155.0 -12679.49978429079 
50465.0 -40340.29931372404 
22158.0 -19451.299669086933 
49396.0 -39565.09932690859 
82070.0 -61833.39894807339 
52944.0 -42197.29928213358 
4755.0 -4973.599915385246 
7540.0 -7956.499864637852 
69726.0 -53881.09908336401 
16644.0 -15561.59973526001 
35451.0 -29932.1994907856 
68696.0 -52959.59909904003 
90161.0 -64198.29890781641 
21503.0 -18321.19968831539 
41142.0 -34407.39941465855 
37337.0 -31344.699466764927 
38585.0 -31938.5994566679 
15613.0 -14773.799748659134 
77489.0 -58828.79899919033 
40321.0 -33373.19943225384 
86819.0 -62973.298928678036 
62072.0 -49308.59916114807 
65166.0 -50762.399136424065 
36310.0 -30605.899479329586 
34324.0 -29034.49950605631 
9752.0 -9833.799832701683 
28211.0 -24401.79958486557 
39155.0 -32955.99943935871 
59533.0 -47015.49920016527 
42181.0 -34997.799404621124 
31550.0 -27776.299527466297 
78513.0 -59791.598982810974 
56255.0 -44920.49923580885 
48413.0 -38704.49934154749 
14416.0 -14260.699757397175 
76043.0 -57721.09901803732 
14264.0 -13234.899774849415 
57511.0 -45964.499218046665 
47277.0 -38531.59934449196 
58660.0 -46471.99920940399 
96407.0 -64637.89890033007 
70485.0 -54680.79906976223 
81041.0 -61027.398961782455 
71662.0 -54939.799065351486 
29641.0 -25558.09956520796 
67938.0 -52185.79911220074 
65922.0 -51585.199122428894 
84072.0 -61999.998945236206 
44386.0 -35698.499392688274 
53734.0 -42810.79927170277 
33566.0 -28522.499514758587 
43271.0 -35503.89939600229 
29215.0 -24954.399575471878 
79490.0 -59963.09897989035 
80213.0 -60767.69896620512 
30750.0 -26775.699544489384 
32498.0 -28082.19952225685 
77372.0 -57781.9990170002 
55261.0 -43869.49925369024 
85687.0 -62788.49893182516 
75181.0 -56810.09903353453 
46280.0 -37514.19936180115 
72493.0 -55643.59905338287 
30211.0 -26575.49954789877 
66667.0 -52021.599115014076 
61644.0 -48723.39917111397 
57074.0 -45104.599232673645 
85027.0 -62128.3989430666 
97471.0 -64903.898895800114 
55261.0 -43869.49925369024 
73589.0 -56594.49903720617 
17870.0 -16172.29972487688 
46304.0 -37681.499358952045 
73122.0 -55935.499048411846 
6694.0 -7523.899872004986 
