0.0 -0.0 
98286.0 -65797.39888060093 
0.0 -0.0 
98286.0 -65797.39888060093 
43218.0 -35856.999390006065 
56183.0 -45190.69923120737 
58313.0 -46197.599214076996 
69980.0 -54745.89906865358 
2525.0 -3970.1999324560165 
19227.0 -17134.399708509445 
9088.0 -9772.899833738804 
87285.0 -63696.69891637564 
8133.0 -8539.899854719639 
30296.0 -26181.09955459833 
31678.0 -27295.799535632133 
60655.0 -47897.09918516874 
71917.0 -55709.399052262306 
89887.0 -64477.89890307188 
1130.0 -2945.0999498963356 
14248.0 -13943.299762785435 
18526.0 -15653.999733686447 
53480.0 -42833.599271297455 
24342.0 -20240.499655663967 
68147.0 -53135.5990960598 
33490.0 -28965.19950723648 
34829.0 -29697.69949477911 
45351.0 -36824.69937354326 
63217.0 -49986.49914962053 
65012.0 -50347.299143493176 
39556.0 -33219.89943486452 
91953.0 -65255.59888982773 
32467.0 -28158.49952095747 
94042.0 -65431.998886823654 
69150.0 -53872.69908350706 
29412.0 -25361.799568533897 
3688.0 -4901.499916613102 
25186.0 -21394.399636030197 
3782.0 -5951.09989875555 
6653.0 -7926.399865150452 
72537.0 -56389.399040699005 
83973.0 -62143.498942792416 
20406.0 -18041.899693071842 
85955.0 -62841.99893093109 
42500.0 -34710.099409520626 
47118.0 -38062.99935245514 
4974.0 -6850.899883449078 
54878.0 -43496.09926003218 
79230.0 -60496.09897083044 
52705.0 -41729.39929008484 
38145.0 -32570.6994459033 
36843.0 -30846.699475228786 
49449.0 -39762.49932354689 
37859.0 -31717.79946041107 
55654.0 -44063.399250388145 
21069.0 -18650.899682700634 
73657.0 -57345.89902442694 
78830.0 -59485.29898804426 
36662.0 -29887.39949154854 
65315.0 -51534.7991232872 
456.0 -2029.8999654650688 
45826.0 -37077.099369227886 
61732.0 -48807.39916968346 
48292.0 -39011.09933632612 
67107.0 -52097.199113726616 
50963.0 -39840.89932221174 
40209.0 -34135.09941929579 
334.0 -1043.2999822497368 
16059.0 -14219.39975810051 
22928.0 -18887.49967867136 
23388.0 -19408.59966981411 
80994.0 -61276.19895756245 
28717.0 -24413.699584662914 
27424.0 -23157.59960603714 
16912.0 -15441.19973731041 
25379.0 -22357.89961963892 
6328.0 -6940.499881923199 
62130.0 -49323.59916090965 
26684.0 -22621.79961514473 
90673.0 -64778.1988979578 
10453.0 -10609.699819505215 
82703.0 -61857.49894768 
27541.0 -24328.999586105347 
41405.0 -34337.39941585064 
12043.0 -11854.599798321724 
76242.0 -58395.499006569386 
51268.0 -40913.5993039608 
59106.0 -47186.999197244644 
80170.0 -61265.69895774126 
75197.0 -58067.1990121603 
12043.0 -11854.599798321724 
95810.0 -65527.89888519049 
96542.0 -65693.79888236523 
10453.0 -10609.699819505215 
13101.0 -12893.699780642986 
16145.0 -14986.599745035172 
77173.0 -59350.59899032116 
51611.0 -41433.29929512739 
66505.0 -51842.79911804199 
13101.0 -12893.699780642986 
74870.0 -57357.0990242362 
