0.0 -0.0 
97312.0 -64917.198895573616 
97312.0 -64917.198895573616 
0.0 -0.0 
59846.0 -47635.29918962717 
18693.0 -16510.399719119072 
16528.0 -15317.999739408493 
1073.0 -2952.0999497771263 
22147.0 -19353.999670743942 
20277.0 -18383.49968725443 
125.0 -1049.5999821424484 
13130.0 -12897.89978057146 
58463.0 -46482.09920924902 
9078.0 -9709.199834823608 
3278.0 -4920.399916291237 
1654.0 -3919.7999333143234 
61353.0 -48703.099171459675 
14579.0 -14264.89975732565 
5135.0 -6925.099882185459 
80678.0 -60752.99896645546 
50455.0 -40259.79931509495 
3782.0 -5951.09989875555 
27233.0 -23908.299593269825 
48984.0 -39569.29932683706 
85306.0 -62705.19893324375 
44334.0 -35871.699389755726 
31957.0 -27498.399532198906 
24315.0 -21026.199642300606 
51002.0 -41500.49929398298 
23386.0 -20133.39965748787 
83577.0 -61834.798948049545 
52111.0 -42279.19928073883 
88424.0 -63340.09892243147 
67374.0 -52752.69910258055 
82965.0 -61194.998958945274 
28373.0 -24934.799575805664 
95402.0 -64716.29889899492 
19560.0 -17344.399704933167 
73394.0 -56216.499043643475 
42622.0 -35429.29939728975 
79507.0 -60223.79897546768 
10861.0 -10242.199825763702 
70573.0 -54654.499070227146 
39302.0 -32909.09944015741 
57156.0 -45881.899219453335 
93554.0 -64492.9989027977 
86911.0 -62812.99893140793 
30582.0 -26865.999542951584 
56626.0 -44930.999235630035 
68970.0 -53341.69909256697 
39925.0 -33843.899424254894 
66376.0 -52048.89911454916 
38080.0 -32285.79945075512 
26264.0 -23119.09960669279 
48300.0 -38485.69934529066 
74699.0 -57024.59902989864 
78814.0 -59186.79899311066 
35405.0 -29761.399493694305 
34409.0 -29313.3995013237 
91905.0 -64320.79890573025 
69543.0 -53931.099082529545 
55110.0 -43911.49925297499 
77649.0 -58962.798996925354 
45340.0 -36808.599373817444 
15716.0 -14476.299753725529 
63076.0 -50007.799149274826 
30089.0 -24996.399574756622 
25189.0 -22085.59962427616 
36248.0 -30579.99947977066 
75456.0 -57380.89902383089 
6571.0 -7837.49986666441 
30430.0 -25840.199560403824 
71886.0 -55172.49906140566 
89570.0 -64065.998910069466 
12202.0 -12237.099791824818 
41359.0 -34142.09941917658 
41667.0 -34813.69940775633 
33119.0 -28351.999517679214 
53734.0 -43113.899266541004 
72660.0 -55455.2990565896 
37854.0 -31308.299467384815 
55793.0 -44115.199249506 
11596.0 -10834.399815678596 
66171.0 -50987.09913259745 
53578.0 -42838.79927122593 
46818.0 -37707.69935852289 
45895.0 -37190.79936730862 
6428.0 -7486.799872636795 
33775.0 -28405.199516773224 
90473.0 -64128.2989090085 
12146.0 -11405.19980597496 
7796.0 -8786.99985051155 
36975.0 -30980.69947296381 
47721.0 -37871.499355733395 
25613.0 -22429.999618411064 
7796.0 -8786.99985051155 
64757.0 -50575.099139630795 
64501.0 -50412.39914238453 
76406.0 -58148.39901077747 
76568.0 -58310.79900801182 
