0.0 -0.0 
97685.0 -64908.79889571667 
97685.0 -64908.79889571667 
0.0 -0.0 
21146.0 -18401.699686944485 
87857.0 -63271.49892359972 
16267.0 -15019.499744474888 
49558.0 -39966.49932008982 
12956.0 -12445.69978827238 
71269.0 -55247.39906013012 
8027.0 -7934.099865019321 
2658.0 -4047.1999311447144 
43518.0 -35965.49938815832 
9316.0 -9522.299838006496 
17469.0 -15866.099730074406 
69766.0 -54196.39907801151 
51752.0 -41968.39928603172 
92210.0 -64663.79889988899 
29863.0 -26437.599550247192 
19471.0 -16701.49971586466 
46008.0 -37078.799369215965 
31137.0 -27342.999534845352 
77022.0 -58419.99900615215 
60884.0 -48156.79918074608 
56621.0 -45154.29923182726 
11073.0 -10861.69981521368 
46898.0 -38125.5993514061 
85526.0 -62931.29892939329 
35077.0 -30073.199488401413 
90125.0 -63767.79891514778 
456.0 -2029.8999654650688 
75778.0 -57329.79902470112 
6598.0 -7851.499866425991 
12509.0 -11414.999805808067 
32346.0 -27964.19952428341 
45059.0 -36141.89938515425 
14564.0 -13663.599767565727 
3782.0 -5951.09989875555 
59132.0 -46802.699203789234 
65575.0 -51412.99912536144 
24951.0 -22142.299623310566 
1512.0 -3005.999948859215 
72665.0 -55801.79905068874 
66797.0 -51970.499115884304 
84736.0 -62343.69893938303 
73863.0 -56173.09904438257 
29480.0 -25192.399571418762 
33931.0 -29031.699506103992 
59962.0 -47887.299185335636 
10314.0 -9823.299832880497 
55389.0 -44292.29924649 
15208.0 -13712.299766719341 
38397.0 -32681.599444031715 
40818.0 -34007.6994214654 
83227.0 -61866.2989475131 
37360.0 -31390.899465978146 
62234.0 -49479.699158251286 
40742.0 -33138.69943624735 
22013.0 -19439.39966928959 
54883.0 -43816.29925459623 
74631.0 -57085.49902886152 
95056.0 -64691.098899424076 
24125.0 -21161.999639987946 
36368.0 -30362.99948346615 
79.0 -1031.3999824523926 
69057.0 -53380.599091887474 
25959.0 -22630.4996150136 
22013.0 -19439.39966928959 
90759.0 -64273.19890654087 
64971.0 -50491.499141037464 
24125.0 -21161.999639987946 
28349.0 -24882.299576699734 
57473.0 -45989.69921761751 
48213.0 -38961.69933718443 
53485.0 -42513.99927675724 
19079.0 -16525.099718868732 
33314.0 -28725.09951132536 
63775.0 -50330.19914376736 
82002.0 -61699.698950350285 
41782.0 -34909.59940612316 
79331.0 -59954.6989800334 
27652.0 -24144.199589252472 
38795.0 -32900.699440300465 
5228.0 -6927.199882149696 
95629.0 -64800.29889756441 
5029.0 -6925.799882173538 
58518.0 -46148.89921492338 
79828.0 -60199.69897586107 
67722.0 -52587.899105370045 
80825.0 -60876.198964357376 
50541.0 -41048.99930167198 
77929.0 -59408.69898933172 
26533.0 -23394.899601995945 
1654.0 -3919.7999333143234 
53609.0 -43041.79926776886 
50680.0 -41073.49930125475 
3782.0 -5951.09989875555 
48148.0 -38677.499342024326 
41782.0 -34909.59940612316 
36993.0 -31157.099469959736 
