0.0 -0.0 
97388.0 -64923.49889546633 
97388.0 -64923.49889546633 
0.0 -0.0 
22907.0 -19345.599670886993 
9476.0 -9778.499833643436 
76688.0 -58205.79900979996 
74659.0 -57163.1990275383 
12129.0 -10436.799822449684 
27875.0 -24188.299588501453 
8178.0 -8802.39985024929 
55088.0 -44038.89925080538 
78217.0 -58994.69899636507 
53784.0 -42989.29926866293 
43658.0 -36081.69938617945 
2452.0 -3997.4999319911003 
94090.0 -64582.59890127182 
88200.0 -63807.69891446829 
91968.0 -64430.69890385866 
89909.0 -64182.89890807867 
19906.0 -17314.299705445766 
52859.0 -42056.599284529686 
42040.0 -35167.19940173626 
125.0 -1049.5999821424484 
25638.0 -22229.79962182045 
18897.0 -16441.799720287323 
71827.0 -55370.599058032036 
24215.0 -21370.59963643551 
35178.0 -29344.19950079918 
5077.0 -6862.099883258343 
29869.0 -25142.699572265148 
56339.0 -44877.799236536026 
49755.0 -40541.89931029081 
17511.0 -15922.099729120731 
79118.0 -60056.19897830486 
2983.0 -4351.299925982952 
59004.0 -46969.99920094013 
49037.0 -39637.89932566881 
86483.0 -63270.09892362356 
38004.0 -32214.399451971054 
39789.0 -33252.79943430424 
58298.0 -46110.09921556711 
48370.0 -38750.69934076071 
63588.0 -50146.39914691448 
60692.0 -47303.89919525385 
45921.0 -37092.79936897755 
33961.0 -28533.999514579773 
14355.0 -13671.699767410755 
62543.0 -49353.39916038513 
12386.0 -11591.399802803993 
96320.0 -64796.09889763594 
57104.0 -45597.69922429323 
21516.0 -18609.59968340397 
45245.0 -36404.3993806839 
15717.0 -14798.99974822998 
82351.0 -61036.49896162748 
30578.0 -26605.59954738617 
6799.0 -7893.499865710735 
37125.0 -31462.29946476221 
41132.0 -34118.99941956997 
21069.0 -18043.299693048 
35634.0 -30373.499483287334 
16968.0 -14866.199747085571 
983.0 -2378.099959552288 
65013.0 -50329.09914380312 
66881.0 -52384.899108827114 
73532.0 -56217.89904361963 
27228.0 -23230.399604797363 
70083.0 -54462.39907348156 
39052.0 -32843.29944127798 
61325.0 -48039.89918273687 
983.0 -2378.099959552288 
32705.0 -28384.19951713085 
65503.0 -51175.39912939072 
6557.0 -7475.59987282753 
12679.0 -12622.099785268307 
68432.0 -52529.0991063714 
66038.0 -51831.59911823273 
61918.0 -48706.59917140007 
83230.0 -61817.29894834757 
50842.0 -41313.59929716587 
51359.0 -41561.39929294586 
37117.0 -30412.699482619762 
69745.0 -53519.89908951521 
3737.0 -5939.899898946285 
71414.0 -54647.199070334435 
26026.0 -23175.799605727196 
31790.0 -27792.399527192116 
14850.0 -13765.49976581335 
80351.0 -60384.79897272587 
31704.0 -27005.999540567398 
47032.0 -37824.999356508255 
81051.0 -60778.198966026306 
30421.0 -25393.999567985535 
68525.0 -53419.09909123182 
47180.0 -38239.699349462986 
4471.0 -5946.899898827076 
85869.0 -62677.59893369675 
24215.0 -21370.59963643551 
73926.0 -56240.99904322624 
