0.0 -0.0 
98014.0 -64673.5988997221 
0.0 -0.0 
98014.0 -64673.5988997221 
19418.0 -17288.39970588684 
11833.0 -11840.599798560143 
5029.0 -6925.799882173538 
10337.0 -10387.09982329607 
1085.0 -2933.8999500870705 
3682.0 -5864.999900221825 
233.0 -1049.5999821424484 
46539.0 -37757.799357652664 
27010.0 -23327.699603140354 
17922.0 -16287.099722921848 
21127.0 -18554.299684345722 
84721.0 -62634.498934447765 
13095.0 -12693.499784052372 
3176.0 -4364.5999257564545 
9133.0 -9784.099833548069 
33153.0 -28790.899510204792 
94616.0 -64592.39890110493 
83185.0 -61409.19895529747 
25469.0 -22252.89962142706 
23142.0 -19970.299660265446 
44556.0 -36587.39937758446 
92555.0 -64317.99890577793 
38495.0 -32678.7994440794 
32068.0 -27909.29952520132 
36533.0 -31056.99947166443 
27622.0 -24395.49958497286 
34466.0 -29577.29949682951 
37335.0 -31970.799456119537 
66247.0 -51783.99911904335 
90647.0 -64074.398909926414 
75191.0 -57990.1990134716 
35327.0 -30299.999484539032 
1654.0 -3919.7999333143234 
87641.0 -63338.69892245531 
69701.0 -54278.299076616764 
76439.0 -58437.49900585413 
74999.0 -56525.199038386345 
21866.0 -19155.199674129486 
89070.0 -63748.89891546965 
23733.0 -21092.699641168118 
47608.0 -38178.09935051203 
77495.0 -59251.19899201393 
86069.0 -62929.198929429054 
78677.0 -59629.89898556471 
56412.0 -44743.399238824844 
68779.0 -53570.2990886569 
30742.0 -27361.199534535408 
65104.0 -51167.29912954569 
43931.0 -36314.79938220978 
51552.0 -42169.999282598495 
70833.0 -55000.999064326286 
48807.0 -38949.499337375164 
28996.0 -24972.599575161934 
39382.0 -33690.59942686558 
30239.0 -26517.399548888206 
58057.0 -46424.699210226536 
81913.0 -61269.198957681656 
73314.0 -56477.59903919697 
55185.0 -43557.29925900698 
17551.0 -14981.29974514246 
42533.0 -35333.099398911 
15369.0 -14723.39974951744 
29255.0 -25839.499560415745 
64241.0 -50513.899140655994 
97026.0 -64616.198900699615 
58636.0 -47370.69919413328 
80988.0 -60376.39897286892 
24843.0 -21555.399633288383 
40857.0 -34593.8994114995 
79908.0 -60275.59897458553 
67370.0 -52572.499105632305 
57257.0 -45796.49922090769 
59577.0 -47743.09918779135 
49975.0 -41083.999301075935 
50899.0 -41436.09929507971 
72509.0 -55687.699052631855 
52845.0 -42731.69927304983 
14169.0 -13586.299768865108 
6698.0 -7937.599864959717 
49472.0 -40240.199315428734 
14188.0 -13936.999762892723 
67598.0 -53062.799097299576 
53170.0 -43115.29926651716 
60264.0 -48438.499175965786 
40057.0 -34169.39941871166 
41868.0 -35247.69940036535 
72303.0 -55096.19906270504 
54575.0 -43495.69926005602 
6698.0 -7937.599864959717 
7796.0 -8786.99985051155 
49388.0 -39535.29932743311 
7796.0 -8786.99985051155 
16237.0 -14969.799745321274 
63537.0 -49866.09915167093 
61805.0 -49380.99915993214 
62791.0 -49776.49915319681 
