202705.0 -133539.5977281332 
23703.0 -12913.199780344963 
202705.0 -133539.5977281332 
23703.0 -12913.199780344963 
65140.0 -56740.09903472662 
69269.0 -58868.69899851084 
109045.0 -86881.49852198362 
159542.0 -119775.29796236753 
141764.0 -109472.7981376648 
157786.0 -117195.19800627232 
28921.0 -19637.39966595173 
165977.0 -123228.19790363312 
139256.0 -108193.59815943241 
39918.0 -34965.89940518141 
45282.0 -41835.3992882967 
52453.0 -46325.699211895466 
107683.0 -84010.99857079983 
26991.0 -18247.599689602852 
144736.0 -111291.69810670614 
36063.0 -29504.799498081207 
137471.0 -106086.69819527864 
120060.0 -93547.99840855598 
35843.0 -26361.599551558495 
63971.0 -54776.299068152905 
26899.0 -15069.099743664265 
116615.0 -90340.79846310616 
60859.0 -53887.69908326864 
50099.0 -45250.89923018217 
117218.0 -91819.39843797684 
191609.0 -132424.49774712324 
85143.0 -68610.398832798 
37948.0 -32662.9994443655 
112601.0 -89264.49848145247 
59208.0 -50265.099144876 
149407.0 -114598.2980504632 
98131.0 -78511.6986643672 
132806.0 -101940.19826579094 
189038.0 -132177.39775133133 
152397.0 -115866.9980288744 
54711.0 -48137.499181091785 
55777.0 -49274.2991617322 
177203.0 -128157.09781974554 
43673.0 -38927.399337768555 
174378.0 -127809.89782565832 
124084.0 -95818.99836993217 
127145.0 -98410.99832582474 
122105.0 -94333.59839522839 
30985.0 -22236.699621737003 
153469.0 -117085.2980081439 
129137.0 -99667.39830446243 
87856.0 -71346.89878624678 
90176.0 -72800.69876152277 
72921.0 -61051.89896136522 
111658.0 -88266.69849842787 
130805.0 -100837.39828455448 
59954.0 -51817.19911849499 
163988.0 -120697.49794667959 
136607.0 -102212.4982611537 
92158.0 -75831.19870996475 
125386.0 -97160.4983471036 
181691.0 -130690.59777665138 
71097.0 -59849.69898182154 
86452.0 -70454.09880143404 
95699.0 -77100.59868836403 
42246.0 -35999.39938759804 
136658.0 -104031.59823024273 
37570.0 -31125.8994705081 
146459.0 -112237.99809062481 
48020.0 -43726.69925612211 
78674.0 -64573.698901474476 
91083.0 -74023.89874070883 
148487.0 -113188.19807446003 
24773.0 -14051.699760973454 
80146.0 -66439.09886974096 
105445.0 -83353.09858196974 
78000.0 -63488.79891991615 
100032.0 -80947.59862291813 
81901.0 -68020.29884284735 
179652.0 -129334.79779970646 
172160.0 -126490.09784811735 
169150.0 -123508.5978988409 
103266.0 -81492.19861364365 
162857.0 -120622.29794794321 
169965.0 -124489.89788216352 
200440.0 -133272.197732687 
196828.0 -132449.6977466941 
47067.0 -42872.399270653725 
99823.0 -79607.49864572287 
94205.0 -76598.69869691133 
75347.0 -62546.2989359498 
171981.0 -125451.99786579609 
185084.0 -131566.99776172638 
103826.0 -82318.19859957695 
33043.0 -25002.299574673176 
33891.0 -25170.299571812153 
31858.0 -23247.099604547024 
184979.0 -131548.79776203632 
74400.0 -62426.8989380002 
197669.0 -133123.79773521423 
42415.0 -37767.59935748577 
