25548.0 -14023.69976145029 
25548.0 -14023.69976145029 
202334.0 -133533.99772822857 
199172.0 -132781.49774104357 
192401.0 -132227.79775047302 
185131.0 -130659.49777716398 
154768.0 -116609.29801625013 
158610.0 -119413.09796851873 
84029.0 -69208.49882262945 
97693.0 -78565.99866342545 
190979.0 -130975.19777178764 
150870.0 -115058.19804263115 
179128.0 -129244.79780125618 
162746.0 -121190.99793827534 
109738.0 -86743.59852433205 
28143.0 -16163.499725043774 
175978.0 -127586.19782948494 
28547.0 -19405.399669885635 
107236.0 -84537.69856184721 
40013.0 -33816.59942471981 
37951.0 -32387.999449014664 
76605.0 -64205.89890772104 
81387.0 -66950.49886101484 
130901.0 -101046.29828101397 
139242.0 -105074.59821248055 
127188.0 -98549.89832347631 
100181.0 -79778.69864279032 
181133.0 -130382.59778189659 
33628.0 -25657.799563527107 
156557.0 -118367.99798631668 
142819.0 -109258.29814130068 
31396.0 -24706.899579703808 
60903.0 -53313.39909303188 
118704.0 -91939.79843592644 
52921.0 -47514.89919167757 
144498.0 -111160.09810894728 
133498.0 -102639.09825390577 
165110.0 -123898.09789222479 
41458.0 -35837.39939033985 
95219.0 -76480.09869891405 
59423.0 -51483.99912416935 
42286.0 -37401.09936374426 
128848.0 -100179.39829576015 
166874.0 -125193.39787018299 
102968.0 -80505.19863045216 
103829.0 -82274.39860033989 
30681.0 -22291.69962078333 
86342.0 -70302.59880399704 
54404.0 -48338.39917767048 
47955.0 -43088.69926697016 
116235.0 -90861.49845427275 
89256.0 -72417.79876804352 
74904.0 -61312.89895695448 
105810.0 -83539.19857883453 
45928.0 -40696.89930766821 
114400.0 -90127.59846675396 
122764.0 -93329.59841227531 
78734.0 -64334.69890552759 
50726.0 -44891.39923632145 
149223.0 -113988.99806082249 
29053.0 -21413.599635720253 
63814.0 -55229.19906044006 
112235.0 -89070.29848474264 
162903.0 -122753.99791169167 
57112.0 -49421.59915924072 
140742.0 -107170.29817682505 
37125.0 -30010.499489486217 
123736.0 -95440.99837636948 
120710.0 -93045.39841711521 
51671.0 -44977.499234855175 
88021.0 -71283.59878730774 
94210.0 -74109.29873925447 
111293.0 -87920.59850430489 
35069.0 -27661.79952943325 
126415.0 -96304.79836165905 
43817.0 -39250.39933228493 
65881.0 -56685.49903565645 
148281.0 -112477.79808652401 
26031.0 -15060.699743807316 
63012.0 -54304.19907617569 
69126.0 -59140.59899389744 
47106.0 -42602.1992752552 
58052.0 -50161.39914667606 
68770.0 -58137.19901096821 
141543.0 -107794.29816621542 
66644.0 -57243.69902616739 
91241.0 -73808.99874436855 
170165.0 -126226.19785261154 
136861.0 -104251.09822648764 
169436.0 -125955.99785721302 
74097.0 -61296.09895724058 
172719.0 -127110.59783756733 
94350.0 -75744.09871143103 
135539.0 -103047.49824696779 
71447.0 -60202.79897582531 
71873.0 -60249.69897502661 
44666.0 -39736.89932399988 
35631.0 -29701.099494755268 
80165.0 -66211.29887360334 
173118.0 -127291.19783449173 
