202897.0 -133545.19772803783 
202897.0 -133545.19772803783 
34683.0 -11587.099802911282 
108145.0 -84805.39855730534 
151703.0 -114353.9980546236 
78988.0 -65352.398888230324 
59333.0 -48203.29917997122 
51504.0 -38098.99935185909 
154041.0 -116997.09800964594 
155702.0 -118618.89798206091 
127187.0 -97934.59833395481 
91916.0 -73836.59874391556 
43155.0 -26547.09954839945 
41824.0 -23762.29959577322 
158842.0 -120583.69794863462 
66331.0 -54772.79906821251 
128827.0 -99820.69830185175 
149289.0 -112825.29808062315 
115075.0 -90743.19845628738 
76635.0 -62644.59893429279 
117525.0 -92410.89842790365 
94124.0 -75872.49870926142 
55625.0 -42946.89926940203 
43919.0 -28565.099514067173 
45044.0 -30802.899475991726 
198503.0 -132810.8977405429 
112234.0 -87693.09850817919 
178303.0 -128666.29781109095 
97356.0 -78003.19867300987 
122765.0 -94199.29839748144 
61894.0 -49327.79916083813 
64224.0 -51361.89912623167 
52655.0 -39836.99932229519 
137631.0 -105108.19821190834 
71793.0 -59837.398982048035 
54949.0 -40920.19930386543 
41030.0 -21773.999629616737 
170541.0 -125756.49786061049 
80984.0 -67081.99885880947 
49022.0 -35270.09939998388 
140534.0 -108048.39816188812 
85221.0 -68811.59882938862 
90348.0 -72287.99877023697 
113870.0 -89293.59848093987 
71288.0 -57364.399024128914 
139381.0 -106871.39818191528 
73127.0 -61299.298957169056 
68576.0 -57103.9990285635 
142845.0 -109525.9981367588 
100643.0 -78584.49866312742 
180867.0 -129740.39779281616 
88440.0 -71242.598788023 
35467.0 -15479.599736690521 
57252.0 -45230.8992305398 
189886.0 -131794.49775785208 
83236.0 -67470.49885219336 
86230.0 -70429.19880187511 
175260.0 -128394.69781571627 
182124.0 -130838.99777412415 
185398.0 -131118.99776935577 
193523.0 -132014.99775409698 
135908.0 -104120.89822870493 
95791.0 -76737.29869455099 
35028.0 -12582.099785983562 
146744.0 -112132.69809240103 
195135.0 -132589.6977443099 
38098.0 -17554.99970138073 
163289.0 -122823.99791049957 
167773.0 -125155.59787082672 
39619.0 -20109.199657917023 
48330.0 -32148.199453115463 
104046.0 -82194.59860169888 
124363.0 -96391.89836019278 
102420.0 -80864.9986243248 
36246.0 -16529.19971883297 
66560.0 -55815.39905047417 
187356.0 -131664.29776006937 
201691.0 -133386.29773074389 
131008.0 -100987.89828199148 
74962.0 -62540.69893604517 
165022.0 -123817.19789361954 
173431.0 -126259.09785205126 
104046.0 -82194.59860169888 
109904.0 -86756.59852409363 
131473.0 -101795.99826824665 
47495.0 -31531.19946360588 
38358.0 -19391.699670135975 
48759.0 -34921.499405920506 
145375.0 -111213.29810804129 
101695.0 -79813.29864221811 
162102.0 -121543.39793229103 
144792.0 -109925.69812995195 
56897.0 -45146.19923198223 
173598.0 -127331.09783381224 
123560.0 -96378.59836041927 
62896.0 -50944.699133336544 
166758.0 -124140.59788811207 
161126.0 -120841.9979442358 
120424.0 -93287.59841299057 
109897.0 -85615.9985435009 
