200456.0 -133553.59772789478 
23848.0 -8319.699858486652 
23848.0 -8319.699858486652 
200456.0 -133553.59772789478 
117204.0 -92163.79843211174 
77151.0 -63087.698926746845 
38674.0 -29604.899496376514 
114163.0 -90211.59846532345 
187677.0 -131660.0977601409 
178323.0 -128526.29781347513 
182052.0 -130397.29778164625 
85317.0 -69860.19881153107 
157927.0 -120285.8979536891 
29062.0 -11198.999809503555 
27366.0 -8568.199854254723 
79694.0 -65666.69888287783 
120807.0 -93568.29840821028 
102246.0 -81156.19861936569 
61612.0 -54344.799075484276 
133926.0 -103228.49824386835 
131454.0 -101447.79827415943 
82623.0 -67985.69884341955 
97066.0 -78852.29865854979 
99435.0 -80175.89863604307 
32654.0 -18528.29968482256 
45995.0 -39300.79933142662 
31835.0 -16690.899716079235 
155306.0 -118430.9979852438 
107512.0 -84211.19856739044 
93183.0 -75332.49871844053 
170686.0 -126590.49784642458 
148078.0 -113355.198071599 
60504.0 -52477.99910724163 
150807.0 -114769.49804753065 
168181.0 -125159.39787077904 
53925.0 -45645.99922347069 
136310.0 -104143.29822832346 
51817.0 -44609.69924110174 
36002.0 -23453.59960103035 
146889.0 -112072.49809342623 
196062.0 -132718.49774211645 
184945.0 -130764.09777539968 
33654.0 -21347.399636864662 
58565.0 -51060.19913136959 
160959.0 -121168.89793866873 
138358.0 -105435.79820632935 
73381.0 -62245.99894106388 
55046.0 -47733.99918794632 
43603.0 -35515.6993958354 
68668.0 -58905.79899787903 
42620.0 -33650.29942756891 
152732.0 -115493.59803521633 
47297.0 -41303.399297356606 
38185.0 -26144.599555253983 
90698.0 -73761.79874515533 
66799.0 -57898.199015021324 
64710.0 -55706.19905233383 
154080.0 -117368.79800331593 
139061.0 -107288.59817481041 
29894.0 -14750.599749088287 
193456.0 -132149.09775179625 
111525.0 -88316.79849755764 
125397.0 -98011.29833263159 
141463.0 -109295.39814066887 
87707.0 -71233.49878817797 
50346.0 -42848.89927107096 
42058.0 -31273.199468016624 
81129.0 -66738.6988646388 
37293.0 -25769.3995616436 
127926.0 -98030.8983322978 
29344.0 -13743.699766218662 
94961.0 -77314.09868472815 
72753.0 -61145.99895977974 
199713.0 -133077.59773600101 
166047.0 -124455.59788274765 
173936.0 -126629.39784574509 
122998.0 -94500.99839234352 
124518.0 -95810.2983700633 
104701.0 -82879.49859005213 
34548.0 -22396.29961901903 
140923.0 -108371.79815638065 
49243.0 -41910.59928703308 
45281.0 -36796.99937403202 
64848.0 -56816.39903342724 
163777.0 -121233.99793756008 
57964.0 -49129.39916419983 
130615.0 -99455.99830806255 
108237.0 -86334.8985312581 
143507.0 -111151.69810909033 
56518.0 -48841.99916911125 
175509.0 -127976.09782284498 
129786.0 -99065.09831470251 
104706.0 -83203.59858453274 
143603.0 -111265.79810714722 
94505.0 -76615.89869660139 
164899.0 -123571.19789779186 
89083.0 -71750.09877938032 
90059.0 -72740.89876252413 
164138.0 -122585.99791455269 
109453.0 -86338.3985311985 
