200669.0 -133440.89772981405 
27679.0 -17343.59970498085 
200669.0 -133440.89772981405 
27679.0 -17343.59970498085 
132858.0 -102067.89826363325 
126940.0 -98589.09832280874 
79743.0 -65775.89888101816 
139487.0 -106545.89818745852 
169008.0 -125322.49786800146 
135870.0 -104917.79821515083 
82773.0 -68071.39884197712 
163368.0 -122062.39792346954 
75989.0 -62929.09892946482 
101485.0 -81612.59861159325 
173094.0 -126761.99784350395 
59125.0 -51623.69912177324 
33254.0 -24007.599591612816 
57446.0 -50013.09914916754 
66550.0 -57864.89901560545 
88933.0 -72318.09876972437 
49418.0 -42939.599269509315 
31174.0 -22163.1996229887 
72977.0 -61512.79895353317 
183059.0 -130763.3977754116 
77848.0 -64335.69890552759 
181162.0 -129420.79779827595 
108186.0 -85391.9985473156 
91237.0 -73702.59874618053 
95995.0 -77957.99867379665 
93812.0 -76459.09869927168 
113383.0 -88888.99848783016 
52396.0 -45884.69921940565 
153772.0 -116309.39802134037 
30254.0 -20531.599650740623 
50904.0 -44968.099234998226 
34671.0 -25590.599564671516 
28371.0 -19073.899675548077 
140687.0 -108321.69815725088 
135468.0 -102978.49824815989 
195923.0 -132717.79774212837 
40134.0 -32623.099445044994 
61455.0 -53193.69909507036 
105298.0 -83420.49858087301 
37385.0 -30453.59948194027 
191987.0 -132313.89774900675 
166074.0 -123422.09790033102 
115053.0 -90333.3984632492 
87151.0 -70807.89879542589 
159164.0 -119181.69797247648 
54584.0 -47566.99919080734 
142630.0 -109312.49814039469 
93316.0 -74592.59873104095 
48237.0 -41241.499298393726 
112185.0 -87106.89851814508 
71560.0 -60433.7989718914 
110775.0 -86181.49853390455 
122594.0 -95088.99838232994 
55196.0 -48518.59917461872 
146896.0 -112307.6980894208 
36394.0 -28264.099519193172 
64447.0 -55787.399050951004 
190144.0 -131893.8977561593 
125088.0 -96372.99836051464 
156957.0 -117214.09800595045 
38729.0 -31498.299464166164 
46518.0 -40426.39931225777 
97951.0 -78892.09865790606 
198429.0 -132852.19773983955 
166829.0 -124402.39788365364 
62454.0 -54240.499077260494 
149654.0 -114170.29805773497 
35689.0 -27295.699535667896 
84719.0 -68667.79883182049 
85070.0 -70303.59880399704 
41510.0 -37081.8993691802 
148576.0 -113803.49806398153 
69568.0 -59387.69898968935 
161499.0 -120362.19795238972 
68702.0 -58640.79900240898 
44472.0 -38369.199347257614 
105844.0 -84210.79856741428 
40316.0 -35286.49939972162 
125686.0 -97143.29834741354 
157878.0 -117576.29799979925 
121867.0 -94153.39839828014 
46181.0 -38618.699343025684 
100447.0 -80597.99862885475 
98550.0 -80187.79863584042 
187047.0 -130871.89777356386 
146119.0 -111148.49810916185 
42008.0 -37910.99935507774 
177626.0 -129125.09780329466 
116748.0 -91247.19844770432 
187524.0 -131145.59776890278 
175205.0 -128083.19782102108 
152726.0 -114857.29804605246 
63668.0 -55551.199054956436 
161401.0 -119807.09796184301 
175176.0 -127234.49783545732 
177601.0 -128630.89781171083 
