202132.0 -133468.89772933722 
20650.0 -7032.799880385399 
202132.0 -133468.89772933722 
20650.0 -7032.799880385399 
35359.0 -29909.39949119091 
39129.0 -32576.599445819855 
57997.0 -51437.49912494421 
53962.0 -48841.69916909933 
22714.0 -8052.299863040447 
105510.0 -83826.89857393503 
40158.0 -35507.39939594269 
169905.0 -125735.79786098003 
63232.0 -54685.69906967878 
60153.0 -52885.69910031557 
110035.0 -84891.89855581522 
69309.0 -59664.19898498058 
87526.0 -70947.19879305363 
66725.0 -57679.099018752575 
84364.0 -69735.59881365299 
33534.0 -26871.899542868137 
117573.0 -92451.49842721224 
31837.0 -23657.29959756136 
92781.0 -76127.2987049222 
165719.0 -124239.9978864193 
194180.0 -131865.19775664806 
24546.0 -15100.199743151665 
187208.0 -131265.2977668643 
29453.0 -22094.599624156952 
123364.0 -95001.49838382006 
76166.0 -63816.69891434908 
27150.0 -18674.599682331085 
156185.0 -117063.59800851345 
129920.0 -100139.49829643965 
190813.0 -131433.99776399136 
147205.0 -110890.59811353683 
65843.0 -55911.299048841 
184471.0 -130211.09778481722 
89197.0 -72543.09876590967 
26692.0 -16076.29972654581 
42370.0 -37544.99936127663 
197443.0 -132581.29774445295 
49854.0 -45210.299230873585 
114938.0 -90821.59845495224 
81938.0 -66969.6988607049 
153629.0 -116058.79802560806 
24225.0 -11996.899795949459 
151698.0 -115073.99804234505 
113979.0 -89729.29847353697 
27951.0 -20742.999647140503 
48502.0 -43363.399262309074 
112058.0 -87762.0985069871 
129290.0 -97461.79834198952 
160574.0 -120802.79794490337 
96337.0 -76755.8986942172 
99787.0 -80281.59863424301 
46504.0 -42551.09927612543 
125973.0 -95992.59836697578 
132323.0 -100811.0982850194 
140418.0 -107047.09817892313 
45586.0 -40572.299309790134 
103154.0 -82376.59859859943 
173708.0 -127472.49783140421 
135735.0 -104563.2982211709 
148021.0 -113284.49807280302 
72636.0 -60045.59897851944 
80036.0 -64937.69889527559 
82269.0 -68530.59883415699 
101754.0 -81744.89860934019 
74875.0 -61848.39894783497 
32200.0 -26085.49955624342 
171710.0 -127097.29783779383 
148954.0 -114218.59805691242 
143957.0 -110669.39811730385 
134013.0 -102060.89826375246 
110994.0 -86816.09852308035 
143197.0 -107834.19816553593 
99244.0 -78645.79866206646 
200225.0 -132887.8977392316 
120908.0 -93952.59840166569 
165405.0 -123076.29790621996 
158582.0 -119063.39797449112 
176427.0 -128455.59781467915 
52283.0 -47169.79919755459 
96530.0 -78375.59866666794 
163589.0 -121589.89793151617 
120888.0 -92591.0984248519 
78645.0 -64787.19889783859 
127706.0 -96760.49835389853 
138489.0 -105418.29820662737 
134671.0 -103457.69823998213 
180800.0 -129086.59780395031 
182170.0 -129363.79779922962 
177306.0 -129055.79780447483 
158441.0 -118169.19798970222 
51703.0 -46363.499211251736 
45130.0 -38793.39934003353 
91422.0 -74305.29873591661 
143577.0 -109109.89814382792 
73445.0 -61290.19895732403 
24240.0 -12090.699794352055 
