203201.0 -133496.89772886038 
15090.0 -9188.6998437047 
203201.0 -133496.89772886038 
96358.0 -77803.69867640734 
56262.0 -49637.19915556908 
46239.0 -41056.69930154085 
38038.0 -36506.59937894344 
100156.0 -80582.89862912893 
176196.0 -129108.99780356884 
64419.0 -55116.49906235933 
41576.0 -38510.59934484959 
82373.0 -67495.6988517642 
182532.0 -129845.39779102802 
86317.0 -71165.5987893343 
66607.0 -57769.699017226696 
78722.0 -65520.3988853693 
48598.0 -44496.29924303293 
83389.0 -69291.79882121086 
53072.0 -48077.999182105064 
20094.0 -16995.39971089363 
106041.0 -84960.09855467081 
93986.0 -76602.89869683981 
16628.0 -12133.799793601036 
22171.0 -21782.099629461765 
156411.0 -119196.69797223806 
33391.0 -31813.699458777905 
44684.0 -39348.799330592155 
143392.0 -109500.09813719988 
71927.0 -61113.7989603281 
154733.0 -117383.09800308943 
165529.0 -123762.29789453745 
112352.0 -88811.29848915339 
29703.0 -30582.099479734898 
91551.0 -75055.9987231493 
88914.0 -72287.99877023697 
168063.0 -125276.6978687644 
59591.0 -51600.199122190475 
23201.0 -23697.199596881866 
51413.0 -46794.299203932285 
108731.0 -86310.99853169918 
200057.0 -132913.09773880243 
141045.0 -108306.29815751314 
152739.0 -116243.19802248478 
197328.0 -132451.09774667025 
109748.0 -87508.99851131439 
117451.0 -90024.69846850634 
74524.0 -62032.798944711685 
144984.0 -111197.49810832739 
183859.0 -130764.79777538776 
133605.0 -101779.09826856852 
126023.0 -98054.99833190441 
114002.0 -89989.69846910238 
124234.0 -96812.89835304022 
90303.0 -73783.09874480963 
162053.0 -121601.4979313016 
131462.0 -100796.39828526974 
193719.0 -131118.99776935577 
164638.0 -122197.89792114496 
146330.0 -112335.2980889678 
139810.0 -106949.79818058014 
36095.0 -33483.09943038225 
27330.0 -25157.99957203865 
105352.0 -82550.49859565496 
70165.0 -59453.49898856878 
118875.0 -91647.19844090939 
61459.0 -53854.799083828926 
18249.0 -15115.999742865562 
36549.0 -34142.09941917658 
128850.0 -98431.1983255148 
28043.0 -27788.89952725172 
26715.0 -23911.699593245983 
137281.0 -106358.29819065332 
50040.0 -45025.49923402071 
135934.0 -105324.09820824862 
75483.0 -63570.998918533325 
148541.0 -113300.89807254076 
130207.0 -99527.69830685854 
77084.0 -64480.59890305996 
150551.0 -115229.99803972244 
69013.0 -58639.39900243282 
122526.0 -95790.59837043285 
15848.0 -9586.599836945534 
159252.0 -120224.99795472622 
188820.0 -130966.09777194262 
173040.0 -126394.8978497386 
101955.0 -81703.89861005545 
194619.0 -131613.1977609396 
31504.0 -30785.799476265907 
119877.0 -92815.79842102528 
188308.0 -130765.897775352 
150283.0 -113814.99806380272 
159618.0 -121009.2979413867 
21035.0 -19290.599671840668 
27659.0 -27702.099528729916 
103502.0 -82224.9986011982 
21035.0 -19290.599671840668 
121157.0 -94871.19838607311 
175085.0 -127214.89783579111 
121118.0 -93678.09840637445 
134464.0 -103481.79823958874 
