14041.0 -9010.899846732616 
201549.0 -133520.69772845507 
201549.0 -133520.69772845507 
14041.0 -9010.899846732616 
22052.0 -18072.999692559242 
197193.0 -132945.29773825407 
108200.0 -84987.09855419397 
23577.0 -21547.299633443356 
111017.0 -87426.39851272106 
82107.0 -67570.1988505125 
75227.0 -61751.3989495039 
78031.0 -63883.89891320467 
36435.0 -34597.099411427975 
54876.0 -49151.3991638422 
98264.0 -78657.29866188765 
28632.0 -29246.19950246811 
38443.0 -37062.69936949015 
189786.0 -132253.69775003195 
152504.0 -116335.89802092314 
105163.0 -83182.19858491421 
121161.0 -93561.19840836525 
51002.0 -46110.09921556711 
26712.0 -26806.099543988705 
18622.0 -15112.499742925167 
58697.0 -50380.89914292097 
174875.0 -127888.19782435894 
172050.0 -126839.99784219265 
44245.0 -39469.49932855368 
53157.0 -47550.899191081524 
149701.0 -114207.29805713892 
117680.0 -92513.39842617512 
137341.0 -104214.29822713137 
164780.0 -121697.69792968035 
64307.0 -55818.19905042648 
17445.0 -11541.299803674221 
166672.0 -123931.9978916645 
31131.0 -30235.599485635757 
71758.0 -61010.89896208048 
177220.0 -129153.09780281782 
47446.0 -43804.39925479889 
34865.0 -32747.099442899227 
128219.0 -99231.59831190109 
24304.0 -24044.399590969086 
139774.0 -105208.29821020365 
95602.0 -76931.89869123697 
32841.0 -31747.899459898472 
134937.0 -102883.39824974537 
103024.0 -82206.79860150814 
70483.0 -59605.69898599386 
154371.0 -117400.89800280333 
162423.0 -121219.89793783426 
183375.0 -131007.6977712512 
16031.0 -11502.799804329872 
116666.0 -91005.99845182896 
79221.0 -65847.59887981415 
90279.0 -71994.69877523184 
186371.0 -131656.5977602005 
143043.0 -109739.79813313484 
113308.0 -88711.19849085808 
48248.0 -44729.39923906326 
169569.0 -125681.89786189795 
62681.0 -54380.49907487631 
60858.0 -53517.79908955097 
59300.0 -52053.099114477634 
92187.0 -74193.8987378478 
115233.0 -89361.09847980738 
66982.0 -57019.69902998209 
133681.0 -101733.99826931953 
26082.0 -24999.19957470894 
127198.0 -97165.99834704399 
140797.0 -108569.09815305471 
100301.0 -80251.09863477945 
147925.0 -112104.2980929017 
123336.0 -94870.49838608503 
140044.0 -107471.19817173481 
95017.0 -75800.39871048927 
159610.0 -120271.49795395136 
45811.0 -41055.199301600456 
180913.0 -129172.69780248404 
100938.0 -81079.49862068892 
18622.0 -15112.499742925167 
131686.0 -100605.99828851223 
41732.0 -38076.59935224056 
130844.0 -99898.99830055237 
168373.0 -124637.19787967205 
81149.0 -66590.59886717796 
86353.0 -70226.59880530834 
126265.0 -96212.29836326838 
145901.0 -111039.9981110096 
86353.0 -70226.59880530834 
92709.0 -74932.39872527122 
181561.0 -130051.49778753519 
201296.0 -133484.29772907495 
68745.0 -58104.99901151657 
123761.0 -95887.89836877584 
148903.0 -113139.1980752945 
156114.0 -118802.59797894955 
145845.0 -109986.89812892675 
40758.0 -38073.09935230017 
159198.0 -119497.2979671359 
