201249.0 -133487.79772901535 
30474.0 -12642.299784958363 
30474.0 -12642.299784958363 
201249.0 -133487.79772901535 
140807.0 -108600.99815249443 
52376.0 -44754.19923865795 
172444.0 -126266.39785194397 
189730.0 -132108.0977525115 
185304.0 -131478.79776322842 
139076.0 -105365.79820752144 
89147.0 -71307.99878692627 
91948.0 -74029.49874061346 
40594.0 -30114.39948773384 
111911.0 -87081.39851856232 
182421.0 -130011.99778819084 
167928.0 -124558.49788099527 
58161.0 -50885.8991343379 
42408.0 -32798.09944206476 
102111.0 -80126.49863690138 
113628.0 -89855.2984713912 
77828.0 -65230.598890304565 
32740.0 -16482.299719631672 
179697.0 -128664.19781112671 
97932.0 -79321.59865057468 
54711.0 -46885.599202394485 
50425.0 -42509.39927685261 
37379.0 -25846.3995603323 
143917.0 -109869.69813090563 
164502.0 -122331.49791890383 
79847.0 -66572.09886747599 
75850.0 -63115.99892628193 
131018.0 -100157.6982961297 
34381.0 -18367.299687564373 
69438.0 -59519.298987448215 
32300.0 -13691.199767112732 
60631.0 -52811.49910157919 
66922.0 -58060.89901226759 
129353.0 -98332.19832718372 
121420.0 -94443.19839334488 
43353.0 -34631.29941087961 
48315.0 -38274.29934889078 
176429.0 -128225.99781858921 
34504.0 -20755.899646937847 
197825.0 -133144.7977348566 
102786.0 -82315.69859963655 
115667.0 -90747.39845621586 
45389.0 -35744.599391937256 
174601.0 -127244.99783527851 
63921.0 -54331.49907571077 
82154.0 -67762.39884722233 
157325.0 -118688.19798088074 
87699.0 -69890.59881103039 
167269.0 -123147.29790502787 
36920.0 -23612.79959833622 
194035.0 -132573.59774458408 
35249.0 -22730.49961334467 
145600.0 -110844.39811432362 
56628.0 -48866.49916869402 
132629.0 -101569.19827210903 
109087.0 -86164.09853416681 
133944.0 -102485.09825652838 
93139.0 -75480.19871592522 
147217.0 -112051.49809378386 
74528.0 -62010.398945093155 
151120.0 -115803.99802994728 
136302.0 -104576.5982209444 
124939.0 -95660.09837263823 
72280.0 -59733.09898382425 
119195.0 -93146.1984153986 
73356.0 -60693.49896746874 
61669.0 -53826.099084317684 
104965.0 -83023.29858762026 
117304.0 -92083.29843348265 
159510.0 -119965.29795914888 
135813.0 -103613.79823732376 
95024.0 -76102.09870535135 
123196.0 -95458.89837604761 
65424.0 -55917.59904873371 
50090.0 -39709.5993244648 
39118.0 -27697.799528837204 
161654.0 -121491.19793319702 
126052.0 -97398.7983430624 
156042.0 -117709.99799752235 
150912.0 -113961.6980612874 
97357.0 -77640.99867916107 
39681.0 -27789.499527275562 
84054.0 -68309.398837924 
56163.0 -47802.19918680191 
105703.0 -84098.09856933355 
126842.0 -97839.79833555222 
195363.0 -132716.3977421522 
65450.0 -56945.49903124571 
96621.0 -76751.29869431257 
153872.0 -115941.19802761078 
50378.0 -40492.49931114912 
107173.0 -84751.49855822325 
148980.0 -112652.0980835557 
108403.0 -85198.49855059385 
149056.0 -113753.09806483984 
47078.0 -36801.899373948574 
