37090.0 -18113.59969186783 
200589.0 -133482.8977290988 
37090.0 -18113.59969186783 
194838.0 -132803.19774067402 
45369.0 -33851.899424135685 
184416.0 -130502.69777983427 
188735.0 -131865.19775664806 
39214.0 -23606.199598431587 
68845.0 -59493.39898788929 
124380.0 -96311.79836153984 
41147.0 -27387.399534106255 
155102.0 -118211.89798897505 
50368.0 -40188.299316346645 
162524.0 -121442.89793401957 
55318.0 -45340.79922866821 
84772.0 -68776.59882998466 
42844.0 -30522.899480760098 
179669.0 -129359.59779930115 
121101.0 -94550.29839152098 
129332.0 -99269.09831124544 
145312.0 -111159.3981089592 
168813.0 -124555.99788105488 
52430.0 -41624.6992918849 
88483.0 -71540.39878296852 
175250.0 -126871.89784163237 
56716.0 -48217.99917972088 
86793.0 -69625.9988155365 
165721.0 -123280.29790276289 
81806.0 -67263.99885571003 
143043.0 -109541.39813649654 
159247.0 -120007.9979584217 
40518.0 -25252.499570429325 
63574.0 -55616.29905384779 
101442.0 -79844.09864169359 
71509.0 -60982.19896256924 
131449.0 -100595.19828867912 
153354.0 -116661.79801535606 
112156.0 -88298.8984978795 
138486.0 -105435.39820635319 
199483.0 -133090.19773578644 
157433.0 -119792.39796209335 
47448.0 -35390.799397945404 
91614.0 -74718.99872887135 
136970.0 -103808.69823402166 
61718.0 -52579.499105513096 
171627.0 -125986.39785671234 
101921.0 -81869.79860723019 
96362.0 -77721.79867780209 
65661.0 -57333.99902462959 
75830.0 -63535.29891914129 
187925.0 -130823.99777436256 
67274.0 -57494.99902188778 
62278.0 -54705.299069345 
42081.0 -30302.39948451519 
103474.0 -82980.29858833551 
126410.0 -98411.99832582474 
176328.0 -128118.19782042503 
57566.0 -49201.099162995815 
93046.0 -75841.69870978594 
105369.0 -83765.29857498407 
95394.0 -76317.99870169163 
146836.0 -112541.79808545113 
59020.0 -50862.79913473129 
165492.0 -121531.09793251753 
75226.0 -61669.19895088673 
116540.0 -91177.49844890833 
48953.0 -36042.79938685894 
106411.0 -85141.79855155945 
79120.0 -65467.19888627529 
53313.0 -43729.49925607443 
141094.0 -108868.39814794064 
81561.0 -65724.39888191223 
37745.0 -20428.699652493 
59474.0 -52036.999114751816 
139138.0 -107049.19817888737 
179281.0 -128301.59781730175 
134833.0 -103326.09824222326 
125963.0 -97336.49834412336 
132500.0 -101898.1982665062 
170771.0 -125389.99786686897 
114841.0 -89386.69847935438 
37745.0 -20428.699652493 
73476.0 -61203.39895880222 
119648.0 -92071.69843369722 
98362.0 -79380.39864957333 
140033.0 -107946.19816362858 
151839.0 -115670.29803222418 
110699.0 -87497.79851150513 
109642.0 -86909.89852148294 
118239.0 -91350.79844594002 
133157.0 -102907.89824932814 
97563.0 -79356.59864997864 
53902.0 -44318.49924606085 
115385.0 -89411.19847893715 
90540.0 -72894.49875992537 
148191.0 -113322.29807215929 
49100.0 -38041.19935286045 
90447.0 -72606.49876481295 
77600.0 -64479.89890307188 
108369.0 -86005.89853686094 
