27388.0 -12694.499784052372 
203084.0 -133445.09772974253 
48719.0 -39841.499322235584 
32268.0 -20909.599644303322 
32067.0 -16145.299725353718 
124278.0 -96454.89835911989 
138916.0 -104882.49821573496 
50356.0 -43199.59926509857 
30432.0 -14695.699750006199 
194358.0 -133056.59773635864 
201784.0 -133202.89773386717 
140739.0 -107724.59816741943 
87281.0 -69728.5988137722 
43695.0 -34462.999413728714 
34899.0 -22026.39962530136 
170242.0 -126753.597843647 
109556.0 -86925.69852119684 
74495.0 -61978.998945593834 
153523.0 -117119.59800755978 
38438.0 -27748.199527978897 
105183.0 -83810.49857419729 
41702.0 -33319.59943318367 
85487.0 -67981.798843503 
72634.0 -60981.898962557316 
133960.0 -103317.3982423544 
113043.0 -88585.59849298 
159844.0 -120820.69794458151 
155870.0 -118286.09798771143 
56798.0 -49993.099149525166 
45722.0 -37087.499369084835 
168429.0 -124547.99788117409 
151783.0 -115409.89803665876 
92025.0 -74283.89873629808 
157958.0 -119465.1979676485 
88341.0 -72041.19877445698 
53496.0 -45214.0992308259 
119784.0 -92010.49843472242 
144661.0 -111506.89810305834 
37881.0 -26282.49955290556 
66661.0 -57625.19901967049 
79358.0 -65278.19888949394 
162437.0 -121814.99792766571 
135727.0 -104364.19822454453 
70413.0 -59210.9989926815 
164310.0 -122889.39790940285 
183639.0 -130917.79777276516 
100916.0 -80165.39863622189 
150871.0 -113595.59806752205 
90785.0 -72570.69876545668 
188419.0 -132549.7977449894 
39836.0 -30618.399479150772 
132936.0 -100822.3982847929 
193087.0 -132563.79774475098 
59783.0 -51914.49911683798 
104284.0 -82192.19860172272 
166581.0 -123896.29789227247 
60553.0 -53634.29908758402 
98460.0 -79005.89865595102 
116155.0 -91538.69844275713 
129799.0 -99633.39830505848 
143922.0 -109775.89813250303 
64482.0 -56460.09903949499 
102703.0 -80993.49862211943 
108609.0 -84839.69855672121 
81746.0 -66287.89887231588 
128362.0 -98160.69833010435 
82087.0 -67693.79884839058 
142550.0 -108604.49815243483 
93927.0 -75747.89871138334 
52152.0 -44227.49924761057 
69494.0 -58172.59901034832 
77048.0 -63741.09891563654 
122547.0 -95088.99838232994 
45173.0 -36901.99937224388 
177276.0 -129143.29780298471 
41092.0 -30645.699478685856 
57606.0 -51098.69913071394 
147297.0 -112633.49808388948 
172703.0 -127510.5978307724 
55258.0 -47326.89919489622 
62096.0 -54758.09906846285 
115081.0 -90858.69845432043 
113392.0 -89746.09847325087 
180862.0 -129945.49778932333 
120026.0 -94062.4983997941 
147571.0 -113459.79806983471 
36087.0 -24203.999588251114 
185716.0 -131523.99776244164 
174220.0 -127938.99782347679 
95580.0 -77777.09867686033 
132300.0 -99834.69830161333 
64294.0 -54901.99906599522 
176800.0 -128065.6978213191 
180285.0 -129675.99779391289 
96702.0 -78655.19866192341 
55258.0 -47326.89919489622 
95388.0 -76210.59870350361 
77821.0 -63828.59891414642 
36087.0 -24203.999588251114 
187588.0 -131599.59776115417 
