97388.0 -64923.49889546633 
0.0 -0.0 
97388.0 -64923.49889546633 
0.0 -0.0 
2746.0 -4055.599931001663 
46642.0 -36874.39937269688 
3727.0 -5876.19990003109 
44432.0 -35984.099387824535 
19970.0 -17259.6997063756 
89316.0 -63351.298922240734 
36705.0 -30051.49948877096 
17947.0 -15779.99973154068 
58359.0 -46546.499208152294 
31923.0 -27627.899529993534 
86735.0 -62884.79893016815 
12061.0 -12164.299793064594 
29758.0 -25223.89957088232 
37507.0 -31920.399456977844 
67503.0 -52330.29910975695 
50254.0 -40296.19931447506 
57923.0 -44726.59923911095 
13533.0 -12930.799780011177 
53783.0 -42856.999270915985 
71125.0 -54287.69907647371 
14188.0 -13936.999762892723 
79946.0 -59346.398990392685 
8000.0 -8526.599854946136 
26665.0 -23453.699600994587 
73757.0 -55514.399055600166 
23925.0 -21014.99964249134 
30671.0 -26540.499548494816 
71786.0 -54830.19906723499 
11158.0 -11185.399809718132 
59365.0 -47328.69919484854 
35441.0 -29577.59949684143 
52705.0 -41091.699300944805 
1552.0 -3363.999942779541 
24946.0 -21796.499629199505 
55436.0 -44016.49925118685 
95053.0 -64844.39889681339 
18182.0 -16577.599717974663 
90571.0 -64121.99890911579 
75437.0 -57140.09902793169 
26095.0 -22436.299618303776 
77145.0 -58476.69900518656 
74217.0 -56278.79904258251 
78186.0 -59208.898992717266 
85618.0 -62265.298940718174 
47355.0 -37977.59935390949 
38437.0 -32130.399453401566 
21544.0 -18214.799690127373 
81372.0 -60214.39897561073 
15395.0 -14832.599747657776 
9006.0 -9520.899838030338 
43058.0 -35368.09939831495 
48584.0 -38279.59934878349 
28339.0 -24026.599591255188 
93228.0 -64612.69890075922 
76211.0 -57764.09901732206 
65779.0 -51037.79913175106 
62982.0 -49167.1991635561 
63640.0 -50204.499145925045 
67368.0 -51172.19912946224 
52535.0 -40785.09930616617 
69418.0 -53261.59909391403 
56695.0 -44463.399243593216 
23298.0 -19834.499662578106 
60913.0 -47787.49918705225 
92086.0 -64319.39890575409 
54801.0 -42873.79927062988 
64660.0 -50506.199140787125 
34022.0 -28933.699507772923 
161.0 -1030.6999824643135 
10553.0 -10203.699826419353 
85034.0 -61287.79895734787 
69314.0 -53096.39909672737 
6799.0 -7893.499865710735 
1407.0 -2052.299965083599 
40815.0 -34028.69942110777 
28386.0 -24811.599577903748 
21544.0 -18214.799690127373 
6319.0 -7483.2998726964 
40140.0 -32858.69944101572 
42906.0 -34465.79941368103 
34022.0 -28933.699507772923 
23298.0 -19834.499662578106 
5020.0 -6437.899890482426 
62041.0 -48811.59916961193 
49303.0 -39195.79933321476 
31847.0 -26831.69954353571 
5074.0 -6936.999881982803 
687.0 -1777.1999697685242 
41611.0 -34275.79941689968 
61756.0 -48026.59918296337 
15395.0 -14832.599747657776 
49882.0 -39336.89933079481 
9872.0 -9822.599832892418 
83994.0 -60862.198964595795 
97032.0 -64912.99889564514 
40360.0 -32949.699439466 
