0.0 -0.0 
97388.0 -64923.49889546633 
97388.0 -64923.49889546633 
0.0 -0.0 
7963.0 -8651.199852824211 
10143.0 -9846.399832487106 
56127.0 -44302.79924631119 
36361.0 -29981.199489951134 
23591.0 -20411.29965275526 
25077.0 -21688.699631035328 
53808.0 -43432.39926111698 
87795.0 -63218.29892450571 
46911.0 -37860.69935590029 
3176.0 -4364.5999257564545 
46168.0 -36839.099373281 
14738.0 -14227.09975796938 
18072.0 -16126.099725663662 
965.0 -1312.399977684021 
1552.0 -3363.999942779541 
44342.0 -36167.79938471317 
56858.0 -45373.39922809601 
37313.0 -31161.29946988821 
11873.0 -10206.49982637167 
34419.0 -29266.499502122402 
90295.0 -63928.79891240597 
75890.0 -57807.899016559124 
78171.0 -57954.89901405573 
48418.0 -38821.399339556694 
13632.0 -12825.799781799316 
65970.0 -51470.799124360085 
39844.0 -33309.49943333864 
6753.0 -7929.899865090847 
57841.0 -46371.199211120605 
11962.0 -11788.099799454212 
16338.0 -15270.399740219116 
75202.0 -56833.899033129215 
78690.0 -59039.49899560213 
51054.0 -40389.999312877655 
70454.0 -54448.39907371998 
5990.0 -7014.69988065958 
85359.0 -62294.698940217495 
26086.0 -22476.199617624283 
63203.0 -49782.79915308952 
18774.0 -17012.599710583687 
22790.0 -19443.599669218063 
65442.0 -50311.29914408922 
20424.0 -18400.299686968327 
52208.0 -40855.49930495024 
22290.0 -18620.099683225155 
40645.0 -34316.39941620827 
4927.0 -6369.999891638756 
69679.0 -53612.999087929726 
27155.0 -23482.39960050583 
80991.0 -60953.198963046074 
41910.0 -34550.19941222668 
19927.0 -17570.499701082706 
38665.0 -32684.09944397211 
30976.0 -26067.699556529522 
1338.0 -2361.9999598264694 
60717.0 -47904.79918503761 
74323.0 -55975.39904773235 
38257.0 -31882.299457609653 
93051.0 -63951.89891201258 
89342.0 -63298.098923146725 
67399.0 -51996.09911543131 
34086.0 -28346.79951775074 
52802.0 -41849.09928804636 
32462.0 -28216.899519979954 
53110.0 -42594.19927537441 
68639.0 -53122.999096274376 
49574.0 -39776.49932330847 
61548.0 -48438.199175953865 
83973.0 -61992.298945367336 
59579.0 -47309.49919515848 
12701.0 -12553.499786436558 
73051.0 -55838.899050056934 
15954.0 -14656.899750649929 
59389.0 -46618.9992069006 
80250.0 -59948.398980140686 
93457.0 -64198.29890781641 
31269.0 -27098.399538993835 
82793.0 -61613.59895181656 
95033.0 -64658.89889997244 
72088.0 -54798.399067759514 
68526.0 -52133.29911309481 
3635.0 -5384.099908411503 
79866.0 -59672.59898483753 
32083.0 -27348.299534738064 
42681.0 -35466.7993966341 
82287.0 -61114.89896029234 
3737.0 -5939.899898946285 
95693.0 -64688.29889947176 
43059.0 -35690.099392831326 
28272.0 -24804.599578022957 
49082.0 -39492.999328136444 
29979.0 -25483.199566483498 
26508.0 -23453.699600994587 
72378.0 -55121.39906227589 
62412.0 -48980.29916673899 
28891.0 -25100.699572980404 
