0.0 -0.0 
98074.0 -64902.498895823956 
98074.0 -64902.498895823956 
0.0 -0.0 
31478.0 -27548.09953135252 
20809.0 -18374.3996874094 
23560.0 -19908.699661314487 
1654.0 -3919.7999333143234 
18282.0 -16518.79971897602 
12130.0 -11865.09979814291 
29807.0 -25656.799563527107 
10734.0 -10606.19981956482 
806.0 -1980.8999662995338 
13951.0 -12837.69978159666 
87695.0 -63180.49892514944 
50429.0 -40424.99931228161 
16722.0 -15506.299736201763 
20271.0 -17568.39970111847 
3075.0 -4925.999916195869 
67597.0 -52538.19910621643 
85011.0 -62380.79893875122 
9311.0 -9808.599833130836 
49075.0 -38990.79933667183 
51287.0 -41279.999297738075 
47192.0 -37485.499362289906 
38783.0 -32410.399448633194 
90578.0 -64023.99891078472 
61882.0 -49340.79916059971 
92596.0 -64167.49890834093 
70751.0 -54198.19907796383 
71794.0 -55028.69906383753 
3782.0 -5951.09989875555 
14422.0 -14204.69975835085 
43268.0 -35667.699393212795 
57412.0 -45259.29923003912 
53471.0 -41448.99929487705 
15401.0 -14776.59974861145 
32791.0 -28334.499517977238 
27684.0 -23429.8996013999 
6475.0 -7901.899865567684 
48018.0 -38843.099339187145 
88623.0 -63783.8989148736 
59165.0 -46412.49921041727 
8655.0 -8770.199850797653 
26091.0 -23048.399607896805 
40386.0 -33986.699421823025 
56016.0 -44152.29924887419 
28809.0 -24037.799591064453 
54060.0 -43337.89926272631 
66520.0 -51697.899120509624 
91.0 -1045.399982213974 
44202.0 -36395.99938082695 
42160.0 -34871.49940675497 
24885.0 -21392.29963606596 
25292.0 -22347.399619817734 
60635.0 -48713.59917128086 
78437.0 -59660.69898504019 
75050.0 -57072.59902906418 
23895.0 -20783.999646425247 
68720.0 -53609.49908798933 
5406.0 -6951.699881732464 
57430.0 -46084.199216008186 
7727.0 -8176.599860906601 
28890.0 -25240.699570596218 
53525.0 -42642.49927455187 
33951.0 -28702.69951170683 
59539.0 -47383.69919389486 
72459.0 -55982.399047613144 
96889.0 -64642.79890024662 
64768.0 -50933.89913350344 
84613.0 -61891.49894708395 
63166.0 -50043.19914865494 
35885.0 -30158.29948693514 
55383.0 -43987.799251675606 
80280.0 -60498.89897078276 
94320.0 -64486.69890290499 
5259.0 -6384.699891388416 
41441.0 -34376.89941519499 
79774.0 -59977.79897964001 
60032.0 -48113.399181485176 
77053.0 -58886.89899820089 
36482.0 -30930.999473810196 
64054.0 -50115.99914741516 
45384.0 -36774.69937437773 
69170.0 -53836.99908411503 
74291.0 -56473.09903925657 
65782.0 -51194.29912906885 
45762.0 -37304.899365365505 
81525.0 -60918.19896364212 
76889.0 -57506.89902168512 
95131.0 -64581.19890129566 
37348.0 -31181.599469542503 
39373.0 -33097.39943695068 
83010.0 -61487.998953938484 
35013.0 -29139.79950428009 
73399.0 -56239.29904323816 
77776.0 -58919.09899765253 
76878.0 -57131.69902807474 
35594.0 -29328.49950104952 
37348.0 -31181.599469542503 
