0.0 -0.0 
97388.0 -64923.49889546633 
0.0 -0.0 
97388.0 -64923.49889546633 
93585.0 -64658.89889997244 
3730.0 -4306.499926745892 
1552.0 -3363.999942779541 
61813.0 -49001.29916638136 
10775.0 -10801.49981623888 
4622.0 -5769.799901843071 
9567.0 -9419.399839758873 
73688.0 -56588.19903731346 
47226.0 -37984.199353814125 
13233.0 -12895.799780607224 
35925.0 -29864.29949194193 
7706.0 -7689.799869179726 
55625.0 -43386.89926189184 
84027.0 -61937.99894630909 
48896.0 -39106.299334704876 
90631.0 -64092.59890961647 
72038.0 -55546.99905502796 
69878.0 -53987.79908156395 
752.0 -2073.9999647140503 
85658.0 -62460.19893741608 
17707.0 -15931.899728953838 
58423.0 -45417.09922736883 
23684.0 -20662.899648487568 
31451.0 -27422.799533486366 
64200.0 -49761.09915345907 
37441.0 -31053.099471747875 
22786.0 -19382.699670255184 
19560.0 -17344.399704933167 
20277.0 -18383.49968725443 
8443.0 -8609.199853539467 
54105.0 -42805.89927178621 
44684.0 -36725.299375236034 
43801.0 -35872.399389743805 
46481.0 -37044.89936977625 
69117.0 -52804.89910167456 
80315.0 -60349.798973321915 
29340.0 -24384.999585151672 
33127.0 -28472.399515628815 
96506.0 -64789.098897755146 
75459.0 -56955.299031078815 
26531.0 -22501.39961719513 
21450.0 -19094.999675154686 
82562.0 -61059.898961246014 
18532.0 -16533.49971872568 
50238.0 -40560.79930996895 
27787.0 -24217.699588000774 
34759.0 -29257.099502265453 
94.0 -1049.5999821424484 
30709.0 -26874.399542808533 
87422.0 -62951.598929047585 
27272.0 -23164.59960591793 
56501.0 -44717.89923924208 
52999.0 -42177.699282467365 
51372.0 -41205.099299013615 
24927.0 -22007.199625611305 
65868.0 -50681.89913779497 
49886.0 -39583.99932658672 
76051.0 -57756.79901742935 
58694.0 -47055.39919948578 
68554.0 -52008.299115240574 
38293.0 -32516.399446845055 
78731.0 -59311.39899098873 
14188.0 -13936.999762892723 
16039.0 -14936.199745893478 
42327.0 -33421.49943143129 
81388.0 -61028.398961782455 
77144.0 -58739.19900071621 
24610.0 -21377.5996363163 
16039.0 -14936.199745893478 
79343.0 -59549.398986935616 
52516.0 -41452.19929480553 
6002.0 -6677.299886405468 
60538.0 -48076.999182105064 
64443.0 -50438.299141943455 
38234.0 -31466.799464702606 
66104.0 -51691.59912061691 
59072.0 -47278.699195683 
57317.0 -44755.69923859835 
67061.0 -51890.39911723137 
6002.0 -6677.299886405468 
42396.0 -34922.899405896664 
11948.0 -11783.899799525738 
29622.0 -25831.099560558796 
42652.0 -35120.99940252304 
33592.0 -28827.299509584904 
11948.0 -11783.899799525738 
71320.0 -54642.99907040596 
39466.0 -32930.39943981171 
41487.0 -33312.29943329096 
60469.0 -47864.19918572903 
29965.0 -25857.6995601058 
39956.0 -33222.69943481684 
88267.0 -63274.998923540115 
76607.0 -58524.299004375935 
14188.0 -13936.999762892723 
90373.0 -63417.09892112017 
