0.0 -0.0 
97388.0 -64923.49889546633 
97388.0 -64923.49889546633 
0.0 -0.0 
89613.0 -63620.79891765118 
59998.0 -47483.39919221401 
50775.0 -40862.79930484295 
42814.0 -34930.29940575361 
66480.0 -51684.59912073612 
75487.0 -56846.49903291464 
28521.0 -24871.799576878548 
12903.0 -11158.099810183048 
1237.0 -2373.8999596238136 
57981.0 -46333.69921177626 
10865.0 -10692.299818098545 
40563.0 -33550.99942922592 
86115.0 -63018.098927915096 
44462.0 -36433.09938019514 
6475.0 -7901.899865567684 
61834.0 -48451.79917573929 
7813.0 -8474.799855828285 
46785.0 -37064.49936944246 
30079.0 -25908.099559247494 
38764.0 -32656.799444437027 
56052.0 -44968.099234998226 
18574.0 -16150.59972524643 
16938.0 -15601.499734580517 
339.0 -1049.5999821424484 
16151.0 -14552.599752426147 
21866.0 -19155.199674129486 
48174.0 -38012.19935333729 
5074.0 -6936.999881982803 
20617.0 -18430.399686455727 
73256.0 -55866.19904959202 
13130.0 -12897.89978057146 
41124.0 -34601.99941134453 
82885.0 -61215.698958575726 
27143.0 -24109.899589836597 
53032.0 -42797.19927191734 
31654.0 -27590.799530625343 
30854.0 -26590.19954764843 
65618.0 -50893.99913418293 
37938.0 -30663.29947835207 
3053.0 -4960.999915599823 
57597.0 -45537.49922531843 
25465.0 -21898.69962745905 
14395.0 -14180.89975875616 
55000.0 -44036.09925085306 
68190.0 -53002.999098300934 
2378.0 -3403.199942111969 
64292.0 -50430.599142074585 
8977.0 -9508.299838244915 
38245.0 -31831.099458515644 
26867.0 -23161.099605977535 
63186.0 -49956.39915013313 
9673.0 -9780.599833607674 
92180.0 -63907.798912763596 
49911.0 -40275.89931482077 
62465.0 -49126.199164271355 
69837.0 -53468.09909039736 
78531.0 -59723.698983967304 
35899.0 -30017.599489331245 
80201.0 -60078.59897792339 
33292.0 -28212.69952005148 
49440.0 -39346.69933062792 
19496.0 -17123.19970870018 
26493.0 -21999.499625742435 
94379.0 -64777.89889794588 
45141.0 -36759.99937462807 
48798.0 -38805.299339830875 
77380.0 -58923.298997581005 
4346.0 -5522.699906051159 
70410.0 -54051.199080467224 
96497.0 -64910.898895680904 
14225.0 -13213.899775207043 
81651.0 -61070.09896105528 
85822.0 -62709.398933172226 
19780.0 -17553.69970136881 
71199.0 -54715.099069178104 
76235.0 -58172.19901037216 
2785.0 -3905.799933552742 
36456.0 -30317.899484217167 
72435.0 -54727.69906896353 
80795.0 -60498.19897079468 
24247.0 -20849.0996453166 
4736.0 -5994.499898016453 
34326.0 -29255.699502289295 
75847.0 -57932.4990144372 
34543.0 -29261.999502182007 
84508.0 -62001.398945212364 
22904.0 -20017.899659454823 
93568.0 -64683.398899555206 
32562.0 -28211.9995200634 
72485.0 -55857.79904973507 
53032.0 -42797.19927191734 
84508.0 -62001.398945212364 
24247.0 -20849.0996453166 
78338.0 -58946.398997187614 
54315.0 -42962.699269115925 
68252.0 -53114.999096393585 
