0.0 -0.0 
97388.0 -64923.49889546633 
97388.0 -64923.49889546633 
0.0 -0.0 
34436.0 -29187.099503457546 
4038.0 -5041.499914228916 
26719.0 -23346.59960281849 
60996.0 -48166.599180579185 
30721.0 -26817.699543774128 
49902.0 -40502.699310958385 
95874.0 -64834.598896980286 
81647.0 -61334.99895656109 
55182.0 -44112.39924955368 
12197.0 -11517.89980405569 
62245.0 -49511.89915770292 
53928.0 -43014.499268233776 
37649.0 -31773.39945948124 
36750.0 -30706.299477636814 
19942.0 -18122.399691700935 
19179.0 -16733.299715340137 
13556.0 -11891.699797689915 
16927.0 -15268.299740254879 
6598.0 -7851.499866425991 
68524.0 -53438.69909089804 
69816.0 -54106.79907953739 
92765.0 -64468.49890321493 
35726.0 -29780.59949338436 
9133.0 -9784.099833548069 
74524.0 -55928.499048531055 
76566.0 -58253.399008989334 
43627.0 -36017.99938726425 
23351.0 -19997.59965980053 
17760.0 -16305.999722599983 
13766.0 -13665.399767518044 
67617.0 -52488.49910706282 
46259.0 -37145.29936808348 
44990.0 -36408.899380624294 
40350.0 -33855.09942406416 
42410.0 -35135.6994022727 
32107.0 -28076.59952235222 
25826.0 -22100.9996240139 
24433.0 -20779.799646496773 
22305.0 -19216.099673092365 
15442.0 -14714.999749660492 
21457.0 -18488.49968546629 
1155.0 -2665.099954664707 
41421.0 -34639.39941072464 
57192.0 -45909.8992189765 
59678.0 -47517.69919162989 
78537.0 -59493.39898788929 
77496.0 -59233.698992311954 
4974.0 -6850.899883449078 
1989.0 -3906.499933540821 
38930.0 -32539.199446439743 
70746.0 -55039.499063670635 
2979.0 -4345.69992607832 
8435.0 -8945.8998478055 
88459.0 -63494.098919808865 
28255.0 -24253.699587404728 
51068.0 -41448.69929486513 
85012.0 -62370.298938930035 
8097.0 -8003.3998638391495 
75055.0 -57457.89902251959 
79979.0 -60426.09897202253 
66424.0 -51917.999116778374 
39523.0 -33042.799437880516 
29328.0 -24752.799578905106 
90316.0 -63878.398913264275 
24762.0 -21839.899628460407 
91849.0 -64437.69890373945 
83431.0 -61622.398951649666 
47396.0 -37713.69935840368 
52709.0 -42451.39927780628 
58279.0 -46545.099208176136 
14416.0 -14260.699757397175 
86539.0 -63284.79892337322 
51788.0 -42252.599281191826 
63465.0 -49862.59915173054 
5029.0 -6925.799882173538 
48378.0 -38581.29934364557 
32107.0 -28076.59952235222 
10453.0 -10609.699819505215 
86336.0 -62800.398931622505 
59107.0 -46802.699203789234 
79887.0 -60222.398975491524 
30343.0 -25603.599564433098 
56296.0 -44909.299235999584 
75582.0 -57511.79902160168 
84358.0 -61746.99894952774 
1452.0 -2821.899951994419 
71949.0 -55191.399061083794 
10453.0 -10609.699819505215 
50454.0 -40753.99930667877 
64162.0 -50326.99914383888 
126.0 -1049.5999821424484 
89727.0 -63596.29891806841 
72972.0 -55845.199049949646 
56474.0 -45098.29923278093 
48378.0 -38581.29934364557 
48199.0 -38067.499352395535 
