0.0 -0.0 
97388.0 -64923.49889546633 
0.0 -0.0 
97388.0 -64923.49889546633 
18298.0 -16387.899721205235 
3046.0 -4276.3999272584915 
93411.0 -64721.898898899555 
3737.0 -5939.899898946285 
53771.0 -42964.79926908016 
24438.0 -21206.099639236927 
36174.0 -30324.4994841218 
6756.0 -7598.799870729446 
32494.0 -27791.699527204037 
5074.0 -6936.999881982803 
35056.0 -29222.39950287342 
31004.0 -26519.499548852444 
47350.0 -38361.499347388744 
1600.0 -3300.2999438643456 
52433.0 -42092.29928392172 
72000.0 -54580.69907146692 
37430.0 -31368.499466359615 
23311.0 -19888.399661660194 
51018.0 -41347.199296593666 
1314.0 -1966.8999665379524 
89063.0 -63447.898920595646 
73493.0 -55716.3990521431 
9170.0 -9741.399834275246 
67753.0 -51555.79912292957 
33662.0 -28444.399516105652 
59477.0 -47236.69919639826 
60649.0 -47946.09918433428 
66406.0 -50805.79913568497 
25822.0 -21960.999626398087 
58137.0 -46542.29920822382 
48676.0 -39343.19933068752 
11806.0 -11443.69980531931 
39561.0 -32849.99944114685 
38351.0 -32293.49945062399 
87517.0 -62985.89892846346 
97070.0 -64737.998898625374 
125.0 -1049.5999821424484 
78661.0 -58862.69899863005 
28593.0 -24742.999579072 
46780.0 -37137.59936821461 
45577.0 -36777.799374341965 
15924.0 -14992.899744927883 
82282.0 -61225.49895840883 
22224.0 -19332.29967111349 
21521.0 -18485.699685513973 
91182.0 -63757.998915314674 
57889.0 -45271.199229836464 
56568.0 -45000.29923444986 
27501.0 -24019.599591374397 
68551.0 -52545.19910609722 
80071.0 -59543.79898703098 
76630.0 -57063.79902923107 
55547.0 -43971.69925194979 
50520.0 -40067.99931836128 
63286.0 -49907.3991509676 
14627.0 -13870.499764025211 
70552.0 -54254.499077022076 
91528.0 -64394.99890446663 
20237.0 -18064.99969267845 
61790.0 -48762.599170446396 
75519.0 -56514.69903856516 
12933.0 -12261.599791407585 
15924.0 -14992.899744927883 
81455.0 -60592.69896918535 
14627.0 -13870.499764025211 
40382.0 -33843.199424266815 
44243.0 -36120.899385511875 
7841.0 -8798.199850320816 
74632.0 -56027.499046862125 
62588.0 -49069.19916522503 
29317.0 -25629.499563992023 
10514.0 -10457.799822092056 
26633.0 -22797.799612164497 
29948.0 -25948.69955855608 
70214.0 -53311.999093055725 
43038.0 -35127.99940240383 
80367.0 -60245.49897509813 
85697.0 -62380.39893877506 
83928.0 -62006.29894512892 
50239.0 -39386.599329948425 
77139.0 -57943.999014258385 
12933.0 -12261.599791407585 
77780.0 -58246.39900910854 
83847.0 -61649.99895119667 
68978.0 -53299.3990932703 
11248.0 -10464.799821972847 
8229.0 -8803.799850225449 
86160.0 -62487.49893695116 
19740.0 -17235.19970679283 
19090.0 -17015.399710536003 
65207.0 -50192.29914611578 
27493.0 -22911.899610221386 
44197.0 -35501.3993960619 
55947.0 -43994.7992515564 
42530.0 -34622.9994109869 
64924.0 -49985.799149632454 
