0.0 -0.0 
97388.0 -64923.49889546633 
97388.0 -64923.49889546633 
0.0 -0.0 
82918.0 -61413.398955225945 
1025.0 -3015.799948692322 
16331.0 -15219.999741077423 
14169.0 -13698.29976695776 
85357.0 -62455.29893749952 
67506.0 -51990.7991155386 
12684.0 -10863.799815177917 
339.0 -1049.5999821424484 
23793.0 -21098.99964106083 
11236.0 -10725.199817538261 
94607.0 -64814.99889731407 
65738.0 -51250.999128103256 
5074.0 -6936.999881982803 
50487.0 -40343.09931367636 
2401.0 -4010.7999317646027 
3108.0 -5035.899914324284 
26103.0 -22281.5996209383 
51838.0 -41666.39929115772 
38972.0 -32907.699440181255 
4400.0 -6021.799897551537 
23498.0 -20331.499654114246 
6698.0 -7937.599864959717 
48669.0 -38791.599340081215 
75865.0 -57163.1990275383 
92603.0 -64534.99890208244 
19212.0 -16266.799723267555 
19685.0 -17369.599704504013 
17384.0 -15882.199729800224 
20472.0 -18418.499686658382 
91247.0 -63993.19891130924 
30475.0 -26695.19954586029 
86885.0 -62682.4989336133 
74374.0 -56562.999037742615 
72738.0 -54958.99906504154 
34881.0 -29096.799504995346 
54293.0 -42769.19927239418 
33821.0 -28217.99951994419 
54977.0 -43448.4992608428 
68589.0 -53133.49909609556 
55622.0 -44677.59923994541 
49624.0 -39715.89932435751 
88568.0 -63164.39892542362 
52604.0 -42211.99928188324 
40066.0 -33807.49942487478 
73480.0 -55904.69904893637 
81241.0 -60857.29896467924 
89352.0 -63788.098914802074 
78035.0 -57191.19902706146 
31949.0 -27074.599539399147 
22686.0 -18650.199682712555 
58071.0 -46633.2992066741 
57737.0 -45644.59922349453 
43553.0 -35118.199402570724 
28630.0 -24586.199581742287 
37679.0 -32140.199453234673 
32452.0 -27918.39952504635 
64560.0 -50399.799142599106 
56658.0 -45101.09923273325 
62844.0 -49615.499155938625 
71788.0 -54191.49907809496 
69738.0 -53295.89909332991 
36556.0 -30134.49948734045 
8435.0 -8945.8998478055 
70760.0 -53961.899082005024 
45571.0 -37227.19936668873 
78820.0 -59657.19898509979 
27484.0 -23318.599603295326 
8097.0 -8003.3998638391495 
35893.0 -29662.699495375156 
29693.0 -25695.299562871456 
59641.0 -46867.79920268059 
47335.0 -38103.19935178757 
42166.0 -35067.79940342903 
62146.0 -48935.49916750193 
61320.0 -48528.799174427986 
27602.0 -24065.099590599537 
13876.0 -12667.599784493446 
37378.0 -30940.099473655224 
9184.0 -9545.399837613106 
26640.0 -22496.499617278576 
78053.0 -58316.09900790453 
60396.0 -48053.199182510376 
63911.0 -50087.29914790392 
44191.0 -36160.79938483238 
78650.0 -58731.49900084734 
13876.0 -12667.599784493446 
80279.0 -59860.8989816308 
29686.0 -25084.199573278427 
44697.0 -36229.39938366413 
22264.0 -18615.1996833086 
59650.0 -47705.99918842316 
9184.0 -9545.399837613106 
80549.0 -60326.698973715305 
41654.0 -34275.79941689968 
45536.0 -37068.99936938286 
47422.0 -38113.69935160875 
