0.0 -0.0 
97388.0 -64923.49889546633 
97388.0 -64923.49889546633 
0.0 -0.0 
5404.0 -6896.399882674217 
7676.0 -7968.399864435196 
19239.0 -17253.399706482887 
30449.0 -26002.59955763817 
39953.0 -33474.6994305253 
23614.0 -19949.299660623074 
917.0 -2031.299965441227 
53595.0 -42632.2992747426 
48923.0 -38788.7993401289 
26741.0 -22695.599613904953 
95828.0 -64838.79889690876 
3126.0 -4912.699916422367 
27224.0 -24176.39958870411 
18030.0 -16098.0997261405 
58246.0 -46259.89921301603 
54631.0 -43654.59925734997 
33400.0 -28655.099512517452 
56510.0 -44022.09925109148 
59437.0 -47091.09919887781 
20645.0 -18118.89969176054 
76902.0 -58377.99900686741 
66200.0 -50413.499142348766 
52271.0 -41718.499290287495 
10803.0 -10708.399817824364 
63976.0 -50248.59914517403 
47255.0 -38107.09935170412 
63014.0 -49539.19915723801 
16617.0 -15579.799734950066 
31668.0 -27681.799529075623 
41330.0 -34162.39941883087 
1654.0 -3919.7999333143234 
28568.0 -24906.099576294422 
46283.0 -37565.999360919 
78116.0 -59334.49899059534 
79713.0 -60549.99896991253 
8374.0 -8806.599850177765 
49734.0 -39950.399320364 
34831.0 -29314.09950131178 
61565.0 -48896.99916815758 
81876.0 -60595.49896913767 
804.0 -948.0999838709831 
91737.0 -63893.098913013935 
36648.0 -30464.499481737614 
25037.0 -22156.999623060226 
89901.0 -63701.29891628027 
41933.0 -35029.99940407276 
88864.0 -63203.59892475605 
38308.0 -32574.899445831776 
84835.0 -62108.79894340038 
73208.0 -55729.29905194044 
92647.0 -64614.09890073538 
69937.0 -54218.79907763004 
50989.0 -41284.19929766655 
71803.0 -55348.899058401585 
21928.0 -18687.999682068825 
86997.0 -62649.198934197426 
67882.0 -52272.199110746384 
69223.0 -53507.999089717865 
22705.0 -19166.39967393875 
14774.0 -13579.999768972397 
71037.0 -54750.09906858206 
35397.0 -30006.6994895339 
29993.0 -25184.299571573734 
74526.0 -56037.69904667139 
79058.0 -59722.998983979225 
14196.0 -12849.599781394005 
11907.0 -11433.199805498123 
45193.0 -36675.2993760705 
74817.0 -56964.7990309 
50270.0 -40607.29930919409 
60780.0 -47800.49918681383 
11907.0 -11433.199805498123 
69091.0 -52384.199108839035 
31920.0 -27943.599524617195 
9776.0 -9778.499833643436 
66620.0 -51627.89912170172 
43198.0 -35476.59939646721 
3782.0 -5951.09989875555 
4622.0 -5957.399898648262 
14774.0 -13579.999768972397 
45193.0 -36675.2993760705 
9088.0 -9772.899833738804 
37886.0 -32303.299450457096 
14196.0 -12849.599781394005 
87466.0 -62773.09893208742 
82869.0 -61097.69896060228 
83680.0 -61181.69895917177 
43198.0 -35476.59939646721 
57406.0 -45094.09923285246 
16617.0 -15579.799734950066 
76153.0 -57468.79902231693 
84307.0 -61916.29894667864 
57406.0 -45094.09923285246 
24831.0 -21345.399636864662 
61561.0 -47844.59918606281 
37058.0 -31527.399463653564 
