0.0 -0.0 
97388.0 -64923.49889546633 
97388.0 -64923.49889546633 
0.0 -0.0 
27446.0 -24215.599588036537 
90810.0 -64087.69890969992 
993.0 -2029.8999654650688 
41392.0 -34381.49941509962 
6367.0 -7498.699872434139 
94077.0 -64778.59889793396 
1699.0 -3930.9999331235886 
34317.0 -29282.2995018363 
39731.0 -33156.899435937405 
21972.0 -18595.599683642387 
36630.0 -30188.39948642254 
84991.0 -62153.29894262552 
12977.0 -11707.599800825119 
16453.0 -14882.999746799469 
39267.0 -32197.999452233315 
89652.0 -63571.09891849756 
19747.0 -17640.499699890614 
78190.0 -58899.49899798632 
45924.0 -36944.79937148094 
68065.0 -52753.799102544785 
73468.0 -55885.09904927015 
22570.0 -19739.69966417551 
14560.0 -12866.699781119823 
64884.0 -50550.299140036106 
63915.0 -49756.19915354252 
72535.0 -55059.49906331301 
67413.0 -51732.1991199255 
62502.0 -49251.19916212559 
66613.0 -50850.89913493395 
44857.0 -36242.39938342571 
54759.0 -43484.19926023483 
28938.0 -25000.599574685097 
74802.0 -56505.59903872013 
42716.0 -35019.199404239655 
37603.0 -31374.099466264248 
5019.0 -6862.099883258343 
94.0 -1049.5999821424484 
43888.0 -35492.69939619303 
80051.0 -59052.098995387554 
17842.0 -16243.699723660946 
87027.0 -62775.59893202782 
25242.0 -21441.999635219574 
3504.0 -4100.399930238724 
60329.0 -47228.99919652939 
7872.0 -8765.2998508811 
81619.0 -60066.29897814989 
57990.0 -45912.699218928814 
30605.0 -25871.699559867382 
49439.0 -40099.49931782484 
57392.0 -44968.099234998226 
53434.0 -42547.999276161194 
50418.0 -40671.39930808544 
75716.0 -57170.59902739525 
20477.0 -17641.199699878693 
32697.0 -27986.999523878098 
51354.0 -41283.49929767847 
10916.0 -10874.299814999104 
34036.0 -28224.599519848824 
95444.0 -64795.39889764786 
17842.0 -16243.699723660946 
9769.0 -9824.699832856655 
23676.0 -20416.899652659893 
56297.0 -44544.999242186546 
48888.0 -38552.89934414625 
13627.0 -12302.89979070425 
76957.0 -58116.599011301994 
31473.0 -26826.099543631077 
61280.0 -48642.599172472954 
83299.0 -60653.59896814823 
83625.0 -61765.49894922972 
25812.0 -22459.399617910385 
25812.0 -22459.399617910385 
70791.0 -54151.29907876253 
56133.0 -43548.19925916195 
71288.0 -54452.59907364845 
23951.0 -21109.499640882015 
7872.0 -8765.2998508811 
80829.0 -59784.59898293018 
60839.0 -48184.09918028116 
3842.0 -5042.899914205074 
47452.0 -37916.69935494661 
52862.0 -41470.39929449558 
46937.0 -37841.79935622215 
30398.0 -25036.99957406521 
32102.0 -27077.399539351463 
14757.0 -14465.799753904343 
49067.0 -39066.69933539629 
37483.0 -30659.499478399754 
9769.0 -9824.699832856655 
76183.0 -58026.299012839794 
69804.0 -53112.89909642935 
3842.0 -5042.899914205074 
59435.0 -46587.79920744896 
70024.0 -53203.89909487963 
58868.0 -46495.39920902252 
10916.0 -10874.299814999104 
