97388.0 -64923.49889546633 
0.0 -0.0 
0.0 -0.0 
97388.0 -64923.49889546633 
21017.0 -18426.89968651533 
75875.0 -58166.59901046753 
25037.0 -22156.999623060226 
53107.0 -42316.29928010702 
23910.0 -20311.499654471874 
6535.0 -7768.199867844582 
36319.0 -30903.699474275112 
5030.0 -6501.599889397621 
711.0 -1971.799966454506 
73971.0 -56618.99903678894 
11274.0 -9843.59983253479 
19401.0 -16736.499715268612 
92347.0 -64297.69890612364 
17394.0 -15749.89973205328 
65461.0 -50931.7991335392 
3030.0 -4914.799916386604 
50722.0 -41131.59930026531 
83950.0 -61539.39895308018 
78291.0 -59487.09898799658 
85668.0 -62331.39893960953 
48356.0 -39168.899333655834 
1654.0 -3919.7999333143234 
16420.0 -14438.0997543931 
82334.0 -61239.098958194256 
11579.0 -11645.99980187416 
26597.0 -22833.49961155653 
54174.0 -42952.89926928282 
29114.0 -25165.799571871758 
68742.0 -53139.099096000195 
57428.0 -45646.69922345877 
77749.0 -58417.19900619984 
3737.0 -5939.899898946285 
33174.0 -28587.89951366186 
9088.0 -9690.299835145473 
40049.0 -33823.5994246006 
45440.0 -36647.999376535416 
34407.0 -29351.599500656128 
35596.0 -29854.799492120743 
89076.0 -63438.79892075062 
30339.0 -26671.399546265602 
41312.0 -34228.89941769838 
28015.0 -24136.499589383602 
95399.0 -64604.99890089035 
1073.0 -2952.0999497771263 
31518.0 -27534.799531579018 
15457.0 -13842.79976451397 
13614.0 -12639.599784970284 
55617.0 -43693.09925669432 
13925.0 -13614.99976837635 
56721.0 -44725.19923913479 
49453.0 -40137.29931718111 
62770.0 -49374.699160039425 
22958.0 -19195.799673438072 
12289.0 -12247.599791646004 
7772.0 -8679.199852347374 
18674.0 -16458.59972000122 
30265.0 -25636.499563872814 
67536.0 -51804.99911868572 
46442.0 -37685.69935888052 
67349.0 -51753.19911956787 
27064.0 -23864.899594008923 
71297.0 -54255.899076998234 
59562.0 -46940.59920144081 
64100.0 -50506.899140775204 
32409.0 -27793.099527180195 
46442.0 -37685.69935888052 
43539.0 -35939.599388599396 
38020.0 -32229.099451720715 
60753.0 -47890.79918527603 
63369.0 -50153.39914679527 
87203.0 -63289.398923277855 
86658.0 -63032.498927652836 
44398.0 -36166.399384737015 
80964.0 -60426.79897201061 
80245.0 -60064.198978185654 
42223.0 -35087.399403095245 
8602.0 -8740.099851310253 
90694.0 -63737.69891566038 
50543.0 -40617.799309015274 
73149.0 -56355.09904128313 
73111.0 -55399.99905753136 
55792.0 -44331.49924582243 
23291.0 -19277.299672067165 
59910.0 -47724.19918811321 
42700.0 -35237.19940054417 
38020.0 -32229.099451720715 
39099.0 -32821.59944164753 
58379.0 -46560.499207913876 
48980.0 -39274.599331855774 
90847.0 -64114.998909235 
95675.0 -64660.2988999486 
61675.0 -48581.29917353392 
70244.0 -54113.0990794301 
71706.0 -55322.99905884266 
61900.0 -48760.49917048216 
39099.0 -32821.59944164753 
