0.0 -0.0 
17418.0 -11717.399800658226 
0.0 -0.0 
17418.0 -11717.399800658226 
549.0 -2049.499965131283 
2929.0 -3076.699947655201 
2976.0 -3962.4999325871468 
1777.0 -3000.399948954582 
321.0 -1048.8999821543694 
7802.0 -7783.599867582321 
9249.0 -8832.49984973669 
549.0 -2049.499965131283 
72.0 -1018.0999826788902 
6569.0 -6115.599895954132 
6738.0 -6746.599885225296 
4678.0 -4109.499930083752 
5928.0 -5989.599898099899 
1777.0 -3000.399948954582 
4725.0 -4995.2999150156975 
7733.0 -7026.599880456924 
3617.0 -4088.4999304413795 
9180.0 -8075.499862611294 
2081.0 -3061.2999479174614 
4684.0 -4383.499925434589 
11901.0 -9812.799833059311 
5792.0 -5455.499907195568 
14112.0 -10839.999815583229 
10566.0 -9166.699844062328 
5705.0 -5129.299912750721 
7302.0 -6906.899882495403 
12013.0 -10215.599826216698 
15404.0 -11560.599803328514 
10910.0 -9394.199840188026 
15021.0 -11366.699806630611 
11214.0 -9455.099839150906 
11609.0 -9695.199835062027 
8735.0 -8027.199863433838 
16045.0 -11686.599801182747 
13685.0 -10823.89981585741 
9162.0 -8043.2998631596565 
16942.0 -11716.699800670147 
16472.0 -11702.699800908566 
8094.0 -7901.199865579605 
9541.0 -8950.099847733974 
10182.0 -9076.099845588207 
16942.0 -11716.699800670147 
12357.0 -10443.099822342396 
13044.0 -10697.899818003178 
14717.0 -11305.799807667732 
14665.0 -11195.899809539318 
15352.0 -11450.6998052001 
10618.0 -9276.599842190742 
14425.0 -11188.199809670448 
12305.0 -10333.199824213982 
10858.0 -9284.299842059612 
11545.0 -9539.099837720394 
12065.0 -10325.499824345112 
15112.0 -11442.99980533123 
12752.0 -10580.299820005894 
11305.0 -9531.399837851524 
4684.0 -4383.499925434589 
7693.0 -6988.0998811125755 
16472.0 -11702.699800908566 
10182.0 -9076.099845588207 
7042.0 -6807.499884188175 
3313.0 -4027.5999314785004 
13381.0 -10762.999816894531 
3280.0 -4023.399931550026 
5029.0 -5056.199913978577 
8431.0 -7966.299864470959 
15708.0 -11621.499802291393 
9878.0 -9015.199846625328 
8398.0 -7962.099864542484 
5062.0 -5060.399913907051 
6232.0 -6050.4998970627785 
15741.0 -11625.699802219868 
5366.0 -5121.29991286993 
14373.0 -11078.299811542034 
12661.0 -10503.999821305275 
14373.0 -11078.299811542034 
12992.0 -10587.999819874763 
8094.0 -7901.199865579605 
9541.0 -8950.099847733974 
5740.0 -5345.599909067154 
7194.0 -6864.19988322258 
3617.0 -4088.4999304413795 
13685.0 -10823.89981585741 
8735.0 -8027.199863433838 
16045.0 -11686.599801182747 
2081.0 -3061.2999479174614 
5366.0 -5121.29991286993 
13348.0 -10758.799816966057 
9845.0 -9010.999846696854 
6265.0 -6054.699896991253 
5792.0 -5455.499907195568 
11597.0 -9648.999835848808 
106.0 -1031.3999824523926 
11901.0 -9812.799833059311 
14112.0 -10839.999815583229 
12013.0 -10215.599826216698 
