191997.0 -132017.09775406122 
72916.0 -40877.39930462837 
83696.0 -61471.09895426035 
184065.0 -131084.6977699399 
84747.0 -64419.69890409708 
82577.0 -59207.39899277687 
80764.0 -58226.09900945425 
180285.0 -129814.89779156446 
73363.0 -44918.299235880375 
90377.0 -68682.09883159399 
188863.0 -131994.6977544427 
186809.0 -131318.4977659583 
160848.0 -121136.29793924093 
88557.0 -66921.69886153936 
109490.0 -85092.39855241776 
78577.0 -53231.79909443855 
105253.0 -82083.59860360622 
75663.0 -48214.799179792404 
159434.0 -119997.79795861244 
110856.0 -86145.19853448868 
119233.0 -92401.39842808247 
86237.0 -65308.29888898134 
150304.0 -114374.99805426598 
106730.0 -83181.49858492613 
107969.0 -84030.19857048988 
148841.0 -113252.5980733633 
112429.0 -86996.99852001667 
76170.0 -50283.19914460182 
120871.0 -93240.9984138012 
122005.0 -94156.19839823246 
117187.0 -90245.19846475124 
167426.0 -124601.49788028002 
162748.0 -121988.89792472124 
141243.0 -107622.09816914797 
128230.0 -98129.89833062887 
91232.0 -70210.09880560637 
80248.0 -55577.699054539204 
118191.0 -91144.29844945669 
155569.0 -117583.29799968004 
92338.0 -70965.6987927556 
154303.0 -116693.9980148077 
137641.0 -105192.19821047783 
139581.0 -106914.39818120003 
79919.0 -55148.29906183481 
143314.0 -109605.79813539982 
171860.0 -126511.69784778357 
101656.0 -79356.19865000248 
113767.0 -87875.09850507975 
103853.0 -81159.99861931801 
151761.0 -115093.49804204702 
142239.0 -108694.79815089703 
157961.0 -119181.29797250032 
153102.0 -115826.69802957773 
144776.0 -110362.09812253714 
166225.0 -123815.79789364338 
76751.0 -51296.39912736416 
103069.0 -80160.09863632917 
169092.0 -125465.59786558151 
156630.0 -118588.09798258543 
87815.0 -66199.69887381792 
95654.0 -73693.4987463355 
136192.0 -104224.79822695255 
97402.0 -75359.39871799946 
78125.0 -52280.89911061525 
133610.0 -101918.39826619625 
115114.0 -89629.89847522974 
124923.0 -96316.99836146832 
172930.0 -127466.09783154726 
94269.0 -72663.7987638712 
138335.0 -106222.49819296598 
93646.0 -72013.19877493382 
170411.0 -125788.29786008596 
179224.0 -129426.09779816866 
129398.0 -99241.09831172228 
174181.0 -128005.4978223443 
145306.0 -111600.69810146093 
175722.0 -128455.19781470299 
100985.0 -78159.59867036343 
131921.0 -100251.4982945323 
96525.0 -74316.49873572588 
134295.0 -102952.29824858904 
132278.0 -101191.19827854633 
165112.0 -122854.3979099989 
130317.0 -99676.0983043313 
147391.0 -112590.79808461666 
73615.0 -45681.59922289848 
100335.0 -77284.29868525267 
114603.0 -88928.19848716259 
127372.0 -96993.49834996462 
98269.0 -76347.69870120287 
135492.0 -103460.09823995829 
123970.0 -94738.89838832617 
163906.0 -122639.1979136467 
146500.0 -112137.19809234142 
126198.0 -96912.99835133553 
99271.0 -76682.29869550467 
74194.0 -47080.49919909239 
124167.0 -95192.4983806014 
74792.0 -47155.39919781685 
177598.0 -128714.89781028032 
