196514.0 -132080.79775297642 
75220.0 -43605.79925823212 
172373.0 -126565.29784685373 
174998.0 -127974.69782286882 
80962.0 -55070.4990631938 
91321.0 -67360.89885407686 
92142.0 -68881.19882822037 
82296.0 -57899.799015045166 
77071.0 -45862.499219834805 
89767.0 -65981.19887757301 
147158.0 -112081.1980932951 
77478.0 -47768.09918743372 
138357.0 -105186.19821059704 
189312.0 -131560.69776183367 
131687.0 -100974.59828221798 
79147.0 -50253.39914512634 
136660.0 -104375.99822437763 
119237.0 -92679.29842334986 
117871.0 -91722.09843963385 
170708.0 -125552.0978640914 
145544.0 -111004.69811159372 
108413.0 -83400.19858121872 
180384.0 -129756.09779256582 
155165.0 -117150.69800704718 
153680.0 -116276.49802190065 
187169.0 -131113.39776945114 
93814.0 -70153.39880657196 
80712.0 -51814.99911856651 
156589.0 -118029.89799207449 
127937.0 -98387.79832625389 
103240.0 -79984.39863932133 
81573.0 -55983.29904764891 
178549.0 -129014.49780517817 
120669.0 -93663.09840661287 
149391.0 -114086.29805916548 
139616.0 -106348.1981908083 
135611.0 -103181.89824467897 
113580.0 -87677.69850844145 
106806.0 -82696.39859318733 
78308.0 -49096.99916481972 
86854.0 -61647.69895130396 
85301.0 -60930.99896347523 
102560.0 -78536.49866396189 
130549.0 -99893.49830061197 
100219.0 -76955.99869084358 
148538.0 -112964.59807825089 
177580.0 -128007.59782230854 
126303.0 -97425.3983426094 
75541.0 -44888.09923642874 
116669.0 -90633.29845815897 
114731.0 -88941.79848694801 
96196.0 -73316.89875274897 
157897.0 -119003.8979755044 
144350.0 -110225.99812483788 
95324.0 -72237.8987711072 
109506.0 -84617.09856051207 
169103.0 -125031.99787294865 
105349.0 -80312.99863374233 
105582.0 -81731.49860960245 
141401.0 -108370.69815641642 
121971.0 -94476.0983927846 
128883.0 -99381.39830935001 
84314.0 -58299.79900825024 
151235.0 -114783.398047328 
160662.0 -120333.09795290232 
87588.0 -62957.69892901182 
165309.0 -123065.79790639877 
84678.0 -59569.89898663759 
158999.0 -119835.79796135426 
98636.0 -76043.59870636463 
140517.0 -107356.798173666 
101376.0 -77682.1986784935 
133118.0 -102086.39826333523 
152520.0 -115211.49804002047 
96908.0 -74653.79873001575 
184851.0 -130948.89777225256 
161773.0 -121185.69793838263 
94488.0 -71020.29879182577 
125057.0 -96878.69835191965 
191717.0 -131903.6977559924 
112462.0 -86860.49852234125 
115026.0 -90203.49846547842 
89503.0 -64452.0989035964 
182184.0 -130250.99778413773 
168103.0 -123990.79789066315 
123889.0 -96047.49836605787 
123274.0 -95186.89838069677 
166508.0 -123918.697891891 
111292.0 -86233.2985330224 
163839.0 -122510.69791585207 
110200.0 -85568.69854432344 
134300.0 -102353.49825876951 
88341.0 -63923.99891257286 
193053.0 -131950.5977551937 
162971.0 -121844.2979272008 
80500.0 -51557.699122965336 
195470.0 -132031.0977538228 
98389.0 -74953.3987249136 
183753.0 -130379.79778194427 
143683.0 -108802.5981490612 
