76916.0 -42418.69927841425 
195247.0 -131677.59775984287 
80720.0 -51804.899118721485 
79912.0 -47959.29918414354 
85279.0 -60555.798969864845 
78235.0 -46902.999202132225 
81153.0 -53888.299083292484 
97009.0 -73983.59874141216 
135850.0 -103826.19823372364 
86699.0 -63544.69891899824 
89073.0 -65588.19888424873 
133556.0 -102835.39825057983 
92427.0 -70370.09880286455 
84111.0 -59384.7989897728 
107464.0 -83703.29857605696 
100670.0 -77841.79867577553 
102562.0 -78504.99866449833 
136860.0 -105298.59820866585 
98792.0 -75876.29870921373 
109173.0 -84902.69855564833 
192675.0 -131442.3977638483 
128565.0 -98983.49831610918 
143305.0 -109257.29814130068 
127331.0 -97928.99833405018 
157425.0 -117672.89799815416 
130236.0 -99753.09830302 
94015.0 -71605.7987818718 
144373.0 -110378.59812223911 
87537.0 -63689.89891654253 
77923.0 -44256.79924714565 
120562.0 -92301.99842977524 
90369.0 -66242.69887310266 
103970.0 -79699.49864417315 
145712.0 -111282.2981068492 
132702.0 -101583.49827188253 
131587.0 -100622.09828823805 
147391.0 -111840.79809737206 
138675.0 -106025.89819628 
115863.0 -89474.19847786427 
166671.0 -123393.6979008317 
81668.0 -56271.299042761326 
105245.0 -80221.99863529205 
92074.0 -68456.69883543253 
153313.0 -115742.39803099632 
113380.0 -86638.99852609634 
91698.0 -67354.59885418415 
190232.0 -131275.7977666855 
141564.0 -108514.19815397263 
151604.0 -115194.69804030657 
163903.0 -122187.6979213357 
176818.0 -127747.49782675505 
99373.0 -76525.89869815111 
185159.0 -130445.59778082371 
150556.0 -114422.99805343151 
155278.0 -116947.0980104804 
139272.0 -107148.5981771946 
160299.0 -120311.09795325994 
164955.0 -122806.09791082144 
126067.0 -96912.29835134745 
117535.0 -90280.1984641552 
106455.0 -81419.99861490726 
158398.0 -118547.897983253 
187320.0 -130543.59777915478 
148458.0 -112883.39807963371 
173338.0 -126108.89785462618 
95662.0 -73099.89875644445 
159431.0 -119392.39796888828 
122733.0 -92673.3984234333 
168802.0 -124823.39787650108 
111734.0 -86014.59853672981 
82877.0 -57934.4990144372 
149506.0 -113456.69806987047 
114081.0 -87784.49850660563 
119915.0 -91033.99845135212 
180875.0 -129450.89779776335 
141133.0 -107484.59817147255 
179553.0 -128621.09781187773 
107181.0 -82003.79860496521 
110693.0 -85526.6985450387 
168661.0 -123662.49789625406 
115073.0 -88473.99849486351 
123756.0 -94586.29839092493 
183487.0 -130069.69778722525 
178209.0 -128381.69781595469 
188842.0 -130897.09777313471 
162441.0 -121307.49793630838 
170393.0 -125504.79786491394 
124767.0 -95287.69837898016 
174814.0 -127557.4978299737 
94151.0 -72939.9987591505 
154197.0 -116788.19801318645 
122927.0 -93714.5984057188 
161611.0 -121053.39794063568 
125232.0 -96245.89836269617 
77540.0 -43650.999257445335 
182218.0 -129711.29779332876 
174749.0 -126568.09784680605 
118648.0 -90637.19845807552 
171331.0 -125942.99785745144 
81966.0 -56917.79903173447 
