196793.0 -132248.09775012732 
77757.0 -53824.59908437729 
79564.0 -58546.49900406599 
117639.0 -91681.49844032526 
115214.0 -89971.49846941233 
181018.0 -129861.79779076576 
80008.0 -60594.298969209194 
189754.0 -131818.99775743484 
193214.0 -131910.6977558732 
162054.0 -120687.9979468584 
159837.0 -120096.89795690775 
183259.0 -131014.69777113199 
78901.0 -56140.7990449667 
89186.0 -68116.4988412261 
100918.0 -79111.89865416288 
168962.0 -124496.19788205624 
172095.0 -125911.49785798788 
122678.0 -94918.49838525057 
101881.0 -80584.99862909317 
167315.0 -123602.69789725542 
140780.0 -107851.6981652379 
89951.0 -69774.69881302118 
108750.0 -84998.89855402708 
170204.0 -125473.69786542654 
178767.0 -129417.99779832363 
162991.0 -122018.29792422056 
118770.0 -92444.79842734337 
85412.0 -65005.498894155025 
143483.0 -109418.19813859463 
175832.0 -128013.19782221317 
109976.0 -86018.39853668213 
111511.0 -87801.9985063076 
142311.0 -108621.9981521368 
177466.0 -128748.49780970812 
149436.0 -113414.99807059765 
150408.0 -114351.89805465937 
98629.0 -77460.69868224859 
102959.0 -81322.39861655235 
187353.0 -131590.79776132107 
148357.0 -112380.49808818102 
83399.0 -64067.49891012907 
81481.0 -61586.49895232916 
144564.0 -110533.59811961651 
124066.0 -96180.89836376905 
99020.0 -78654.79866194725 
156861.0 -117966.49799317122 
113652.0 -88473.1984949112 
131486.0 -100938.19828283787 
97055.0 -76691.09869533777 
128342.0 -98720.69832056761 
133739.0 -102512.69825607538 
78576.0 -55301.49905925989 
134707.0 -103498.59823930264 
132937.0 -101587.69827181101 
135977.0 -104107.89822894335 
104706.0 -81950.99860584736 
173171.0 -127278.19783473015 
146927.0 -111888.39809656143 
139849.0 -106713.19818460941 
105393.0 -82752.39859223366 
165857.0 -122990.19790768623 
126260.0 -97216.09834617376 
145857.0 -111015.89811140299 
126965.0 -98184.49832969904 
164549.0 -122487.59791624546 
82244.0 -62286.49894040823 
86898.0 -67954.79884397984 
122128.0 -93708.59840583801 
137124.0 -104953.09821456671 
91919.0 -72535.69876605272 
111286.0 -86681.59852540493 
86743.0 -66895.39886200428 
129844.0 -99366.39830958843 
86484.0 -65436.998886823654 
106721.0 -83610.89857763052 
151966.0 -115043.49804288149 
95823.0 -76208.79870355129 
107598.0 -84059.19857001305 
154487.0 -116890.69801145792 
195498.0 -132108.0977525115 
91362.0 -71344.6987863183 
94702.0 -75508.4987154603 
131302.0 -99550.09830647707 
155368.0 -117505.29800099134 
83089.0 -63361.598922133446 
114589.0 -88912.09848743677 
90535.0 -70757.09879630804 
174204.0 -127542.09783023596 
125112.0 -96475.89835876226 
153128.0 -116259.2980222106 
92678.0 -73275.5987534523 
158288.0 -119179.59797251225 
93201.0 -74162.7987383604 
139136.0 -105931.99819791317 
94316.0 -74544.99873185158 
137957.0 -105617.39820325375 
120651.0 -93102.09841614962 
158169.0 -118801.59797894955 
153080.0 -115337.09803789854 
185388.0 -131490.69776302576 
