196522.0 -132393.69774764776 
87344.0 -57453.59902262688 
168929.0 -125330.19786787033 
139769.0 -106909.19818127155 
172303.0 -126710.89784437418 
91721.0 -62542.99893605709 
185575.0 -131311.49776607752 
167373.0 -123979.99789083004 
173976.0 -127518.29783064127 
170468.0 -126039.29785579443 
138046.0 -105976.49819713831 
179388.0 -129073.59780418873 
129395.0 -99201.59831237793 
146641.0 -111672.49810022116 
107349.0 -80321.39863359928 
176895.0 -128716.99781024456 
133135.0 -101887.29826670885 
183483.0 -131006.99777126312 
130637.0 -100193.39829552174 
140978.0 -108021.79816234112 
125999.0 -96756.19835400581 
98359.0 -69202.0988227725 
131531.0 -101188.39827859402 
99168.0 -71928.09877640009 
145560.0 -110629.8981179595 
96197.0 -68833.89882904291 
88762.0 -58008.9990131855 
88911.0 -59683.2989847064 
99036.0 -70305.19880402088 
91213.0 -60617.3989688158 
188070.0 -131647.49776035547 
136079.0 -104097.09822911024 
136995.0 -105161.39821100235 
175533.0 -128195.19781911373 
117561.0 -89750.99847316742 
181991.0 -130297.19778335094 
94327.0 -65530.39888525009 
93791.0 -64195.19890797138 
100391.0 -72758.59876227379 
190881.0 -131998.89775437117 
128384.0 -98172.29832988977 
94987.0 -66554.7988678217 
95971.0 -67523.89885133505 
124725.0 -95842.3983695507 
113606.0 -86601.498526752 
92566.0 -63562.79891872406 
106237.0 -79180.79865300655 
127459.0 -97395.99834311008 
110748.0 -83592.39857792854 
104267.0 -77705.29867810011 
180339.0 -129972.39778888226 
164845.0 -122929.69790869951 
108485.0 -81181.69861894846 
116420.0 -88896.69848769903 
142330.0 -108600.69815248251 
160356.0 -120321.29795306921 
161873.0 -120744.39794588089 
122733.0 -93795.39840435982 
116161.0 -87742.09850734472 
114542.0 -87283.99851512909 
149994.0 -113805.59806394577 
152979.0 -115710.59803152084 
105585.0 -78472.09866505861 
144165.0 -110015.69812840223 
154602.0 -117379.99800312519 
166458.0 -123273.39790284634 
153663.0 -116676.1980150938 
151638.0 -115214.29803997278 
157999.0 -119193.2979722619 
163582.0 -122247.8979203105 
158973.0 -119799.09796196222 
148170.0 -112390.9980880022 
102157.0 -75267.99871957302 
156829.0 -118512.19798386097 
118614.0 -90590.59845888615 
162757.0 -121606.39793121815 
143101.0 -109522.19813680649 
112717.0 -85431.49854665995 
148718.0 -112989.09807783365 
133940.0 -103053.09824687243 
155897.0 -117932.29799371958 
109953.0 -82660.29859381914 
122092.0 -92944.59841883183 
120776.0 -92546.99842560291 
103197.0 -75959.19870781898 
150881.0 -114379.59805417061 
193873.0 -132044.3977535963 
89793.0 -60586.99896931648 
134938.0 -103316.29824239016 
109175.0 -82043.29860430956 
103822.0 -76670.39869570732 
101274.0 -73654.19874703884 
119786.0 -91938.6984359622 
111374.0 -84714.39855885506 
189567.0 -131838.59775710106 
101890.0 -74148.79873859882 
194333.0 -132148.6977518201 
118910.0 -91502.29844337702 
123759.0 -94706.39838886261 
124367.0 -94769.39838778973 
