80450.0 -53486.19909012318 
190761.0 -131436.79776394367 
82008.0 -53582.39908850193 
94441.0 -70549.59879982471 
187067.0 -131153.99776875973 
115131.0 -89552.59847652912 
82016.0 -56536.69903820753 
138750.0 -106155.69819408655 
134849.0 -103722.59823548794 
105505.0 -81132.398619771 
97976.0 -73392.4987514615 
111854.0 -86752.69852417707 
116833.0 -90401.99846208096 
91316.0 -66586.39886724949 
107004.0 -82366.09859877825 
100907.0 -76556.69869762659 
119595.0 -92798.2984213233 
139920.0 -107296.99817466736 
98791.0 -74729.79872870445 
164990.0 -123278.59790277481 
140923.0 -108198.19815933704 
123597.0 -95275.4983791709 
95792.0 -72119.59877312183 
158077.0 -119538.69796639681 
111027.0 -85481.89854580164 
143381.0 -109882.99813067913 
89905.0 -65266.99888968468 
163411.0 -122454.39791679382 
104755.0 -80185.69863587618 
156726.0 -118844.99797821045 
149782.0 -113918.2980620265 
141916.0 -109420.69813853502 
86574.0 -61777.298949062824 
153121.0 -116257.59802222252 
120545.0 -94092.89839929342 
154289.0 -117246.29800540209 
122317.0 -94237.79839682579 
99855.0 -75631.69871336222 
127003.0 -97396.39834308624 
155426.0 -117971.79799306393 
85542.0 -59621.0989857316 
136538.0 -104653.5982196331 
131070.0 -100427.5982915163 
185056.0 -130813.7977745533 
87842.0 -62694.59893345833 
167713.0 -124376.49788409472 
169254.0 -125160.09787076712 
103325.0 -79223.59865224361 
113860.0 -88554.79849350452 
134033.0 -102625.09825414419 
113267.0 -87615.09850949049 
84238.0 -58530.89900428057 
152049.0 -115458.59803581238 
124437.0 -96262.7983623743 
150594.0 -114871.29804581404 
159414.0 -120443.39795100689 
144606.0 -110984.39811193943 
102220.0 -77595.09867995977 
182957.0 -130773.19777524471 
137030.0 -105493.89820533991 
129595.0 -99824.19830179214 
107602.0 -83288.59858310223 
166351.0 -123933.39789164066 
108920.0 -84044.19857025146 
181818.0 -130023.1977880001 
177563.0 -128796.79780888557 
126055.0 -96699.19835495949 
109362.0 -85043.79855322838 
189946.0 -131326.89776581526 
88309.0 -63834.49891406298 
85668.0 -60838.29896503687 
128295.0 -98438.29832535982 
146661.0 -112001.09809464216 
178735.0 -129464.89779752493 
96788.0 -72400.6987683177 
171310.0 -126502.9978479147 
170488.0 -125679.49786192179 
173765.0 -127276.79783475399 
175126.0 -127995.6978225112 
118387.0 -91996.49843496084 
132323.0 -101196.79827845097 
180126.0 -129813.19779157639 
117908.0 -91249.29844766855 
132897.0 -101877.49826687574 
148572.0 -112866.59807991982 
83284.0 -58035.599012732506 
92177.0 -68236.59883916378 
89089.0 -64705.29889923334 
175982.0 -128462.89781457186 
172769.0 -126880.29784148932 
145872.0 -111226.59810781479 
162402.0 -121652.59793043137 
93092.0 -69248.39882194996 
102707.0 -78373.09866672754 
82508.0 -57156.49902766943 
161198.0 -120461.59795069695 
129331.0 -98612.19832241535 
91741.0 -67614.29884976149 
93411.0 -69775.79881298542 
147672.0 -112794.49808114767 
