194312.0 -132228.4977504611 
82018.0 -59199.99899291992 
105451.0 -83509.39857935905 
107913.0 -84768.99855792522 
188213.0 -131031.49777084589 
189445.0 -131753.1977585554 
84576.0 -60397.298972547054 
193064.0 -131867.99775660038 
128186.0 -98709.79832077026 
91418.0 -70018.69880884886 
104503.0 -82341.49859923124 
129481.0 -99564.09830623865 
86757.0 -65638.69888335466 
162102.0 -121313.7979362011 
184159.0 -131003.49777132273 
131125.0 -100394.59829211235 
115168.0 -89129.09848374128 
86722.0 -63106.798926472664 
116435.0 -90474.39846086502 
131797.0 -101502.29827326536 
163711.0 -122305.29791933298 
136439.0 -104837.29821652174 
86228.0 -61436.39895486832 
89844.0 -68937.59882724285 
88513.0 -66990.29886037111 
174309.0 -127565.19782984257 
96899.0 -74755.69872826338 
102177.0 -79249.09865182638 
135177.0 -103875.89823287725 
120460.0 -92085.39843344688 
134200.0 -101768.29826873541 
172598.0 -126991.59783959389 
178607.0 -129270.6978008151 
153297.0 -116724.79801428318 
112267.0 -87748.39850723743 
175096.0 -128569.99781274796 
157399.0 -118524.39798367023 
152091.0 -115878.19802868366 
103377.0 -81241.19861793518 
111090.0 -86700.89852505922 
118763.0 -91224.39844810963 
147833.0 -112211.3980910778 
179739.0 -130277.59778368473 
100616.0 -78642.19866216183 
158407.0 -119297.49797052145 
95206.0 -74084.7987396717 
171126.0 -126470.09784847498 
93318.0 -72371.5987688303 
177180.0 -128794.69780892134 
155932.0 -117830.69799548388 
159650.0 -120056.59795761108 
166184.0 -124512.29788178205 
94115.0 -73573.0987483859 
141667.0 -108094.19816112518 
83159.0 -59765.19898331165 
160894.0 -120639.69794768095 
138220.0 -106418.49818962812 
155065.0 -117081.39800822735 
89665.0 -67914.29884463549 
108704.0 -85820.69854003191 
181177.0 -130604.49777811766 
146878.0 -111474.6981036067 
102765.0 -80442.89863151312 
142395.0 -109046.19814491272 
126865.0 -97644.79833889008 
122318.0 -93403.7984110117 
134592.0 -102850.0982503295 
137724.0 -105480.89820557833 
143634.0 -109584.79813575745 
169559.0 -125976.59785687923 
97411.0 -75852.8987095952 
99880.0 -77737.8986775279 
145475.0 -110968.29811221361 
125858.0 -95980.29836720228 
144840.0 -110188.49812549353 
150699.0 -114507.998052001 
165731.0 -123231.69790357351 
121394.0 -92697.19842302799 
124764.0 -95575.69837409258 
149426.0 -113608.19806730747 
87739.0 -65962.0988778472 
167738.0 -124869.29787570238 
149075.0 -113056.99807667732 
110318.0 -85987.99853718281 
140371.0 -106599.09818655252 
123407.0 -94138.79839849472 
183362.0 -130702.49777644873 
140378.0 -107437.99817228317 
92148.0 -71058.4987911582 
123580.0 -94943.59838485718 
125949.0 -97402.59834301472 
168993.0 -125174.0978705287 
99616.0 -76671.0986956954 
150738.0 -115316.79803824425 
117859.0 -90754.39845609665 
98965.0 -76056.59870612621 
164826.0 -122842.49791020155 
92890.0 -71384.99878561497 
114100.0 -87865.29850524664 
86674.0 -62288.19894039631 
