196396.0 -132295.6977493167 
65901.0 -45936.79921853542 
71446.0 -53521.89908951521 
165385.0 -123030.09790700674 
70980.0 -50880.19913446903 
162844.0 -121931.49792569876 
72628.0 -55056.599063396454 
189820.0 -131597.79776120186 
100146.0 -78755.29866021872 
167066.0 -124216.89788681269 
168877.0 -125194.39787018299 
73218.0 -56999.99903035164 
170468.0 -126392.3978497982 
109122.0 -85586.8985440135 
118128.0 -91825.29843789339 
175058.0 -127472.09783142805 
80709.0 -63617.198917746544 
172570.0 -127009.39783930779 
134417.0 -103250.79824352264 
68706.0 -50297.89914435148 
98641.0 -77392.09868341684 
92409.0 -73161.49875539541 
153754.0 -116040.19802594185 
81847.0 -64904.39889585972 
90040.0 -70396.99880242348 
76988.0 -61130.19896006584 
101763.0 -79859.49864143133 
107379.0 -84351.7985650301 
120172.0 -92618.39842438698 
116434.0 -90901.39845359325 
88172.0 -69573.09881645441 
180464.0 -130323.09778290987 
136187.0 -104476.79822266102 
183322.0 -130565.29777878523 
186477.0 -131296.79776632786 
75575.0 -60178.59897625446 
83720.0 -67269.1988556385 
156112.0 -118100.8979908824 
155015.0 -117256.39800524712 
83225.0 -65921.09887856245 
94436.0 -74369.29873484373 
103005.0 -80792.4986255765 
152133.0 -115153.69804102182 
157991.0 -118933.49797672033 
121374.0 -93540.59840869904 
111400.0 -87521.59851109982 
113135.0 -88328.29849737883 
104766.0 -81451.1986143589 
122645.0 -94538.39839172363 
85997.0 -67742.79884755611 
110609.0 -86453.09852927923 
133074.0 -102437.09825736284 
180142.0 -128881.79780745506 
161234.0 -121119.8979395032 
68647.0 -48358.299177348614 
123710.0 -95504.69837528467 
150320.0 -113250.49807339907 
141969.0 -108531.29815369844 
87604.0 -68204.39883971214 
115140.0 -89949.79846978188 
129936.0 -99854.59830129147 
98047.0 -76080.69870573282 
125069.0 -96276.39836215973 
105034.0 -82976.69858843088 
148393.0 -112681.09808307886 
151099.0 -114221.69805687666 
138649.0 -105924.99819803238 
137311.0 -105112.69821184874 
96422.0 -75720.59871184826 
176331.0 -128693.19781064987 
146169.0 -111497.09810322523 
193053.0 -131956.19775509834 
73713.0 -58708.29900127649 
114329.0 -89126.29848378897 
143188.0 -109335.5981400013 
106835.0 -83198.59858465195 
130951.0 -100975.19828224182 
78489.0 -62973.89892870188 
132196.0 -101279.69827705622 
67372.0 -46670.69920605421 
140611.0 -107742.09816712141 
160042.0 -120387.69795197248 
78348.0 -62279.8989405036 
91000.0 -71657.69878095388 
185095.0 -131008.39777123928 
126670.0 -96682.69835525751 
159471.0 -119436.0979681611 
145773.0 -110170.99812579155 
128947.0 -99133.99831354618 
177568.0 -128837.39780819416 
74816.0 -58897.29899805784 
95558.0 -74672.39872968197 
147098.0 -112275.098089993 
127929.0 -97200.69834643602 
127950.0 -98442.79832530022 
144077.0 -110073.69812744856 
68162.0 -47307.29919523001 
192951.0 -131607.59776103497 
91572.0 -72211.29877156019 
139472.0 -106780.69818347692 
