86834.0 -55392.19905769825 
190947.0 -131895.99775612354 
155573.0 -117454.4980018735 
153626.0 -116497.99801814556 
110454.0 -83428.19858074188 
111766.0 -84542.1985617876 
109702.0 -82109.79860317707 
96869.0 -69740.39881360531 
106021.0 -79281.59865128994 
126808.0 -97109.29834800959 
88096.0 -57433.99902296066 
188426.0 -131686.6977596879 
133202.0 -101912.79826629162 
167091.0 -124487.09788221121 
179402.0 -130110.29778653383 
168662.0 -125045.99787271023 
107286.0 -80451.59863138199 
141717.0 -108193.29815942049 
95745.0 -68570.39883351326 
115472.0 -88522.89849406481 
165722.0 -123567.69789785147 
114438.0 -87415.89851289988 
156875.0 -118401.8979857564 
107991.0 -81419.99861490726 
116943.0 -89083.19848453999 
184903.0 -131053.19777047634 
135472.0 -103522.79823887348 
144977.0 -110693.89811688662 
130039.0 -99354.79830980301 
134396.0 -102734.59825229645 
124042.0 -95142.79838144779 
140547.0 -107393.89817303419 
181381.0 -130403.59778153896 
161263.0 -121311.99793624878 
151170.0 -115141.0980412364 
183009.0 -130714.39777624607 
112840.0 -85613.4985435605 
143359.0 -108906.89814728498 
187009.0 -131144.19776892662 
131521.0 -101203.3982783556 
89249.0 -58264.49900883436 
136698.0 -104364.79822456837 
178141.0 -129151.69780284166 
152034.0 -115889.39802849293 
157504.0 -119473.89796751738 
174313.0 -127901.8978241086 
92327.0 -64053.89891034365 
149853.0 -114248.99805641174 
94074.0 -66791.39886379242 
139302.0 -106701.99818480015 
117543.0 -90382.69846242666 
98146.0 -70580.69879931211 
162491.0 -121941.29792553186 
105530.0 -77983.1986733675 
121008.0 -93205.29841440916 
159683.0 -120753.79794573784 
127964.0 -98150.49833029509 
95152.0 -67457.7988524437 
113598.0 -86428.59852969646 
143833.0 -109862.69813102484 
87913.0 -55533.59905529022 
146497.0 -111213.59810805321 
119875.0 -92364.99842870235 
148440.0 -112663.59808337688 
131017.0 -100310.59829354286 
100949.0 -74624.39873051643 
122063.0 -93801.99840426445 
159368.0 -119683.8979639411 
147009.0 -112154.39809203148 
170463.0 -125600.39786326885 
138580.0 -105753.19820094109 
89695.0 -59456.19898855686 
123928.0 -93947.5984017849 
90649.0 -61267.2989577651 
175953.0 -128240.29781836271 
137587.0 -105152.59821116924 
172619.0 -127584.0978295207 
101802.0 -75527.69871515036 
128540.0 -98845.19831848145 
91123.0 -62473.39893722534 
149079.0 -113578.09806782007 
103299.0 -75638.29871326685 
104359.0 -77448.79868245125 
172071.0 -126785.09784311056 
103334.0 -77005.6986899972 
99188.0 -72357.59876906872 
98273.0 -71783.99877882004 
176731.0 -128906.69780701399 
90379.0 -60229.998975396156 
91641.0 -63204.798924803734 
164811.0 -122685.69791287184 
163802.0 -122514.89791578054 
118286.0 -91178.19844889641 
92727.0 -65512.598885536194 
170923.0 -126239.79785239697 
119455.0 -91397.99844515324 
93282.0 -65733.79888176918 
100559.0 -73507.89874953032 
125591.0 -95996.79836690426 
99412.0 -73498.49874967337 
