191890.0 -131975.79775476456 
191890.0 -131975.79775476456 
77856.0 -43380.799262046814 
81229.0 -51276.39912772179 
88718.0 -61951.498946130276 
80149.0 -47556.09919101 
81617.0 -53787.899084985256 
79383.0 -45357.49922841787 
80747.0 -49303.59916126728 
94832.0 -70859.29879456758 
180760.0 -130236.99778437614 
150585.0 -113464.69806975126 
148226.0 -113052.39807677269 
163701.0 -122393.49791783094 
153700.0 -116812.29801279306 
171079.0 -126071.79785525799 
85652.0 -57829.79901623726 
141823.0 -108925.09814697504 
161773.0 -121566.79793190956 
86866.0 -60554.098969876766 
93188.0 -68477.99883508682 
147231.0 -111815.59809780121 
92587.0 -66712.69886511564 
165131.0 -123210.69790393114 
100367.0 -75425.89871686697 
96503.0 -72154.59877252579 
89911.0 -63250.99892401695 
154975.0 -117935.39799368382 
140549.0 -107962.99816334248 
106244.0 -80185.9986358881 
92159.0 -65258.89888983965 
167127.0 -123678.99789595604 
117716.0 -88999.59848594666 
118388.0 -90727.79845654964 
90810.0 -64252.298906981945 
128125.0 -97930.39833402634 
126389.0 -97235.69834583998 
101738.0 -76536.3986979723 
152266.0 -115792.09803014994 
187075.0 -130815.19777452946 
169843.0 -125147.4978709817 
107675.0 -80985.69862228632 
103682.0 -78627.49866241217 
86256.0 -59757.19898343086 
93611.0 -69948.29881006479 
143347.0 -109960.29812937975 
156534.0 -118526.49798363447 
84974.0 -56574.79903757572 
137232.0 -105082.29821234941 
151599.0 -114736.89804810286 
158041.0 -119204.09797209501 
102789.0 -77264.2986856103 
168658.0 -124245.59788632393 
138483.0 -106101.79819500446 
83824.0 -55612.69905394316 
105038.0 -79186.09865289927 
189905.0 -131444.49776381254 
82717.0 -54777.299068152905 
112318.0 -85275.39854931831 
160347.0 -120867.19794380665 
139561.0 -106827.2981826663 
120309.0 -92430.79842758179 
159529.0 -119821.79796159267 
145614.0 -111051.59811079502 
136180.0 -104254.59822642803 
132111.0 -100957.39828252792 
174842.0 -127890.69782429934 
113550.0 -86109.39853513241 
125572.0 -96189.59836363792 
134838.0 -103515.39823901653 
176790.0 -128247.59781825542 
133976.0 -102682.7982531786 
99479.0 -74348.99873518944 
116315.0 -88564.89849334955 
109067.0 -81665.69861072302 
119449.0 -91411.99844491482 
173324.0 -126661.49784523249 
132937.0 -101723.19826948643 
98646.0 -73496.09874969721 
78382.0 -44346.399245619774 
109906.0 -82460.49859720469 
184251.0 -130663.99777710438 
129450.0 -98589.39832282066 
183404.0 -130521.19777953625 
179528.0 -129176.89780241251 
123584.0 -94759.59838795662 
122186.0 -94038.29840022326 
121449.0 -93313.09841257334 
114892.0 -87960.09850364923 
97504.0 -72718.79876291752 
130303.0 -100347.39829289913 
111315.0 -84339.89856523275 
124309.0 -95504.69837528467 
110352.0 -83823.99857401848 
114248.0 -87134.49851769209 
144590.0 -110433.4981213212 
188737.0 -130885.89777332544 
130192.0 -99467.19830787182 
174212.0 -126831.5978423357 
178050.0 -128681.29781085253 
