77969.0 -49598.19915628433 
198384.0 -131862.39775669575 
116028.0 -89254.39848160744 
129128.0 -99656.89830464125 
109310.0 -84581.39856112003 
195587.0 -131640.49776047468 
136688.0 -105388.89820712805 
114051.0 -88063.69850188494 
79104.0 -55555.99905490875 
80650.0 -56696.59903550148 
185069.0 -130753.5977755785 
192691.0 -131576.7977615595 
187902.0 -131008.39777123928 
138242.0 -106406.29818981886 
95114.0 -71612.49878174067 
177683.0 -128377.49781602621 
131050.0 -100717.69828659296 
83182.0 -59980.09897965193 
165423.0 -122247.8979203105 
190024.0 -131396.1977646351 
96436.0 -72778.59876191616 
139765.0 -107310.59817445278 
135386.0 -104185.99822759628 
104912.0 -80709.59862697124 
179842.0 -128821.29780846834 
156622.0 -117589.59799957275 
117043.0 -90598.29845875502 
124392.0 -96152.89836424589 
167250.0 -123141.39790511131 
183286.0 -130073.89778715372 
122775.0 -95183.79838073254 
152041.0 -114489.09805232286 
181145.0 -129764.19779241085 
175042.0 -128079.29782110453 
78112.0 -51880.799117445946 
100839.0 -76834.19869291782 
106465.0 -81404.59861516953 
103176.0 -79895.89864081144 
93661.0 -70651.79879808426 
140893.0 -108391.69815605879 
143763.0 -109819.29813176394 
142652.0 -108811.69814890623 
113503.0 -86824.09852296114 
107891.0 -83571.39857828617 
110340.0 -86079.69853562117 
88269.0 -65044.69889348745 
128073.0 -98510.69832414389 
120492.0 -92806.29842120409 
91790.0 -68774.79883003235 
134257.0 -103269.39824318886 
155208.0 -116684.1980149746 
145025.0 -110656.79811751842 
132139.0 -101608.39827144146 
78366.0 -54119.699079334736 
161574.0 -120426.19795131683 
92828.0 -69657.79881501198 
157991.0 -118508.9979839325 
150872.0 -113573.8980678916 
106491.0 -83150.69858545065 
101778.0 -78300.29866796732 
97446.0 -73819.49874418974 
133441.0 -102280.69826000929 
88915.0 -66565.69886761904 
82048.0 -58379.59900689125 
160486.0 -119772.09796243906 
90566.0 -67958.99884390831 
86809.0 -63177.59892523289 
153266.0 -115549.89803427458 
117937.0 -91660.49844068289 
170111.0 -125552.39786410332 
158819.0 -119237.69797152281 
99369.0 -76404.09870022535 
111944.0 -86120.29853492975 
171864.0 -125779.89786022902 
119025.0 -92242.49843078852 
86165.0 -62102.79894351959 
87180.0 -64421.39890408516 
169042.0 -124709.99787843227 
149005.0 -113419.59807050228 
168290.0 -123960.69789117575 
83859.0 -61132.29896003008 
146125.0 -111414.19810461998 
162950.0 -121257.39793717861 
148387.0 -112437.19808721542 
163654.0 -121723.59792923927 
81320.0 -58172.099010407925 
147172.0 -111964.69809526205 
102881.0 -78578.49866324663 
85284.0 -61330.69895666838 
98851.0 -75259.59871971607 
154486.0 -115820.0980296731 
127836.0 -97232.4983459115 
126091.0 -96596.99835669994 
78268.0 -52955.29909914732 
97715.0 -75037.39872348309 
121405.0 -93884.29840284586 
173226.0 -126327.29785090685 
90362.0 -66709.19886517525 
122291.0 -93936.79840195179 
174439.0 -126995.3978395462 
